+3.1415926535897933e-03 +1.5707962863834707e-03 
+9.4247779607693795e-03 +4.7123878902826533e-03 
+1.5707963267948967e-02 +7.8539765874079317e-03 
+2.1991148575128554e-02 +1.0995560439720930e-02 
+2.8274333882308138e-02 +1.4137137509443957e-02 
+3.4557519189487726e-02 +1.7278705858662292e-02 
+4.0840704496667310e-02 +2.0420263549509220e-02 
+4.7123889803846901e-02 +2.3561808644107216e-02 
+5.3407075111026485e-02 +2.6703339204599125e-02 
+5.9690260418206076e-02 +2.9844853293143517e-02 
+6.5973445725385660e-02 +3.2986348971871152e-02 
+7.2256631032565244e-02 +3.6127824302961499e-02 
+7.8539816339744828e-02 +3.9269277348602333e-02 
+8.4823001646924426e-02 +4.2410706170966497e-02 
+9.1106186954104010e-02 +4.5552108832285131e-02 
+9.7389372261283594e-02 +4.8693483394773217e-02 
+1.0367255756846318e-01 +5.1834827920675786e-02 
+1.0995574287564276e-01 +5.4976140472257129e-02 
+1.1623892818282235e-01 +5.8117419111785258e-02 
+1.2252211349000194e-01 +6.1258661901571289e-02 
+1.2880529879718153e-01 +6.4399866903934636e-02 
+1.3508848410436111e-01 +6.7541032181223398e-02 
+1.4137166941154070e-01 +7.0682155795816215e-02 
+1.4765485471872028e-01 +7.3823235810099044e-02 
+1.5393804002589986e-01 +7.6964270286499131e-02 
+1.6022122533307945e-01 +8.0105257287477194e-02 
+1.6650441064025903e-01 +8.3246194875504984e-02 
+1.7278759594743864e-01 +8.6387081113093511e-02 
+1.7907078125461823e-01 +8.9527914062795075e-02 
+1.8535396656179781e-01 +9.2668691787175822e-02 
+1.9163715186897740e-01 +9.5809412348858036e-02 
+1.9792033717615698e-01 +9.8950073810477837e-02 
+2.0420352248333656e-01 +1.0209067423471987e-01 
+2.1048670779051615e-01 +1.0523121168430322e-01 
+2.1676989309769573e-01 +1.0837168422198989e-01 
+2.2305307840487532e-01 +1.1151208991057569e-01 
+2.2933626371205490e-01 +1.1465242681290150e-01 
+2.3561944901923451e-01 +1.1779269299185124e-01 
+2.4190263432641410e-01 +1.2093288651034984e-01 
+2.4818581963359368e-01 +1.2407300543136819e-01 
+2.5446900494077324e-01 +1.2721304781792389e-01 
+2.6075219024795282e-01 +1.3035301173307789e-01 
+2.6703537555513240e-01 +1.3349289523994481e-01 
+2.7331856086231204e-01 +1.3663269640168854e-01 
+2.7960174616949163e-01 +1.3977241328151807e-01 
+2.8588493147667121e-01 +1.4291204394270235e-01 
+2.9216811678385080e-01 +1.4605158644855562e-01 
+2.9845130209103038e-01 +1.4919103886245400e-01 
+3.0473448739820996e-01 +1.5233039924782371e-01 
+3.1101767270538955e-01 +1.5546966566814738e-01 
+3.1730085801256913e-01 +1.5860883618697244e-01 
+3.2358404331974872e-01 +1.6174790886789894e-01 
+3.2986722862692830e-01 +1.6488688177458460e-01 
+3.3615041393410788e-01 +1.6802575297075989e-01 
+3.4243359924128747e-01 +1.7116452052020989e-01 
+3.4871678454846705e-01 +1.7430318248678092e-01 
+3.5499996985564664e-01 +1.7744173693439375e-01 
+3.6128315516282622e-01 +1.8058018192702563e-01 
+3.6756634047000580e-01 +1.8371851552873042e-01 
+3.7384952577718539e-01 +1.8685673580362297e-01 
+3.8013271108436497e-01 +1.8999484081589316e-01 
+3.8641589639154456e-01 +1.9313282862979733e-01 
+3.9269908169872414e-01 +1.9627069730967120e-01 
+3.9898226700590372e-01 +1.9940844491991855e-01 
+4.0526545231308336e-01 +2.0254606952501658e-01 
+4.1154863762026295e-01 +2.0568356918952260e-01 
+4.1783182292744253e-01 +2.0882094197806908e-01 
+4.2411500823462212e-01 +2.1195818595536772e-01 
+4.3039819354180170e-01 +2.1509529918620662e-01 
+4.3668137884898128e-01 +2.1823227973545761e-01 
+4.4296456415616087e-01 +2.2136912566807485e-01 
+4.4924774946334045e-01 +2.2450583504909152e-01 
+4.5553093477052004e-01 +2.2764240594363006e-01 
+4.6181412007769962e-01 +2.3077883641689612e-01 
+4.6809730538487920e-01 +2.3391512453418051e-01 
+4.7438049069205879e-01 +2.3705126836086257e-01 
+4.8066367599923837e-01 +2.4018726596241133e-01 
+4.8694686130641796e-01 +2.4332311540438828e-01 
+4.9323004661359754e-01 +2.4645881475244080e-01 
+4.9951323192077712e-01 +2.4959436207231353e-01 
+5.0579641722795676e-01 +2.5272975542984499e-01 
+5.1207960253513629e-01 +2.5586499289096409e-01 
+5.1836278784231593e-01 +2.5900007252170038e-01 
+5.2464597314949546e-01 +2.6213499238817861e-01 
+5.3092915845667510e-01 +2.6526975055662311e-01 
+5.3721234376385463e-01 +2.6840434509335687e-01 
+5.4349552907103427e-01 +2.7153877406480559e-01 
+5.4977871437821380e-01 +2.7467303553749500e-01 
+5.5606189968539343e-01 +2.7780712757805565e-01 
+5.6234508499257296e-01 +2.8094104825322302e-01 
+5.6862827029975260e-01 +2.8407479562983584e-01 
+5.7491145560693213e-01 +2.8720836777484193e-01 
+5.8119464091411177e-01 +2.9034176275529611e-01 
+5.8747782622129130e-01 +2.9347497863836391e-01 
+5.9376101152847094e-01 +2.9660801349131932e-01 
+6.0004419683565047e-01 +2.9974086538154804e-01 
+6.0632738214283011e-01 +3.0287353237655362e-01 
+6.1261056745000975e-01 +3.0600601254394566e-01 
+6.1889375275718927e-01 +3.0913830395145442e-01 
+6.2517693806436891e-01 +3.1227040466692446e-01 
+6.3146012337154844e-01 +3.1540231275832126e-01 
+6.3774330867872808e-01 +3.1853402629372357e-01 
+6.4402649398590761e-01 +3.2166554334133368e-01 
+6.5030967929308725e-01 +3.2479686196947505e-01 
+6.5659286460026678e-01 +3.2792798024659370e-01 
+6.6287604990744642e-01 +3.3105889624125834e-01 
+6.6915923521462595e-01 +3.3418960802216152e-01 
+6.7544242052180559e-01 +3.3732011365812464e-01 
+6.8172560582898512e-01 +3.4045041121809344e-01 
+6.8800879113616475e-01 +3.4358049877114272e-01 
+6.9429197644334428e-01 +3.4671037438647667e-01 
+7.0057516175052392e-01 +3.4984003613343312e-01 
+7.0685834705770345e-01 +3.5296948208147860e-01 
+7.1314153236488309e-01 +3.5609871030021206e-01 
+7.1942471767206262e-01 +3.5922771885936988e-01 
+7.2570790297924226e-01 +3.6235650582882178e-01 
+7.3199108828642179e-01 +3.6548506927857505e-01 
+7.3827427359360143e-01 +3.6861340727877429e-01 
+7.4455745890078107e-01 +3.7174151789970294e-01 
+7.5084064420796059e-01 +3.7486939921178702e-01 
+7.5712382951514023e-01 +3.7799704928558953e-01 
+7.6340701482231976e-01 +3.8112446619182111e-01 
+7.6969020012949940e-01 +3.8425164800133260e-01 
+7.7597338543667893e-01 +3.8737859278512199e-01 
+7.8225657074385857e-01 +3.9050529861433270e-01 
+7.8853975605103810e-01 +3.9363176356025309e-01 
+7.9482294135821774e-01 +3.9675798569432591e-01 
+8.0110612666539727e-01 +3.9988396308813839e-01 
+8.0738931197257691e-01 +4.0300969381343044e-01 
+8.1367249727975643e-01 +4.0613517594209542e-01 
+8.1995568258693607e-01 +4.0926040754617804e-01 
+8.2623886789411560e-01 +4.1238538669787850e-01 
+8.3252205320129524e-01 +4.1551011146955191e-01 
+8.3880523850847477e-01 +4.1863457993371317e-01 
+8.4508842381565441e-01 +4.2175879016303219e-01 
+8.5137160912283394e-01 +4.2488274023033817e-01 
+8.5765479443001358e-01 +4.2800642820862217e-01 
+8.6393797973719311e-01 +4.3112985217103778e-01 
+8.7022116504437275e-01 +4.3425301019089818e-01 
+8.7650435035155239e-01 +4.3737590034168400e-01 
+8.8278753565873191e-01 +4.4049852069703882e-01 
+8.8907072096591155e-01 +4.4362086933077494e-01 
+8.9535390627309108e-01 +4.4674294431686856e-01 
+9.0163709158027072e-01 +4.4986474372946911e-01 
+9.0792027688745025e-01 +4.5298626564289346e-01 
+9.1420346219462989e-01 +4.5610750813162892e-01 
+9.2048664750180942e-01 +4.5922846927033684e-01 
+9.2676983280898906e-01 +4.6234914713385178e-01 
+9.3305301811616859e-01 +4.6546953979718281e-01 
+9.3933620342334823e-01 +4.6858964533551500e-01 
+9.4561938873052775e-01 +4.7170946182421097e-01 
+9.5190257403770739e-01 +4.7482898733880990e-01 
+9.5818575934488692e-01 +4.7794821995503267e-01 
+9.6446894465206656e-01 +4.8106715774877978e-01 
+9.7075212995924609e-01 +4.8418579879613327e-01 
+9.7703531526642573e-01 +4.8730414117335930e-01 
+9.8331850057360526e-01 +4.9042218295690759e-01 
+9.8960168588078490e-01 +4.9353992222341231e-01 
+9.9588487118796443e-01 +4.9665735704969577e-01 
+1.0021680564951441e+00 +4.9977448551276787e-01 
+1.0084512418023237e+00 +5.0289130568982721e-01 
+1.0147344271095033e+00 +5.0600781565826192e-01 
+1.0210176124166828e+00 +5.0912401349565306e-01 
+1.0273007977238624e+00 +5.1223989727977215e-01 
+1.0335839830310420e+00 +5.1535546508858565e-01 
+1.0398671683382217e+00 +5.1847071500025488e-01 
+1.0461503536454011e+00 +5.2158564509313821e-01 
+1.0524335389525807e+00 +5.2470025344578919e-01 
+1.0587167242597604e+00 +5.2781453813696055e-01 
+1.0649999095669400e+00 +5.3092849724560642e-01 
+1.0712830948741194e+00 +5.3404212885087932e-01 
+1.0775662801812991e+00 +5.3715543103213459e-01 
+1.0838494654884787e+00 +5.4026840186893221e-01 
+1.0901326507956584e+00 +5.4338103944103444e-01 
+1.0964158361028378e+00 +5.4649334182840981e-01 
+1.1026990214100174e+00 +5.4960530711123479e-01 
+1.1089822067171970e+00 +5.5271693336989225e-01 
+1.1152653920243767e+00 +5.5582821868497501e-01 
+1.1215485773315561e+00 +5.5893916113728503e-01 
+1.1278317626387357e+00 +5.6204975880783792e-01 
+1.1341149479459154e+00 +5.6516000977786085e-01 
+1.1403981332530950e+00 +5.6826991212879363e-01 
+1.1466813185602747e+00 +5.7137946394229266e-01 
+1.1529645038674541e+00 +5.7448866330023052e-01 
+1.1592476891746337e+00 +5.7759750828469669e-01 
+1.1655308744818134e+00 +5.8070599697799952e-01 
+1.1718140597889930e+00 +5.8381412746266681e-01 
+1.1780972450961724e+00 +5.8692189782144732e-01 
+1.1843804304033521e+00 +5.9002930613731186e-01 
+1.1906636157105317e+00 +5.9313635049345570e-01 
+1.1969468010177113e+00 +5.9624302897329784e-01 
+1.2032299863248908e+00 +5.9934933966048132e-01 
+1.2095131716320704e+00 +6.0245528063887976e-01 
+1.2157963569392500e+00 +6.0556084999259152e-01 
+1.2220795422464297e+00 +6.0866604580594585e-01 
+1.2283627275536091e+00 +6.1177086616350107e-01 
+1.2346459128607887e+00 +6.1487530915004895e-01 
+1.2409290981679684e+00 +6.1797937285061311e-01 
+1.2472122834751480e+00 +6.2108305535045027e-01 
+1.2534954687823274e+00 +6.2418635473505302e-01 
+1.2597786540895071e+00 +6.2728926909015181e-01 
+1.2660618393966867e+00 +6.3039179650171229e-01 
+1.2723450247038663e+00 +6.3349393505593965e-01 
+1.2786282100110460e+00 +6.3659568283927870e-01 
+1.2849113953182254e+00 +6.3969703793841570e-01 
+1.2911945806254050e+00 +6.4279799844027996e-01 
+1.2974777659325847e+00 +6.4589856243204213e-01 
+1.3037609512397643e+00 +6.4899872800111869e-01 
+1.3100441365469437e+00 +6.5209849323517188e-01 
+1.3163273218541234e+00 +6.5519785622211102e-01 
+1.3226105071613030e+00 +6.5829681505009263e-01 
+1.3288936924684827e+00 +6.6139536780752395e-01 
+1.3351768777756621e+00 +6.6449351258306177e-01 
+1.3414600630828417e+00 +6.6759124746561460e-01 
+1.3477432483900214e+00 +6.7068857054434450e-01 
+1.3540264336972010e+00 +6.7378547990866555e-01 
+1.3603096190043804e+00 +6.7688197364825009e-01 
+1.3665928043115600e+00 +6.7997804985302412e-01 
+1.3728759896187397e+00 +6.8307370661317224e-01 
+1.3791591749259193e+00 +6.8616894201913892e-01 
+1.3854423602330987e+00 +6.8926375416162600e-01 
+1.3917255455402784e+00 +6.9235814113159910e-01 
+1.3980087308474580e+00 +6.9545210102028410e-01 
+1.4042919161546377e+00 +6.9854563191917163e-01 
+1.4105751014618173e+00 +7.0163873192001602e-01 
+1.4168582867689967e+00 +7.0473139911483806e-01 
+1.4231414720761764e+00 +7.0782363159592476e-01 
+1.4294246573833560e+00 +7.1091542745583203e-01 
+1.4357078426905356e+00 +7.1400678478738466e-01 
+1.4419910279977151e+00 +7.1709770168367859e-01 
+1.4482742133048947e+00 +7.2018817623808074e-01 
+1.4545573986120743e+00 +7.2327820654423125e-01 
+1.4608405839192540e+00 +7.2636779069604385e-01 
+1.4671237692264334e+00 +7.2945692678770779e-01 
+1.4734069545336130e+00 +7.3254561291368936e-01 
+1.4796901398407927e+00 +7.3563384716873115e-01 
+1.4859733251479723e+00 +7.3872162764785565e-01 
+1.4922565104551517e+00 +7.4180895244636369e-01 
+1.4985396957623314e+00 +7.4489581965983931e-01 
+1.5048228810695110e+00 +7.4798222738414688e-01 
+1.5111060663766906e+00 +7.5106817371543588e-01 
+1.5173892516838701e+00 +7.5415365675013901e-01 
+1.5236724369910497e+00 +7.5723867458497551e-01 
+1.5299556222982293e+00 +7.6032322531695129e-01 
+1.5362388076054090e+00 +7.6340730704336068e-01 
+1.5425219929125886e+00 +7.6649091786178680e-01 
+1.5488051782197680e+00 +7.6957405587010308e-01 
+1.5550883635269477e+00 +7.7265671916647649e-01 
+1.5613715488341273e+00 +7.7573890584936478e-01 
+1.5676547341413070e+00 +7.7882061401751956e-01 
+1.5739379194484864e+00 +7.8190184176998911e-01 
+1.5802211047556660e+00 +7.8498258720611758e-01 
+1.5865042900628457e+00 +7.8806284842554619e-01 
+1.5927874753700253e+00 +7.9114262352821507e-01 
+1.5990706606772047e+00 +7.9422191061436354e-01 
+1.6053538459843844e+00 +7.9730070778453344e-01 
+1.6116370312915640e+00 +8.0037901313956772e-01 
+1.6179202165987436e+00 +8.0345682478061309e-01 
+1.6242034019059230e+00 +8.0653414080912011e-01 
+1.6304865872131027e+00 +8.0961095932684690e-01 
+1.6367697725202823e+00 +8.1268727843585598e-01 
+1.6430529578274620e+00 +8.1576309623851928e-01 
+1.6493361431346414e+00 +8.1883841083751818e-01 
+1.6556193284418210e+00 +8.2191322033584446e-01 
+1.6619025137490007e+00 +8.2498752283680099e-01 
+1.6681856990561803e+00 +8.2806131644400294e-01 
+1.6744688843633597e+00 +8.3113459926138000e-01 
+1.6807520696705394e+00 +8.3420736939317774e-01 
+1.6870352549777190e+00 +8.3727962494395625e-01 
+1.6933184402848986e+00 +8.4035136401859478e-01 
+1.6996016255920783e+00 +8.4342258472228926e-01 
+1.7058848108992577e+00 +8.4649328516055755e-01 
+1.7121679962064373e+00 +8.4956346343923705e-01 
+1.7184511815136170e+00 +8.5263311766448713e-01 
+1.7247343668207966e+00 +8.5570224594279132e-01 
+1.7310175521279760e+00 +8.5877084638095647e-01 
+1.7373007374351557e+00 +8.6183891708611615e-01 
+1.7435839227423353e+00 +8.6490645616573014e-01 
+1.7498671080495150e+00 +8.6797346172758638e-01 
+1.7561502933566944e+00 +8.7103993187980122e-01 
+1.7624334786638740e+00 +8.7410586473082208e-01 
+1.7687166639710536e+00 +8.7717125838942811e-01 
+1.7749998492782333e+00 +8.8023611096472953e-01 
+1.7812830345854127e+00 +8.8330042056617164e-01 
+1.7875662198925923e+00 +8.8636418530353422e-01 
+1.7938494051997720e+00 +8.8942740328693370e-01 
+1.8001325905069516e+00 +8.9249007262682289e-01 
+1.8064157758141310e+00 +8.9555219143399334e-01 
+1.8126989611213107e+00 +8.9861375781957731e-01 
+1.8189821464284903e+00 +9.0167476989504514e-01 
+1.8252653317356700e+00 +9.0473522577221221e-01 
+1.8315485170428496e+00 +9.0779512356323533e-01 
+1.8378317023500290e+00 +9.1085446138061510e-01 
+1.8441148876572087e+00 +9.1391323733719876e-01 
+1.8503980729643883e+00 +9.1697144954618004e-01 
+1.8566812582715679e+00 +9.2002909612109884e-01 
+1.8629644435787474e+00 +9.2308617517584612e-01 
+1.8692476288859270e+00 +9.2614268482466200e-01 
+1.8755308141931066e+00 +9.2919862318213697e-01 
+1.8818139995002863e+00 +9.3225398836321482e-01 
+1.8880971848074657e+00 +9.3530877848319327e-01 
+1.8943803701146453e+00 +9.3836299165772430e-01 
+1.9006635554218250e+00 +9.4141662600281539e-01 
+1.9069467407290046e+00 +9.4446967963483186e-01 
+1.9132299260361840e+00 +9.4752215067049617e-01 
+1.9195131113433637e+00 +9.5057403722689149e-01 
+1.9257962966505433e+00 +9.5362533742146083e-01 
+1.9320794819577229e+00 +9.5667604937200867e-01 
+1.9383626672649024e+00 +9.5972617119670234e-01 
+1.9446458525720820e+00 +9.6277570101407361e-01 
+1.9509290378792616e+00 +9.6582463694302001e-01 
+1.9572122231864413e+00 +9.6887297710280351e-01 
+1.9634954084936209e+00 +9.7192071961305548e-01 
+1.9697785938008003e+00 +9.7496786259377533e-01 
+1.9760617791079800e+00 +9.7801440416533147e-01 
+1.9823449644151596e+00 +9.8106034244846474e-01 
+1.9886281497223393e+00 +9.8410567556428663e-01 
+1.9949113350295187e+00 +9.8715040163428325e-01 
+2.0011945203366985e+00 +9.9019451878031439e-01 
+2.0074777056438777e+00 +9.9323802512461534e-01 
+2.0137608909510574e+00 +9.9628091878979941e-01 
+2.0200440762582370e+00 +9.9932319789885593e-01 
+2.0263272615654166e+00 +1.0023648605751545e+00 
+2.0326104468725963e+00 +1.0054059049424453e+00 
+2.0388936321797759e+00 +1.0084463291248584e+00 
+2.0451768174869556e+00 +1.0114861312469083e+00 
+2.0514600027941352e+00 +1.0145253094334921e+00 
+2.0577431881013144e+00 +1.0175638618098914e+00 
+2.0640263734084940e+00 +1.0206017865017754e+00 
+2.0703095587156737e+00 +1.0236390816351990e+00 
+2.0765927440228533e+00 +1.0266757453366055e+00 
+2.0828759293300330e+00 +1.0297117757328293e+00 
+2.0891591146372126e+00 +1.0327471709510936e+00 
+2.0954422999443922e+00 +1.0357819291190136e+00 
+2.1017254852515719e+00 +1.0388160483645987e+00 
+2.1080086705587515e+00 +1.0418495268162520e+00 
+2.1142918558659307e+00 +1.0448823626027706e+00 
+2.1205750411731104e+00 +1.0479145538533499e+00 
+2.1268582264802900e+00 +1.0509460986975816e+00 
+2.1331414117874696e+00 +1.0539769952654565e+00 
+2.1394245970946493e+00 +1.0570072416873653e+00 
+2.1457077824018289e+00 +1.0600368360941002e+00 
+2.1519909677090086e+00 +1.0630657766168543e+00 
+2.1582741530161882e+00 +1.0660940613872256e+00 
+2.1645573383233674e+00 +1.0691216885372157e+00 
+2.1708405236305470e+00 +1.0721486561992319e+00 
+2.1771237089377267e+00 +1.0751749625060887e+00 
+2.1834068942449063e+00 +1.0782006055910081e+00 
+2.1896900795520859e+00 +1.0812255835876217e+00 
+2.1959732648592656e+00 +1.0842498946299712e+00 
+2.2022564501664452e+00 +1.0872735368525088e+00 
+2.2085396354736249e+00 +1.0902965083901011e+00 
+2.2148228207808045e+00 +1.0933188073780267e+00 
+2.2211060060879837e+00 +1.0963404319519794e+00 
+2.2273891913951633e+00 +1.0993613802480704e+00 
+2.2336723767023430e+00 +1.1023816504028265e+00 
+2.2399555620095226e+00 +1.1054012405531932e+00 
+2.2462387473167023e+00 +1.1084201488365355e+00 
+2.2525219326238819e+00 +1.1114383733906394e+00 
+2.2588051179310615e+00 +1.1144559123537121e+00 
+2.2650883032382412e+00 +1.1174727638643842e+00 
+2.2713714885454204e+00 +1.1204889260617092e+00 
+2.2776546738526000e+00 +1.1235043970851684e+00 
+2.2839378591597796e+00 +1.1265191750746666e+00 
+2.2902210444669593e+00 +1.1295332581705371e+00 
+2.2965042297741389e+00 +1.1325466445135430e+00 
+2.3027874150813186e+00 +1.1355593322448754e+00 
+2.3090706003884982e+00 +1.1385713195061573e+00 
+2.3153537856956778e+00 +1.1415826044394439e+00 
+2.3216369710028570e+00 +1.1445931851872229e+00 
+2.3279201563100367e+00 +1.1476030598924170e+00 
+2.3342033416172163e+00 +1.1506122266983843e+00 
+2.3404865269243960e+00 +1.1536206837489198e+00 
+2.3467697122315756e+00 +1.1566284291882556e+00 
+2.3530528975387552e+00 +1.1596354611610635e+00 
+2.3593360828459349e+00 +1.1626417778124551e+00 
+2.3656192681531145e+00 +1.1656473772879827e+00 
+2.3719024534602942e+00 +1.1686522577336422e+00 
+2.3781856387674734e+00 +1.1716564172958721e+00 
+2.3844688240746530e+00 +1.1746598541215558e+00 
+2.3907520093818326e+00 +1.1776625663580225e+00 
+2.3970351946890123e+00 +1.1806645521530490e+00 
+2.4033183799961919e+00 +1.1836658096548589e+00 
+2.4096015653033716e+00 +1.1866663370121260e+00 
+2.4158847506105512e+00 +1.1896661323739746e+00 
+2.4221679359177308e+00 +1.1926651938899795e+00 
+2.4284511212249100e+00 +1.1956635197101695e+00 
+2.4347343065320897e+00 +1.1986611079850265e+00 
+2.4410174918392693e+00 +1.2016579568654873e+00 
+2.4473006771464489e+00 +1.2046540645029449e+00 
+2.4535838624536286e+00 +1.2076494290492494e+00 
+2.4598670477608082e+00 +1.2106440486567100e+00 
+2.4661502330679879e+00 +1.2136379214780946e+00 
+2.4724334183751675e+00 +1.2166310456666320e+00 
+2.4787166036823467e+00 +1.2196234193760127e+00 
+2.4849997889895263e+00 +1.2226150407603904e+00 
+2.4912829742967060e+00 +1.2256059079743826e+00 
+2.4975661596038856e+00 +1.2285960191730723e+00 
+2.5038493449110653e+00 +1.2315853725120085e+00 
+2.5101325302182449e+00 +1.2345739661472079e+00 
+2.5164157155254245e+00 +1.2375617982351559e+00 
+2.5226989008326042e+00 +1.2405488669328075e+00 
+2.5289820861397838e+00 +1.2435351703975888e+00 
+2.5352652714469630e+00 +1.2465207067873971e+00 
+2.5415484567541426e+00 +1.2495054742606044e+00 
+2.5478316420613223e+00 +1.2524894709760559e+00 
+2.5541148273685019e+00 +1.2554726950930726e+00 
+2.5603980126756816e+00 +1.2584551447714516e+00 
+2.5666811979828612e+00 +1.2614368181714681e+00 
+2.5729643832900408e+00 +1.2644177134538768e+00 
+2.5792475685972205e+00 +1.2673978287799108e+00 
+2.5855307539043997e+00 +1.2703771623112854e+00 
+2.5918139392115793e+00 +1.2733557122101991e+00 
+2.5980971245187590e+00 +1.2763334766393313e+00 
+2.6043803098259386e+00 +1.2793104537618478e+00 
+2.6106634951331182e+00 +1.2822866417413996e+00 
+2.6169466804402979e+00 +1.2852620387421247e+00 
+2.6232298657474775e+00 +1.2882366429286483e+00 
+2.6295130510546572e+00 +1.2912104524660852e+00 
+2.6357962363618368e+00 +1.2941834655200399e+00 
+2.6420794216690160e+00 +1.2971556802566093e+00 
+2.6483626069761956e+00 +1.3001270948423815e+00 
+2.6546457922833753e+00 +1.3030977074444392e+00 
+2.6609289775905549e+00 +1.3060675162303585e+00 
+2.6672121628977346e+00 +1.3090365193682127e+00 
+2.6734953482049142e+00 +1.3120047150265717e+00 
+2.6797785335120938e+00 +1.3149721013745026e+00 
+2.6860617188192735e+00 +1.3179386765815726e+00 
+2.6923449041264527e+00 +1.3209044388178495e+00 
+2.6986280894336323e+00 +1.3238693862539017e+00 
+2.7049112747408119e+00 +1.3268335170608010e+00 
+2.7111944600479916e+00 +1.3297968294101223e+00 
+2.7174776453551712e+00 +1.3327593214739459e+00 
+2.7237608306623509e+00 +1.3357209914248573e+00 
+2.7300440159695305e+00 +1.3386818374359506e+00 
+2.7363272012767101e+00 +1.3416418576808264e+00 
+2.7426103865838893e+00 +1.3446010503335959e+00 
+2.7488935718910690e+00 +1.3475594135688802e+00 
+2.7551767571982486e+00 +1.3505169455618122e+00 
+2.7614599425054283e+00 +1.3534736444880380e+00 
+2.7677431278126079e+00 +1.3564295085237166e+00 
+2.7740263131197875e+00 +1.3593845358455225e+00 
+2.7803094984269672e+00 +1.3623387246306471e+00 
+2.7865926837341468e+00 +1.3652920730567977e+00 
+2.7928758690413265e+00 +1.3682445793022009e+00 
+2.7991590543485056e+00 +1.3711962415456023e+00 
+2.8054422396556853e+00 +1.3741470579662682e+00 
+2.8117254249628649e+00 +1.3770970267439873e+00 
+2.8180086102700446e+00 +1.3800461460590701e+00 
+2.8242917955772242e+00 +1.3829944140923518e+00 
+2.8305749808844038e+00 +1.3859418290251928e+00 
+2.8368581661915835e+00 +1.3888883890394794e+00 
+2.8431413514987631e+00 +1.3918340923176249e+00 
+2.8494245368059423e+00 +1.3947789370425718e+00 
+2.8557077221131220e+00 +1.3977229213977924e+00 
+2.8619909074203016e+00 +1.4006660435672884e+00 
+2.8682740927274812e+00 +1.4036083017355945e+00 
+2.8745572780346609e+00 +1.4065496940877784e+00 
+2.8808404633418405e+00 +1.4094902188094414e+00 
+2.8871236486490202e+00 +1.4124298740867194e+00 
+2.8934068339561998e+00 +1.4153686581062861e+00 
+2.8996900192633794e+00 +1.4183065690553516e+00 
+2.9059732045705586e+00 +1.4212436051216644e+00 
+2.9122563898777383e+00 +1.4241797644935137e+00 
+2.9185395751849179e+00 +1.4271150453597290e+00 
+2.9248227604920976e+00 +1.4300494459096811e+00 
+2.9311059457992772e+00 +1.4329829643332848e+00 
+2.9373891311064568e+00 +1.4359155988209980e+00 
+2.9436723164136365e+00 +1.4388473475638244e+00 
+2.9499555017208161e+00 +1.4417782087533144e+00 
+2.9562386870279953e+00 +1.4447081805815651e+00 
+2.9625218723351749e+00 +1.4476372612412236e+00 
+2.9688050576423546e+00 +1.4505654489254851e+00 
+2.9750882429495342e+00 +1.4534927418280963e+00 
+2.9813714282567139e+00 +1.4564191381433560e+00 
+2.9876546135638935e+00 +1.4593446360661160e+00 
+2.9939377988710731e+00 +1.4622692337917822e+00 
+3.0002209841782528e+00 +1.4651929295163155e+00 
+3.0065041694854320e+00 +1.4681157214362333e+00 
+3.0127873547926116e+00 +1.4710376077486118e+00 
+3.0190705400997913e+00 +1.4739585866510834e+00 
+3.0253537254069709e+00 +1.4768786563418423e+00 
+3.0316369107141505e+00 +1.4797978150196427e+00 
+3.0379200960213302e+00 +1.4827160608838008e+00 
+3.0442032813285098e+00 +1.4856333921341958e+00 
+3.0504864666356895e+00 +1.4885498069712713e+00 
+3.0567696519428691e+00 +1.4914653035960361e+00 
+3.0630528372500483e+00 +1.4943798802100654e+00 
+3.0693360225572279e+00 +1.4972935350155019e+00 
+3.0756192078644076e+00 +1.5002062662150573e+00 
+3.0819023931715872e+00 +1.5031180720120121e+00 
+3.0881855784787668e+00 +1.5060289506102182e+00 
+3.0944687637859465e+00 +1.5089389002140996e+00 
+3.1007519490931261e+00 +1.5118479190286536e+00 
+3.1070351344003058e+00 +1.5147560052594506e+00 
+3.1133183197074850e+00 +1.5176631571126367e+00 
+3.1196015050146646e+00 +1.5205693727949354e+00 
+3.1258846903218442e+00 +1.5234746505136465e+00 
+3.1321678756290239e+00 +1.5263789884766488e+00 
+3.1384510609362035e+00 +1.5292823848924002e+00 
+3.1447342462433832e+00 +1.5321848379699408e+00 
+3.1510174315505628e+00 +1.5350863459188906e+00 
+3.1573006168577424e+00 +1.5379869069494549e+00 
+3.1635838021649221e+00 +1.5408865192724210e+00 
+3.1698669874721013e+00 +1.5437851810991627e+00 
+3.1761501727792809e+00 +1.5466828906416399e+00 
+3.1824333580864606e+00 +1.5495796461123998e+00 
+3.1887165433936402e+00 +1.5524754457245775e+00 
+3.1949997287008198e+00 +1.5553702876918989e+00 
+3.2012829140079995e+00 +1.5582641702286799e+00 
+3.2075660993151791e+00 +1.5611570915498281e+00 
+3.2138492846223587e+00 +1.5640490498708446e+00 
+3.2201324699295379e+00 +1.5669400434078240e+00 
+3.2264156552367176e+00 +1.5698300703774561e+00 
+3.2326988405438972e+00 +1.5727191289970275e+00 
+3.2389820258510769e+00 +1.5756072174844216e+00 
+3.2452652111582565e+00 +1.5784943340581199e+00 
+3.2515483964654361e+00 +1.5813804769372042e+00 
+3.2578315817726158e+00 +1.5842656443413563e+00 
+3.2641147670797954e+00 +1.5871498344908603e+00 
+3.2703979523869746e+00 +1.5900330456066021e+00 
+3.2766811376941543e+00 +1.5929152759100735e+00 
+3.2829643230013339e+00 +1.5957965236233691e+00 
+3.2892475083085135e+00 +1.5986767869691907e+00 
+3.2955306936156932e+00 +1.6015560641708471e+00 
+3.3018138789228728e+00 +1.6044343534522558e+00 
+3.3080970642300525e+00 +1.6073116530379430e+00 
+3.3143802495372321e+00 +1.6101879611530459e+00 
+3.3206634348444117e+00 +1.6130632760233130e+00 
+3.3269466201515909e+00 +1.6159375958751057e+00 
+3.3332298054587706e+00 +1.6188109189353994e+00 
+3.3395129907659502e+00 +1.6216832434317836e+00 
+3.3457961760731298e+00 +1.6245545675924644e+00 
+3.3520793613803095e+00 +1.6274248896462649e+00 
+3.3583625466874891e+00 +1.6302942078226264e+00 
+3.3646457319946688e+00 +1.6331625203516087e+00 
+3.3709289173018484e+00 +1.6360298254638930e+00 
+3.3772121026090276e+00 +1.6388961213907811e+00 
+3.3834952879162072e+00 +1.6417614063641983e+00 
+3.3897784732233869e+00 +1.6446256786166920e+00 
+3.3960616585305665e+00 +1.6474889363814360e+00 
+3.4023448438377462e+00 +1.6503511778922284e+00 
+3.4086280291449258e+00 +1.6532124013834955e+00 
+3.4149112144521054e+00 +1.6560726050902901e+00 
+3.4211943997592851e+00 +1.6589317872482954e+00 
+3.4274775850664647e+00 +1.6617899460938239e+00 
+3.4337607703736439e+00 +1.6646470798638195e+00 
+3.4400439556808236e+00 +1.6675031867958592e+00 
+3.4463271409880032e+00 +1.6703582651281523e+00 
+3.4526103262951828e+00 +1.6732123130995429e+00 
+3.4588935116023625e+00 +1.6760653289495111e+00 
+3.4651766969095421e+00 +1.6789173109181732e+00 
+3.4714598822167217e+00 +1.6817682572462833e+00 
+3.4777430675239014e+00 +1.6846181661752349e+00 
+3.4840262528310806e+00 +1.6874670359470603e+00 
+3.4903094381382602e+00 +1.6903148648044342e+00 
+3.4965926234454399e+00 +1.6931616509906726e+00 
+3.5028758087526195e+00 +1.6960073927497343e+00 
+3.5091589940597991e+00 +1.6988520883262233e+00 
+3.5154421793669788e+00 +1.7016957359653879e+00 
+3.5217253646741584e+00 +1.7045383339131237e+00 
+3.5280085499813381e+00 +1.7073798804159734e+00 
+3.5342917352885173e+00 +1.7102203737211283e+00 
+3.5405749205956969e+00 +1.7130598120764295e+00 
+3.5468581059028765e+00 +1.7158981937303690e+00 
+3.5531412912100562e+00 +1.7187355169320899e+00 
+3.5594244765172358e+00 +1.7215717799313888e+00 
+3.5657076618244155e+00 +1.7244069809787166e+00 
+3.5719908471315951e+00 +1.7272411183251783e+00 
+3.5782740324387747e+00 +1.7300741902225358e+00 
+3.5845572177459544e+00 +1.7329061949232083e+00 
+3.5908404030531336e+00 +1.7357371306802722e+00 
+3.5971235883603132e+00 +1.7385669957474652e+00 
+3.6034067736674928e+00 +1.7413957883791835e+00 
+3.6096899589746725e+00 +1.7442235068304859e+00 
+3.6159731442818521e+00 +1.7470501493570938e+00 
+3.6222563295890318e+00 +1.7498757142153920e+00 
+3.6285395148962114e+00 +1.7527001996624298e+00 
+3.6348227002033910e+00 +1.7555236039559232e+00 
+3.6411058855105702e+00 +1.7583459253542539e+00 
+3.6473890708177499e+00 +1.7611671621164728e+00 
+3.6536722561249295e+00 +1.7639873125022991e+00 
+3.6599554414321092e+00 +1.7668063747721225e+00 
+3.6662386267392888e+00 +1.7696243471870037e+00 
+3.6725218120464684e+00 +1.7724412280086754e+00 
+3.6788049973536481e+00 +1.7752570154995446e+00 
+3.6850881826608277e+00 +1.7780717079226918e+00 
+3.6913713679680074e+00 +1.7808853035418730e+00 
+3.6976545532751866e+00 +1.7836978006215212e+00 
+3.7039377385823662e+00 +1.7865091974267473e+00 
+3.7102209238895458e+00 +1.7893194922233402e+00 
+3.7165041091967255e+00 +1.7921286832777688e+00 
+3.7227872945039051e+00 +1.7949367688571829e+00 
+3.7290704798110847e+00 +1.7977437472294144e+00 
+3.7353536651182644e+00 +1.8005496166629777e+00 
+3.7416368504254440e+00 +1.8033543754270720e+00 
+3.7479200357326232e+00 +1.8061580217915809e+00 
+3.7542032210398029e+00 +1.8089605540270748e+00 
+3.7604864063469825e+00 +1.8117619704048102e+00 
+3.7667695916541621e+00 +1.8145622691967336e+00 
+3.7730527769613418e+00 +1.8173614486754797e+00 
+3.7793359622685214e+00 +1.8201595071143739e+00 
+3.7856191475757011e+00 +1.8229564427874330e+00 
+3.7919023328828807e+00 +1.8257522539693667e+00 
+3.7981855181900599e+00 +1.8285469389355784e+00 
+3.8044687034972395e+00 +1.8313404959621657e+00 
+3.8107518888044192e+00 +1.8341329233259223e+00 
+3.8170350741115988e+00 +1.8369242193043391e+00 
+3.8233182594187785e+00 +1.8397143821756041e+00 
+3.8296014447259581e+00 +1.8425034102186046e+00 
+3.8358846300331377e+00 +1.8452913017129282e+00 
+3.8421678153403174e+00 +1.8480780549388633e+00 
+3.8484510006474970e+00 +1.8508636681774004e+00 
+3.8547341859546762e+00 +1.8536481397102331e+00 
+3.8610173712618558e+00 +1.8564314678197600e+00 
+3.8673005565690355e+00 +1.8592136507890842e+00 
+3.8735837418762151e+00 +1.8619946869020156e+00 
+3.8798669271833948e+00 +1.8647745744430713e+00 
+3.8861501124905744e+00 +1.8675533116974765e+00 
+3.8924332977977540e+00 +1.8703308969511672e+00 
+3.8987164831049337e+00 +1.8731073284907891e+00 
+3.9049996684121129e+00 +1.8758826046036989e+00 
+3.9112828537192925e+00 +1.8786567235779683e+00 
+3.9175660390264722e+00 +1.8814296837023803e+00 
+3.9238492243336518e+00 +1.8842014832664340e+00 
+3.9301324096408314e+00 +1.8869721205603440e+00 
+3.9364155949480111e+00 +1.8897415938750426e+00 
+3.9426987802551907e+00 +1.8925099015021791e+00 
+3.9489819655623704e+00 +1.8952770417341223e+00 
+3.9552651508695500e+00 +1.8980430128639609e+00 
+3.9615483361767292e+00 +1.9008078131855048e+00 
+3.9678315214839088e+00 +1.9035714409932871e+00 
+3.9741147067910885e+00 +1.9063338945825625e+00 
+3.9803978920982681e+00 +1.9090951722493115e+00 
+3.9866810774054477e+00 +1.9118552722902384e+00 
+3.9929642627126274e+00 +1.9146141930027756e+00 
+3.9992474480198070e+00 +1.9173719326850820e+00 
+4.0055306333269867e+00 +1.9201284896360449e+00 
+4.0118138186341659e+00 +1.9228838621552815e+00 
+4.0180970039413459e+00 +1.9256380485431401e+00 
+4.0243801892485251e+00 +1.9283910471006998e+00 
+4.0306633745557052e+00 +1.9311428561297728e+00 
+4.0369465598628844e+00 +1.9338934739329048e+00 
+4.0432297451700636e+00 +1.9366428988133768e+00 
+4.0495129304772437e+00 +1.9393911290752057e+00 
+4.0557961157844229e+00 +1.9421381630231442e+00 
+4.0620793010916030e+00 +1.9448839989626847e+00 
+4.0683624863987822e+00 +1.9476286352000569e+00 
+4.0746456717059623e+00 +1.9503720700422318e+00 
+4.0809288570131415e+00 +1.9531143017969199e+00 
+4.0872120423203206e+00 +1.9558553287725760e+00 
+4.0934952276275007e+00 +1.9585951492783968e+00 
+4.0997784129346799e+00 +1.9613337616243229e+00 
+4.1060615982418600e+00 +1.9640711641210411e+00 
+4.1123447835490392e+00 +1.9668073550799836e+00 
+4.1186279688562193e+00 +1.9695423328133306e+00 
+4.1249111541633985e+00 +1.9722760956340100e+00 
+4.1311943394705786e+00 +1.9750086418557002e+00 
+4.1374775247777578e+00 +1.9777399697928286e+00 
+4.1437607100849370e+00 +1.9804700777605753e+00 
+4.1500438953921170e+00 +1.9831989640748731e+00 
+4.1563270806992962e+00 +1.9859266270524067e+00 
+4.1626102660064763e+00 +1.9886530650106176e+00 
+4.1688934513136555e+00 +1.9913782762677010e+00 
+4.1751766366208356e+00 +1.9941022591426105e+00 
+4.1814598219280148e+00 +1.9968250119550559e+00 
+4.1877430072351949e+00 +1.9995465330255067e+00 
+4.1940261925423741e+00 +2.0022668206751919e+00 
+4.2003093778495533e+00 +2.0049858732261017e+00 
+4.2065925631567334e+00 +2.0077036890009876e+00 
+4.2128757484639126e+00 +2.0104202663233641e+00 
+4.2191589337710926e+00 +2.0131356035175108e+00 
+4.2254421190782718e+00 +2.0158496989084700e+00 
+4.2317253043854519e+00 +2.0185625508220517e+00 
+4.2380084896926311e+00 +2.0212741575848328e+00 
+4.2442916749998112e+00 +2.0239845175241582e+00 
+4.2505748603069904e+00 +2.0266936289681410e+00 
+4.2568580456141696e+00 +2.0294014902456659e+00 
+4.2631412309213497e+00 +2.0321080996863876e+00 
+4.2694244162285289e+00 +2.0348134556207333e+00 
+4.2757076015357089e+00 +2.0375175563799042e+00 
+4.2819907868428881e+00 +2.0402204002958739e+00 
+4.2882739721500682e+00 +2.0429219857013936e+00 
+4.2945571574572474e+00 +2.0456223109299891e+00 
+4.3008403427644266e+00 +2.0483213743159641e+00 
+4.3071235280716067e+00 +2.0510191741944013e+00 
+4.3134067133787859e+00 +2.0537157089011617e+00 
+4.3196898986859660e+00 +2.0564109767728871e+00 
+4.3259730839931452e+00 +2.0591049761470006e+00 
+4.3322562693003253e+00 +2.0617977053617094e+00 
+4.3385394546075045e+00 +2.0644891627560011e+00 
+4.3448226399146845e+00 +2.0671793466696506e+00 
+4.3511058252218637e+00 +2.0698682554432173e+00 
+4.3573890105290429e+00 +2.0725558874180465e+00 
+4.3636721958362230e+00 +2.0752422409362725e+00 
+4.3699553811434022e+00 +2.0779273143408172e+00 
+4.3762385664505823e+00 +2.0806111059753922e+00 
+4.3825217517577615e+00 +2.0832936141845000e+00 
+4.3888049370649416e+00 +2.0859748373134352e+00 
+4.3950881223721208e+00 +2.0886547737082841e+00 
+4.4013713076793008e+00 +2.0913334217159281e+00 
+4.4076544929864800e+00 +2.0940107796840408e+00 
+4.4139376782936592e+00 +2.0966868459610954e+00 
+4.4202208636008393e+00 +2.0993616188963586e+00 
+4.4265040489080185e+00 +2.1020350968398964e+00 
+4.4327872342151986e+00 +2.1047072781425729e+00 
+4.4390704195223778e+00 +2.1073781611560527e+00 
+4.4453536048295579e+00 +2.1100477442328014e+00 
+4.4516367901367371e+00 +2.1127160257260851e+00 
+4.4579199754439163e+00 +2.1153830039899741e+00 
+4.4642031607510964e+00 +2.1180486773793428e+00 
+4.4704863460582756e+00 +2.1207130442498690e+00 
+4.4767695313654556e+00 +2.1233761029580380e+00 
+4.4830527166726348e+00 +2.1260378518611409e+00 
+4.4893359019798149e+00 +2.1286982893172777e+00 
+4.4956190872869941e+00 +2.1313574136853561e+00 
+4.5019022725941742e+00 +2.1340152233250960e+00 
+4.5081854579013534e+00 +2.1366717165970255e+00 
+4.5144686432085326e+00 +2.1393268918624870e+00 
+4.5207518285157127e+00 +2.1419807474836348e+00 
+4.5270350138228919e+00 +2.1446332818234368e+00 
+4.5333181991300719e+00 +2.1472844932456772e+00 
+4.5396013844372511e+00 +2.1499343801149551e+00 
+4.5458845697444312e+00 +2.1525829407966879e+00 
+4.5521677550516104e+00 +2.1552301736571096e+00 
+4.5584509403587905e+00 +2.1578760770632743e+00 
+4.5647341256659697e+00 +2.1605206493830553e+00 
+4.5710173109731489e+00 +2.1631638889851481e+00 
+4.5773004962803290e+00 +2.1658057942390698e+00 
+4.5835836815875082e+00 +2.1684463635151601e+00 
+4.5898668668946883e+00 +2.1710855951845835e+00 
+4.5961500522018675e+00 +2.1737234876193288e+00 
+4.6024332375090475e+00 +2.1763600391922120e+00 
+4.6087164228162267e+00 +2.1789952482768755e+00 
+4.6149996081234059e+00 +2.1816291132477894e+00 
+4.6212827934305860e+00 +2.1842616324802546e+00 
+4.6275659787377652e+00 +2.1868928043503995e+00 
+4.6338491640449453e+00 +2.1895226272351862e+00 
+4.6401323493521245e+00 +2.1921510995124072e+00 
+4.6464155346593046e+00 +2.1947782195606895e+00 
+4.6526987199664838e+00 +2.1974039857594923e+00 
+4.6589819052736638e+00 +2.2000283964891127e+00 
+4.6652650905808430e+00 +2.2026514501306802e+00 
+4.6715482758880222e+00 +2.2052731450661653e+00 
+4.6778314611952023e+00 +2.2078934796783742e+00 
+4.6841146465023815e+00 +2.2105124523509523e+00 
+4.6903978318095616e+00 +2.2131300614683869e+00 
+4.6966810171167408e+00 +2.2157463054160038e+00 
+4.7029642024239209e+00 +2.2183611825799741e+00 
+4.7092473877311001e+00 +2.2209746913473079e+00 
+4.7155305730382802e+00 +2.2235868301058637e+00 
+4.7218137583454594e+00 +2.2261975972443415e+00 
+4.7280969436526386e+00 +2.2288069911522896e+00 
+4.7343801289598186e+00 +2.2314150102201036e+00 
+4.7406633142669978e+00 +2.2340216528390249e+00 
+4.7469464995741779e+00 +2.2366269174011464e+00 
+4.7532296848813571e+00 +2.2392308022994092e+00 
+4.7595128701885372e+00 +2.2418333059276070e+00 
+4.7657960554957164e+00 +2.2444344266803844e+00 
+4.7720792408028965e+00 +2.2470341629532391e+00 
+4.7783624261100757e+00 +2.2496325131425241e+00 
+4.7846456114172549e+00 +2.2522294756454455e+00 
+4.7909287967244349e+00 +2.2548250488600670e+00 
+4.7972119820316141e+00 +2.2574192311853079e+00 
+4.8034951673387942e+00 +2.2600120210209473e+00 
+4.8097783526459734e+00 +2.2626034167676212e+00 
+4.8160615379531535e+00 +2.2651934168268273e+00 
+4.8223447232603327e+00 +2.2677820196009222e+00 
+4.8286279085675119e+00 +2.2703692234931268e+00 
+4.8349110938746920e+00 +2.2729550269075234e+00 
+4.8411942791818712e+00 +2.2755394282490586e+00 
+4.8474774644890513e+00 +2.2781224259235437e+00 
+4.8537606497962305e+00 +2.2807040183376559e+00 
+4.8600438351034105e+00 +2.2832842038989396e+00 
+4.8663270204105897e+00 +2.2858629810158058e+00 
+4.8726102057177698e+00 +2.2884403480975366e+00 
+4.8788933910249490e+00 +2.2910163035542812e+00 
+4.8851765763321282e+00 +2.2935908457970617e+00 
+4.8914597616393083e+00 +2.2961639732377708e+00 
+4.8977429469464875e+00 +2.2987356842891740e+00 
+4.9040261322536676e+00 +2.3013059773649109e+00 
+4.9103093175608468e+00 +2.3038748508794962e+00 
+4.9165925028680268e+00 +2.3064423032483186e+00 
+4.9228756881752060e+00 +2.3090083328876450e+00 
+4.9291588734823861e+00 +2.3115729382146197e+00 
+4.9354420587895653e+00 +2.3141361176472643e+00 
+4.9417252440967445e+00 +2.3166978696044818e+00 
+4.9480084294039246e+00 +2.3192581925060551e+00 
+4.9542916147111038e+00 +2.3218170847726469e+00 
+4.9605748000182839e+00 +2.3243745448258060e+00 
+4.9668579853254631e+00 +2.3269305710879609e+00 
+4.9731411706326432e+00 +2.3294851619824271e+00 
+4.9794243559398224e+00 +2.3320383159334037e+00 
+4.9857075412470016e+00 +2.3345900313659778e+00 
+4.9919907265541816e+00 +2.3371403067061234e+00 
+4.9982739118613608e+00 +2.3396891403807012e+00 
+5.0045570971685409e+00 +2.3422365308174640e+00 
+5.0108402824757201e+00 +2.3447824764450522e+00 
+5.0171234677829002e+00 +2.3473269756930000e+00 
+5.0234066530900794e+00 +2.3498700269917312e+00 
+5.0296898383972595e+00 +2.3524116287725643e+00 
+5.0359730237044387e+00 +2.3549517794677115e+00 
+5.0422562090116179e+00 +2.3574904775102805e+00 
+5.0485393943187979e+00 +2.3600277213342751e+00 
+5.0548225796259771e+00 +2.3625635093745956e+00 
+5.0611057649331572e+00 +2.3650978400670399e+00 
+5.0673889502403364e+00 +2.3676307118483058e+00 
+5.0736721355475165e+00 +2.3701621231559917e+00 
+5.0799553208546957e+00 +2.3726920724285945e+00 
+5.0862385061618758e+00 +2.3752205581055152e+00 
+5.0925216914690550e+00 +2.3777475786270568e+00 
+5.0988048767762342e+00 +2.3802731324344255e+00 
+5.1050880620834143e+00 +2.3827972179697334e+00 
+5.1113712473905935e+00 +2.3853198336759975e+00 
+5.1176544326977735e+00 +2.3878409779971417e+00 
+5.1239376180049527e+00 +2.3903606493779974e+00 
+5.1302208033121328e+00 +2.3928788462643054e+00 
+5.1365039886193120e+00 +2.3953955671027138e+00 
+5.1427871739264912e+00 +2.3979108103407842e+00 
+5.1490703592336713e+00 +2.4004245744269879e+00 
+5.1553535445408505e+00 +2.4029368578107082e+00 
+5.1616367298480306e+00 +2.4054476589422435e+00 
+5.1679199151552098e+00 +2.4079569762728044e+00 
+5.1742031004623898e+00 +2.4104648082545190e+00 
+5.1804862857695690e+00 +2.4129711533404299e+00 
+5.1867694710767491e+00 +2.4154760099844976e+00 
+5.1930526563839283e+00 +2.4179793766416005e+00 
+5.1993358416911075e+00 +2.4204812517675367e+00 
+5.2056190269982876e+00 +2.4229816338190240e+00 
+5.2119022123054668e+00 +2.4254805212537001e+00 
+5.2181853976126469e+00 +2.4279779125301268e+00 
+5.2244685829198261e+00 +2.4304738061077873e+00 
+5.2307517682270062e+00 +2.4329682004470894e+00 
+5.2370349535341854e+00 +2.4354610940093644e+00 
+5.2433181388413654e+00 +2.4379524852568712e+00 
+5.2496013241485446e+00 +2.4404423726527940e+00 
+5.2558845094557238e+00 +2.4429307546612451e+00 
+5.2621676947629039e+00 +2.4454176297472658e+00 
+5.2684508800700831e+00 +2.4479029963768268e+00 
+5.2747340653772632e+00 +2.4503868530168287e+00 
+5.2810172506844424e+00 +2.4528691981351036e+00 
+5.2873004359916225e+00 +2.4553500302004174e+00 
+5.2935836212988017e+00 +2.4578293476824666e+00 
+5.2998668066059818e+00 +2.4603071490518853e+00 
+5.3061499919131609e+00 +2.4627834327802400e+00 
+5.3124331772203401e+00 +2.4652581973400349e+00 
+5.3187163625275202e+00 +2.4677314412047111e+00 
+5.3249995478346994e+00 +2.4702031628486467e+00 
+5.3312827331418795e+00 +2.4726733607471609e+00 
+5.3375659184490587e+00 +2.4751420333765100e+00 
+5.3438491037562388e+00 +2.4776091792138941e+00 
+5.3501322890634180e+00 +2.4800747967374526e+00 
+5.3564154743705972e+00 +2.4825388844262690e+00 
+5.3626986596777773e+00 +2.4850014407603713e+00 
+5.3689818449849565e+00 +2.4874624642207293e+00 
+5.3752650302921365e+00 +2.4899219532892611e+00 
+5.3815482155993157e+00 +2.4923799064488299e+00 
+5.3878314009064958e+00 +2.4948363221832475e+00 
+5.3941145862136750e+00 +2.4972911989772721e+00 
+5.4003977715208551e+00 +2.4997445353166130e+00 
+5.4066809568280343e+00 +2.5021963296879290e+00 
+5.4129641421352135e+00 +2.5046465805788301e+00 
+5.4192473274423936e+00 +2.5070952864778784e+00 
+5.4255305127495728e+00 +2.5095424458745890e+00 
+5.4318136980567528e+00 +2.5119880572594311e+00 
+5.4380968833639320e+00 +2.5144321191238288e+00 
+5.4443800686711121e+00 +2.5168746299601623e+00 
+5.4506632539782913e+00 +2.5193155882617675e+00 
+5.4569464392854714e+00 +2.5217549925229390e+00 
+5.4632296245926506e+00 +2.5241928412389294e+00 
+5.4695128098998298e+00 +2.5266291329059514e+00 
+5.4757959952070099e+00 +2.5290638660211786e+00 
+5.4820791805141891e+00 +2.5314970390827440e+00 
+5.4883623658213692e+00 +2.5339286505897447e+00 
+5.4946455511285484e+00 +2.5363586990422409e+00 
+5.5009287364357284e+00 +2.5387871829412565e+00 
+5.5072119217429076e+00 +2.5412141007887801e+00 
+5.5134951070500868e+00 +2.5436394510877669e+00 
+5.5197782923572669e+00 +2.5460632323421399e+00 
+5.5260614776644461e+00 +2.5484854430567885e+00 
+5.5323446629716262e+00 +2.5509060817375713e+00 
+5.5386278482788054e+00 +2.5533251468913161e+00 
+5.5449110335859855e+00 +2.5557426370258236e+00 
+5.5511942188931647e+00 +2.5581585506498628e+00 
+5.5574774042003448e+00 +2.5605728862731780e+00 
+5.5637605895075239e+00 +2.5629856424064843e+00 
+5.5700437748147031e+00 +2.5653968175614739e+00 
+5.5763269601218832e+00 +2.5678064102508125e+00 
+5.5826101454290624e+00 +2.5702144189881420e+00 
+5.5888933307362425e+00 +2.5726208422880816e+00 
+5.5951765160434217e+00 +2.5750256786662282e+00 
+5.6014597013506018e+00 +2.5774289266391586e+00 
+5.6077428866577810e+00 +2.5798305847244283e+00 
+5.6140260719649611e+00 +2.5822306514405740e+00 
+5.6203092572721403e+00 +2.5846291253071136e+00 
+5.6265924425793195e+00 +2.5870260048445486e+00 
+5.6328756278864995e+00 +2.5894212885743628e+00 
+5.6391588131936787e+00 +2.5918149750190254e+00 
+5.6454419985008588e+00 +2.5942070627019898e+00 
+5.6517251838080380e+00 +2.5965975501476959e+00 
+5.6580083691152181e+00 +2.5989864358815717e+00 
+5.6642915544223973e+00 +2.6013737184300316e+00 
+5.6705747397295765e+00 +2.6037593963204801e+00 
+5.6768579250367566e+00 +2.6061434680813118e+00 
+5.6831411103439358e+00 +2.6085259322419105e+00 
+5.6894242956511158e+00 +2.6109067873326537e+00 
+5.6957074809582950e+00 +2.6132860318849094e+00 
+5.7019906662654751e+00 +2.6156636644310405e+00 
+5.7082738515726543e+00 +2.6180396835044033e+00 
+5.7145570368798344e+00 +2.6204140876393507e+00 
+5.7208402221870136e+00 +2.6227868753712302e+00 
+5.7271234074941928e+00 +2.6251580452363874e+00 
+5.7334065928013729e+00 +2.6275275957721655e+00 
+5.7396897781085521e+00 +2.6298955255169063e+00 
+5.7459729634157322e+00 +2.6322618330099532e+00 
+5.7522561487229114e+00 +2.6346265167916467e+00 
+5.7585393340300914e+00 +2.6369895754033328e+00 
+5.7648225193372706e+00 +2.6393510073873574e+00 
+5.7711057046444507e+00 +2.6417108112870711e+00 
+5.7773888899516299e+00 +2.6440689856468276e+00 
+5.7836720752588091e+00 +2.6464255290119865e+00 
+5.7899552605659892e+00 +2.6487804399289145e+00 
+5.7962384458731684e+00 +2.6511337169449831e+00 
+5.8025216311803485e+00 +2.6534853586085738e+00 
+5.8088048164875277e+00 +2.6558353634690746e+00 
+5.8150880017947078e+00 +2.6581837300768854e+00 
+5.8213711871018869e+00 +2.6605304569834156e+00 
+5.8276543724090661e+00 +2.6628755427410855e+00 
+5.8339375577162462e+00 +2.6652189859033291e+00 
+5.8402207430234254e+00 +2.6675607850245924e+00 
+5.8465039283306055e+00 +2.6699009386603367e+00 
+5.8527871136377847e+00 +2.6722394453670368e+00 
+5.8590702989449648e+00 +2.6745763037021852e+00 
+5.8653534842521440e+00 +2.6769115122242897e+00 
+5.8716366695593241e+00 +2.6792450694928762e+00 
+5.8779198548665033e+00 +2.6815769740684896e+00 
+5.8842030401736825e+00 +2.6839072245126938e+00 
+5.8904862254808625e+00 +2.6862358193880738e+00 
+5.8967694107880417e+00 +2.6885627572582345e+00 
+5.9030525960952218e+00 +2.6908880366878045e+00 
+5.9093357814024010e+00 +2.6932116562424335e+00 
+5.9156189667095811e+00 +2.6955336144887978e+00 
+5.9219021520167603e+00 +2.6978539099945955e+00 
+5.9281853373239404e+00 +2.7001725413285524e+00 
+5.9344685226311196e+00 +2.7024895070604202e+00 
+5.9407517079382988e+00 +2.7048048057609777e+00 
+5.9470348932454788e+00 +2.7071184360020326e+00 
+5.9533180785526580e+00 +2.7094303963564212e+00 
+5.9596012638598381e+00 +2.7117406853980111e+00 
+5.9658844491670173e+00 +2.7140493017016984e+00 
+5.9721676344741974e+00 +2.7163562438434141e+00 
+5.9784508197813766e+00 +2.7186615104001195e+00 
+5.9847340050885567e+00 +2.7209650999498112e+00 
+5.9910171903957359e+00 +2.7232670110715178e+00 
+5.9973003757029151e+00 +2.7255672423453063e+00 
+6.0035835610100952e+00 +2.7278657923522784e+00 
+6.0098667463172744e+00 +2.7301626596745723e+00 
+6.0161499316244544e+00 +2.7324578428953652e+00 
+6.0224331169316336e+00 +2.7347513405988728e+00 
+6.0287163022388137e+00 +2.7370431513703504e+00 
+6.0349994875459929e+00 +2.7393332737960940e+00 
+6.0412826728531721e+00 +2.7416217064634409e+00 
+6.0475658581603522e+00 +2.7439084479607709e+00 
+6.0538490434675314e+00 +2.7461934968775075e+00 
+6.0601322287747115e+00 +2.7484768518041172e+00 
+6.0664154140818907e+00 +2.7507585113321116e+00 
+6.0726985993890708e+00 +2.7530384740540490e+00 
+6.0789817846962499e+00 +2.7553167385635335e+00 
+6.0852649700034300e+00 +2.7575933034552178e+00 
+6.0915481553106092e+00 +2.7598681673248011e+00 
+6.0978313406177884e+00 +2.7621413287690340e+00 
+6.1041145259249685e+00 +2.7644127863857162e+00 
+6.1103977112321477e+00 +2.7666825387736984e+00 
+6.1166808965393278e+00 +2.7689505845328832e+00 
+6.1229640818465070e+00 +2.7712169222642262e+00 
+6.1292472671536871e+00 +2.7734815505697363e+00 
+6.1355304524608663e+00 +2.7757444680524768e+00 
+6.1418136377680463e+00 +2.7780056733165668e+00 
+6.1480968230752255e+00 +2.7802651649671808e+00 
+6.1543800083824047e+00 +2.7825229416105515e+00 
+6.1606631936895848e+00 +2.7847790018539684e+00 
+6.1669463789967640e+00 +2.7870333443057804e+00 
+6.1732295643039441e+00 +2.7892859675753958e+00 
+6.1795127496111233e+00 +2.7915368702732830e+00 
+6.1857959349183034e+00 +2.7937860510109731e+00 
+6.1920791202254826e+00 +2.7960335084010572e+00 
+6.1983623055326618e+00 +2.7982792410571911e+00 
+6.2046454908398418e+00 +2.8005232475940947e+00 
+6.2109286761470210e+00 +2.8027655266275509e+00 
+6.2172118614542011e+00 +2.8050060767744101e+00 
+6.2234950467613803e+00 +2.8072448966525880e+00 
+6.2297782320685604e+00 +2.8094819848810690e+00 
+6.2360614173757396e+00 +2.8117173400799031e+00 
+6.2423446026829197e+00 +2.8139509608702125e+00 
+6.2486277879900989e+00 +2.8161828458741862e+00 
+6.2549109732972781e+00 +2.8184129937150861e+00 
+6.2611941586044582e+00 +2.8206414030172451e+00 
+6.2674773439116374e+00 +2.8228680724060684e+00 
+6.2737605292188174e+00 +2.8250930005080344e+00 
+6.2800437145259966e+00 +2.8273161859506950e+00 

