+0.0000000000000000e+00 +6.6666666666666666e-02 +1.8392598191142976e-15 
+9.2262558542903408e-03 +3.7847495629784700e-01 +4.6131269038859283e-03 
+2.8068892710524034e-02 +5.5485837703548635e-01 +1.4034417560190044e-02 
+5.0470923629220787e-02 +5.5485837703548635e-01 +2.5235294412207142e-02 
+6.9313560485454492e-02 +3.7847495629784700e-01 +3.4656346640026821e-02 
+7.8539816339744828e-02 +6.6666666666666666e-02 +3.9269277348848178e-02 

+7.8539816339744828e-02 +6.6666666666666666e-02 +3.9269277348857108e-02 
+8.7766072194035177e-02 +3.7847495629784700e-01 +4.3882155826356267e-02 
+1.0660870905026885e-01 +5.5485837703548635e-01 +5.3302776866688932e-02 
+1.2901073996896562e-01 +5.5485837703548635e-01 +6.4502574154664705e-02 
+1.4785337682519933e-01 +3.7847495629784700e-01 +7.3922479934050433e-02 
+1.5707963267948966e-01 +6.6666666666666666e-02 +7.8534769842698041e-02 

+1.5707963267948966e-01 +6.6666666666666666e-02 +7.8534769842710531e-02 
+1.6630588853378001e-01 +3.7847495629784700e-01 +8.3146955294872135e-02 
+1.8514852539001367e-01 +5.5485837703548635e-01 +9.2565998740417973e-02 
+2.0755055630871044e-01 +5.5485837703548635e-01 +1.0376363700477492e-01 
+2.2639319316494413e-01 +3.7847495629784700e-01 +1.1318148842554022e-01 
+2.3561944901923448e-01 +6.6666666666666666e-02 +1.1779269299200089e-01 

+2.3561944901923448e-01 +6.6666666666666666e-02 +1.1779269299201578e-01 
+2.4484570487352483e-01 +3.7847495629784700e-01 +1.2240374088675325e-01 
+2.6368834172975852e-01 +5.5485837703548635e-01 +1.3182029891051072e-01 
+2.8609037264845527e-01 +5.5485837703548635e-01 +1.4301469889958152e-01 
+3.0493300950468899e-01 +3.7847495629784700e-01 +1.5242958824959149e-01 
+3.1415926535897931e-01 +6.6666666666666666e-02 +1.5703926303639820e-01 

+3.1415926535897931e-01 +6.6666666666666666e-02 +1.5703926303641480e-01 
+3.2338552121326969e-01 +3.7847495629784700e-01 +1.6164872895131482e-01 
+3.4222815806950335e-01 +5.5485837703548635e-01 +1.7106189396582680e-01 
+3.6463018898820010e-01 +5.5485837703548635e-01 +1.8225197674004492e-01 
+3.8347282584443382e-01 +3.7847495629784700e-01 +1.9166299659266275e-01 
+3.9269908169872414e-01 +6.6666666666666666e-02 +1.9627069730977792e-01 

+3.9269908169872414e-01 +6.6666666666666666e-02 +1.9627069730979577e-01 
+4.0192533755301452e-01 +3.7847495629784700e-01 +2.0087813697492929e-01 
+4.2076797440924812e-01 +5.5485837703548635e-01 +2.1028700171976211e-01 
+4.4317000532794493e-01 +5.5485837703548635e-01 +2.2147168875566084e-01 
+4.6201264218417865e-01 +3.7847495629784700e-01 +2.3087793205720261e-01 
+4.7123889803846897e-01 +6.6666666666666666e-02 +2.3548321460484825e-01 

+4.7123889803846897e-01 +6.6666666666666666e-02 +2.3548321460486715e-01 
+4.8046515389275934e-01 +3.7847495629784700e-01 +2.4008818394560330e-01 
+4.9930779074899295e-01 +5.5485837703548635e-01 +2.4949184157479137e-01 
+5.2170982166768964e-01 +5.5485837703548635e-01 +2.6067005486895556e-01 
+5.4055245852392342e-01 +3.7847495629784700e-01 +2.7007061502611251e-01 
+5.4977871437821380e-01 +6.6666666666666666e-02 +2.7467303553757622e-01 

+5.4977871437821380e-01 +6.6666666666666666e-02 +2.7467303553759598e-01 
+5.5900497023250417e-01 +3.7847495629784700e-01 +2.7927509071740103e-01 
+5.7784760708873772e-01 +5.5485837703548635e-01 +2.8867263488685085e-01 
+6.0024963800743447e-01 +5.5485837703548635e-01 +2.9984329705981799e-01 
+6.1909227486366836e-01 +3.7847495629784700e-01 +3.0923726802703499e-01 
+6.2831853071795862e-01 +6.6666666666666666e-02 +3.1383638291145216e-01 

+6.2831853071795862e-01 +6.6666666666666666e-02 +3.1383638291147231e-01 
+6.3754478657224900e-01 +3.7847495629784700e-01 +3.1843508037468693e-01 
+6.5638742342848255e-01 +5.5485837703548635e-01 +3.2782560532953270e-01 
+6.7878945434717930e-01 +5.5485837703548635e-01 +3.3898763972963281e-01 
+6.9763209120341307e-01 +3.7847495629784700e-01 +3.4837411609643498e-01 
+7.0685834705770345e-01 +6.6666666666666666e-02 +3.5296948208154288e-01 

+7.0685834705770345e-01 +6.6666666666666666e-02 +3.5296948208156359e-01 
+7.1608460291199383e-01 +3.7847495629784700e-01 +3.5756437859615264e-01 
+7.3492723976822738e-01 +5.5485837703548635e-01 +3.6694697925805481e-01 
+7.5732927068692413e-01 +5.5485837703548635e-01 +3.7809931006518044e-01 
+7.7617190754315801e-01 +3.7847495629784700e-01 +3.8747738714343866e-01 
+7.8539816339744828e-01 +6.6666666666666666e-02 +3.9206856131830087e-01 

+7.8539816339744828e-01 +6.6666666666666666e-02 +3.9206856131832202e-01 
+7.9462441925173866e-01 +3.7847495629784700e-01 +3.9665921401859422e-01 
+8.1346705610797221e-01 +5.5485837703548635e-01 +4.0603298607297322e-01 
+8.3586908702666896e-01 +5.5485837703548635e-01 +4.1717453840226937e-01 
+8.5471172388290284e-01 +3.7847495629784700e-01 +4.2654331231339515e-01 
+8.6393797973719311e-01 +6.6666666666666666e-02 +4.3112985217109046e-01 

+8.6393797973719311e-01 +6.6666666666666666e-02 +4.3112985217111166e-01 
+8.7316423559148348e-01 +3.7847495629784700e-01 +4.3571581860040409e-01 
+8.9200687244771704e-01 +5.5485837703548635e-01 +4.4507985858359939e-01 
+9.1440890336641378e-01 +5.5485837703548635e-01 +4.5620955858906337e-01 
+9.3325154022264756e-01 +3.7847495629784700e-01 +4.6556812635112721e-01 
+9.4247779607693793e-01 +6.6666666666666666e-02 +4.7014958983139898e-01 

+9.4247779607693793e-01 +6.6666666666666666e-02 +4.7014958983142058e-01 
+9.5170405193122831e-01 +3.7847495629784700e-01 +4.7473042798474230e-01 
+9.7054668878746186e-01 +5.5485837703548635e-01 +4.8408383337109095e-01 
+9.9294871970615861e-01 +5.5485837703548635e-01 +4.9520060834907131e-01 
+1.0117913565623926e+00 +3.7847495629784700e-01 +5.0454806796383356e-01 
+1.0210176124166828e+00 +6.6666666666666666e-02 +5.0912401349569714e-01 

+1.0210176124166828e+00 +6.6666666666666666e-02 +5.0912401349571890e-01 
+1.0302438682709731e+00 +3.7847495629784700e-01 +5.1369928186235381e-01 
+1.0490865051272067e+00 +5.5485837703548635e-01 +5.2304115115117733e-01 
+1.0714885360459034e+00 +5.5485837703548635e-01 +5.3414392964376400e-01 
+1.0903311729021372e+00 +3.7847495629784700e-01 +5.4347938018361153e-01 
+1.0995574287564276e+00 +6.6666666666666666e-02 +5.4804936672791293e-01 

+1.0995574287564276e+00 +6.6666666666666666e-02 +5.4804936672793514e-01 
+1.1087836846107180e+00 +3.7847495629784700e-01 +5.5261862433399422e-01 
+1.1276263214669515e+00 +5.5485837703548635e-01 +5.6194805713648710e-01 
+1.1500283523856483e+00 +5.5485837703548635e-01 +5.7303576903478048e-01 
+1.1688709892418823e+00 +3.7847495629784700e-01 +5.8235831072955957e-01 
+1.1780972450961724e+00 +6.6666666666666666e-02 +5.8692189782148474e-01 

+1.1780972450961724e+00 +6.6666666666666666e-02 +5.8692189782150694e-01 
+1.1873235009504628e+00 +3.7847495629784700e-01 +5.9148470427243183e-01 
+1.2061661378066963e+00 +5.5485837703548635e-01 +6.0080080139844283e-01 
+1.2285681687253931e+00 +5.5485837703548635e-01 +6.1187237804569250e-01 
+1.2474108055816271e+00 +3.7847495629784700e-01 +6.2118111236943130e-01 
+1.2566370614359172e+00 +6.6666666666666666e-02 +6.2573786016095845e-01 

+1.2566370614359172e+00 +6.6666666666666666e-02 +6.2573786016098076e-01 
+1.2658633172902076e+00 +3.7847495629784700e-01 +6.3029377568398837e-01 
+1.2847059541464412e+00 +5.5485837703548635e-01 +6.3959563922868679e-01 
+1.3071079850651379e+00 +5.5485837703548635e-01 +6.5065001352329210e-01 
+1.3259506219213717e+00 +3.7847495629784700e-01 +6.5994404328080125e-01 
+1.3351768777756621e+00 +6.6666666666666666e-02 +6.6449351258309408e-01 

+1.3351768777756621e+00 +6.6666666666666666e-02 +6.6449351258311684e-01 
+1.3444031336299525e+00 +3.7847495629784700e-01 +6.6904209806958614e-01 
+1.3632457704861860e+00 +5.5485837703548635e-01 +6.7832883150000323e-01 
+1.3856478014048828e+00 +5.5485837703548635e-01 +6.8936493799836174e-01 
+1.4044904382611165e+00 +3.7847495629784700e-01 +6.9864336741170896e-01 
+1.4137166941154069e+00 +6.6666666666666666e-02 +7.0318511973744813e-01 

+1.4137166941154069e+00 +6.6666666666666666e-02 +7.0318511973747078e-01 
+1.4229429499696973e+00 +3.7847495629784700e-01 +7.0772593678526530e-01 
+1.4417855868259308e+00 +5.5485837703548635e-01 +7.1699664502670390e-01 
+1.4641876177446278e+00 +5.5485837703548635e-01 +7.2801342004590108e-01 
+1.4830302546008616e+00 +3.7847495629784700e-01 +7.3727535484074858e-01 
+1.4922565104551517e+00 +6.6666666666666666e-02 +7.4180895244639178e-01 

+1.4922565104551517e+00 +6.6666666666666666e-02 +7.4180895244641398e-01 
+1.5014827663094423e+00 +3.7847495629784700e-01 +7.4634156340213564e-01 
+1.5203254031656757e+00 +5.5485837703548635e-01 +7.5559535292444058e-01 
+1.5427274340843724e+00 +5.5485837703548635e-01 +7.6659173464477048e-01 
+1.5615700709406064e+00 +3.7847495629784700e-01 +7.7583628213656464e-01 
+1.5707963267948966e+00 +6.6666666666666666e-02 +7.8036128806453919e-01 

+1.5707963267948966e+00 +6.6666666666666666e-02 +7.8036128806456173e-01 
+1.5800225826491872e+00 +3.7847495629784700e-01 +7.8488525606573190e-01 
+1.5988652195054205e+00 +5.5485837703548635e-01 +7.9412123496940823e-01 
+1.6212672504241175e+00 +5.5485837703548635e-01 +8.0509616353671354e-01 
+1.6401098872803512e+00 +3.7847495629784700e-01 +8.1432243271672633e-01 
+1.6493361431346414e+00 +6.6666666666666666e-02 +8.1883841083754294e-01 

+1.6493361431346414e+00 +6.6666666666666666e-02 +8.1883841083756559e-01 
+1.6585623989889318e+00 +3.7847495629784700e-01 +8.2335329985473227e-01 
+1.6774050358451653e+00 +5.5485837703548635e-01 +8.3257057795691047e-01 
+1.6998070667638621e+00 +5.5485837703548635e-01 +8.4352299558473309e-01 
+1.7186497036200961e+00 +3.7847495629784700e-01 +8.5273009720593751e-01 
+1.7278759594743862e+00 +6.6666666666666666e-02 +8.5723661226022585e-01 

+1.7278759594743862e+00 +6.6666666666666666e-02 +8.5723661226024850e-01 
+1.7371022153286766e+00 +3.7847495629784700e-01 +8.6174198713901096e-01 
+1.7559448521849101e+00 +5.5485837703548635e-01 +8.7093967605924316e-01 
+1.7783468831036071e+00 +5.5485837703548635e-01 +8.8186852713077646e-01 
+1.7971895199598407e+00 +3.7847495629784700e-01 +8.9105557379355516e-01 
+1.8064157758141310e+00 +6.6666666666666666e-02 +8.9555219143401510e-01 

+1.8064157758141310e+00 +6.6666666666666666e-02 +8.9555219143403775e-01 
+1.8156420316684214e+00 +3.7847495629784700e-01 +9.0004761793698762e-01 
+1.8344846685246550e+00 +5.5485837703548635e-01 +9.0922483118287223e-01 
+1.8568866994433515e+00 +5.5485837703548635e-01 +9.2012906235270331e-01 
+1.8757293362995855e+00 +3.7847495629784700e-01 +9.2929516859037764e-01 
+1.8849555921538759e+00 +6.6666666666666666e-02 +9.3378145542364177e-01 

+1.8849555921538759e+00 +6.6666666666666666e-02 +9.3378145542366475e-01 
+1.8941818480081662e+00 +3.7847495629784700e-01 +9.3826650027223901e-01 
+1.9130244848643998e+00 +5.5485837703548635e-01 +9.4742235332486247e-01 
+1.9354265157830965e+00 +5.5485837703548635e-01 +9.5830091362049552e-01 
+1.9542691526393305e+00 +3.7847495629784700e-01 +9.6744519598466827e-01 
+1.9634954084936207e+00 +6.6666666666666666e-02 +9.7192071961307436e-01 

+1.9634954084936207e+00 +6.6666666666666666e-02 +9.7192071961309723e-01 
+1.9727216643479113e+00 +3.7847495629784700e-01 +9.7639495052933845e-01 
+1.9915643012041446e+00 +5.5485837703548635e-01 +9.8552856092852736e-01 
+2.0139663321228412e+00 +5.5485837703548635e-01 +9.9638040185167909e-01 
+2.0328089689790754e+00 +3.7847495629784700e-01 +1.0055019789973834e+00 
+2.0420352248333655e+00 +6.6666666666666666e-02 +1.0099663080606491e+00 

+2.0420352248333655e+00 +6.6666666666666666e-02 +1.0099663080606720e+00 
+2.0512614806876561e+00 +3.7847495629784700e-01 +1.0144292938088926e+00 
+2.0701041175438895e+00 +5.5485837703548635e-01 +1.0235397812382658e+00 
+2.0925061484625864e+00 +5.5485837703548635e-01 +1.0343638568659219e+00 
+2.1113487853188202e+00 +3.7847495629784700e-01 +1.0434618496365682e+00 
+2.1205750411731104e+00 +6.6666666666666666e-02 +1.0479145538533667e+00 

+2.1205750411731104e+00 +6.6666666666666666e-02 +1.0479145538533892e+00 
+2.1298012970274010e+00 +3.7847495629784700e-01 +1.0523658642817326e+00 
+2.1486439338836343e+00 +5.5485837703548635e-01 +1.0614523506535505e+00 
+2.1710459648023308e+00 +5.5485837703548635e-01 +1.0722476177387730e+00 
+2.1898886016585650e+00 +3.7847495629784700e-01 +1.0813211492508810e+00 
+2.1991148575128552e+00 +6.6666666666666666e-02 +1.0857617994603126e+00 

+2.1991148575128552e+00 +6.6666666666666666e-02 +1.0857617994603355e+00 
+2.2083411133671458e+00 +3.7847495629784700e-01 +1.0902010055422384e+00 
+2.2271837502233791e+00 +5.5485837703548635e-01 +1.0992626150820319e+00 
+2.2495857811420761e+00 +5.5485837703548635e-01 +1.1100280331545105e+00 
+2.2684284179983099e+00 +3.7847495629784700e-01 +1.1190762288822280e+00 
+2.2776546738526000e+00 +6.6666666666666666e-02 +1.1235043970851830e+00 

+2.2776546738526000e+00 +6.6666666666666666e-02 +1.1235043970852050e+00 
+2.2868809297068902e+00 +3.7847495629784700e-01 +1.1279310709607457e+00 
+2.3057235665631239e+00 +5.5485837703548635e-01 +1.1369669302917276e+00 
+2.3281255974818205e+00 +5.5485837703548635e-01 +1.1477014617580621e+00 
+2.3469682343380547e+00 +3.7847495629784700e-01 +1.1567234496174523e+00 
+2.3561944901923448e+00 +6.6666666666666666e-02 +1.1611387090178631e+00 

+2.3561944901923448e+00 +6.6666666666666666e-02 +1.1611387090178864e+00 
+2.3654207460466354e+00 +3.7847495629784700e-01 +1.1655524240350226e+00 
+2.3842633829028688e+00 +5.5485837703548635e-01 +1.1745616622622626e+00 
+2.4066654138215657e+00 +5.5485837703548635e-01 +1.1852642725059681e+00 
+2.4255080506777995e+00 +3.7847495629784700e-01 +1.1942591829390639e+00 
+2.4347343065320897e+00 +6.6666666666666666e-02 +1.1986611079850396e+00 

+2.4347343065320897e+00 +6.6666666666666666e-02 +1.1986611079850624e+00 
+2.4439605623863798e+00 +3.7847495629784700e-01 +1.2030614387407543e+00 
+2.4628031992426136e+00 +5.5485837703548635e-01 +1.2120431875351221e+00 
+2.4852052301613101e+00 +5.5485837703548635e-01 +1.2227128450163474e+00 
+2.5040478670175443e+00 +3.7847495629784700e-01 +1.2316798110749594e+00 
+2.5132741228718345e+00 +6.6666666666666666e-02 +1.2360679774998020e+00 

+2.5132741228718345e+00 +6.6666666666666666e-02 +1.2360679774998249e+00 
+2.5225003787261251e+00 +3.7847495629784700e-01 +1.2404544998810361e+00 
+2.5413430155823584e+00 +5.5485837703548635e-01 +1.2494078935628881e+00 
+2.5637450465010554e+00 +5.5485837703548635e-01 +1.2600435699178381e+00 
+2.5825876833572892e+00 +3.7847495629784700e-01 +1.2689817273471138e+00 
+2.5918139392115793e+00 +6.6666666666666666e-02 +1.2733557122102104e+00 

+2.5918139392115793e+00 +6.6666666666666666e-02 +1.2733557122102326e+00 
+2.6010401950658699e+00 +3.7847495629784700e-01 +1.2777280034348066e+00 
+2.6198828319221033e+00 +5.5485837703548635e-01 +1.2866521790574246e+00 
+2.6422848628407998e+00 +5.5485837703548635e-01 +1.2972528491974760e+00 
+2.6611274996970340e+00 +3.7847495629784700e-01 +1.3061613365191995e+00 
+2.6703537555513241e+00 +6.6666666666666666e-02 +1.3105207182467846e+00 

+2.6703537555513241e+00 +6.6666666666666666e-02 +1.3105207182468066e+00 
+2.6795800114056147e+00 +3.7847495629784700e-01 +1.3148783569042146e+00 
+2.6984226482618481e+00 +5.5485837703548635e-01 +1.3237724543369782e+00 
+2.7208246791805450e+00 +5.5485837703548635e-01 +1.3343370965474786e+00 
+2.7396673160367788e+00 +3.7847495629784700e-01 +1.3432150551430997e+00 
+2.7488935718910690e+00 +6.6666666666666666e-02 +1.3475594135688904e+00 

+2.7488935718910690e+00 +6.6666666666666666e-02 +1.3475594135689126e+00 
+2.7581198277453596e+00 +3.7847495629784700e-01 +1.3519019796608693e+00 
+2.7769624646015929e+00 +5.5485837703548635e-01 +1.3607651416721569e+00 
+2.7993644955202894e+00 +5.5485837703548635e-01 +1.3712927377109014e+00 
+2.8182071323765236e+00 +3.7847495629784700e-01 +1.3801393119042928e+00 
+2.8274333882308138e+00 +6.6666666666666666e-02 +1.3844682283099814e+00 

+2.8274333882308138e+00 +6.6666666666666666e-02 +1.3844682283100040e+00 
+2.8366596440851044e+00 +3.7847495629784700e-01 +1.3887953032909524e+00 
+2.8555022809413373e+00 +5.5485837703548635e-01 +1.3976266756307612e+00 
+2.8779043118600347e+00 +5.5485837703548635e-01 +1.4081162108261323e+00 
+2.8967469487162685e+00 +3.7847495629784700e-01 +1.4169305479660601e+00 
+2.9059732045705586e+00 +6.6666666666666666e-02 +1.4212436051216735e+00 

+2.9059732045705586e+00 +6.6666666666666666e-02 +1.4212436051216959e+00 
+2.9151994604248492e+00 +3.7847495629784700e-01 +1.4255547719391428e+00 
+2.9340420972810826e+00 +5.5485837703548635e-01 +1.4343535034214261e+00 
+2.9564441281997791e+00 +5.5485837703548635e-01 +1.4448039667701893e+00 
+2.9752867650560137e+00 +3.7847495629784700e-01 +1.4535852173124950e+00 
+2.9845130209103035e+00 +6.6666666666666666e-02 +1.4578819995166072e+00 

+2.9845130209103035e+00 +6.6666666666666666e-02 +1.4578819995166286e+00 
+2.9937392767645941e+00 +3.7847495629784700e-01 +1.4621768426513446e+00 
+3.0125819136208274e+00 +5.5485837703548635e-01 +1.4709420852360482e+00 
+3.0349839445395244e+00 +5.5485837703548635e-01 +1.4813524695007942e+00 
+3.0538265813957581e+00 +3.7847495629784700e-01 +1.4900997870902739e+00 
+3.0630528372500483e+00 +6.6666666666666666e-02 +1.4943798802100732e+00 

+3.0630528372500483e+00 +6.6666666666666666e-02 +1.4943798802100954e+00 
+3.0722790931043389e+00 +3.7847495629784700e-01 +1.4986579857161582e+00 
+3.0911217299605722e+00 +5.5485837703548635e-01 +1.5073888945909588e+00 
+3.1135237608792687e+00 +5.5485837703548635e-01 +1.5177581963971860e+00 
+3.1323663977355030e+00 +3.7847495629784700e-01 +1.5264707379491631e+00 
+3.1415926535897931e+00 +6.6666666666666666e-02 +1.5307337294603665e+00 

+3.1415926535897931e+00 +6.6666666666666666e-02 +1.5307337294603887e+00 
+3.1508189094440837e+00 +3.7847495629784700e-01 +1.5349946850050860e+00 
+3.1696615463003166e+00 +5.5485837703548635e-01 +1.5436904186668139e+00 
+3.1920635772190140e+00 +5.5485837703548635e-01 +1.5540176385996316e+00 
+3.2109062140752478e+00 +3.7847495629784700e-01 +1.5626945643812182e+00 
+3.2201324699295379e+00 +6.6666666666666666e-02 +1.5669400434078309e+00 

+3.2201324699295379e+00 +6.6666666666666666e-02 +1.5669400434078533e+00 
+3.2293587257838281e+00 +3.7847495629784700e-01 +1.5711834383114207e+00 
+3.2482013626400619e+00 +5.5485837703548635e-01 +1.5798431586471671e+00 
+3.2706033935587584e+00 +5.5485837703548635e-01 +1.5901273013476227e+00 
+3.2894460304149926e+00 +3.7847495629784700e-01 +1.5987677750586531e+00 
+3.2986722862692828e+00 +6.6666666666666666e-02 +1.6029953324125705e+00 

+3.2986722862692828e+00 +6.6666666666666666e-02 +1.6029953324125923e+00 
+3.3078985421235734e+00 +3.7847495629784700e-01 +1.6072207576877977e+00 
+3.3267411789798067e+00 +5.5485837703548635e-01 +1.6158436300556929e+00 
+3.3491432098985037e+00 +5.5485837703548635e-01 +1.6260837043167093e+00 
+3.3679858467547374e+00 +3.7847495629784700e-01 +1.6346868931703418e+00 
+3.3772121026090276e+00 +6.6666666666666666e-02 +1.6388961213907873e+00 

+3.3772121026090276e+00 +6.6666666666666666e-02 +1.6388961213908098e+00 
+3.3864383584633178e+00 +3.7847495629784700e-01 +1.6431031697823693e+00 
+3.4052809953195515e+00 +5.5485837703548635e-01 +1.6516883630920276e+00 
+3.4276830262382481e+00 +5.5485837703548635e-01 +1.6618833819539340e+00 
+3.4465256630944823e+00 +3.7847495629784700e-01 +1.6704484567569213e+00 
+3.4557519189487724e+00 +6.6666666666666666e-02 +1.6746389501497183e+00 

+3.4557519189487724e+00 +6.6666666666666666e-02 +1.6746389501497394e+00 
+3.4649781748030630e+00 +3.7847495629784700e-01 +1.6788272161735758e+00 
+3.4838208116592959e+00 +5.5485837703548635e-01 +1.6873739029661956e+00 
+3.5062228425779933e+00 +5.5485837703548635e-01 +1.6975228838118548e+00 
+3.5250654794342271e+00 +3.7847495629784700e-01 +1.7060490190444613e+00 
+3.5342917352885173e+00 +6.6666666666666666e-02 +1.7102203737211339e+00 

+3.5342917352885173e+00 +6.6666666666666666e-02 +1.7102203737211554e+00 
+3.5435179911428079e+00 +3.7847495629784700e-01 +1.7143894537034690e+00 
+3.5623606279990412e+00 +5.5485837703548635e-01 +1.7228968102315907e+00 
+3.5847626589177377e+00 +5.5485837703548635e-01 +1.7329987748811055e+00 
+3.6036052957739719e+00 +3.7847495629784700e-01 +1.7414851487766705e+00 
+3.6128315516282621e+00 +6.6666666666666666e-02 +1.7456369626933732e+00 

+3.6128315516282621e+00 +6.6666666666666666e-02 +1.7456369626933947e+00 
+3.6220578074825527e+00 +3.7847495629784700e-01 +1.7497864548095807e+00 
+3.6409004443387860e+00 +5.5485837703548635e-01 +1.7582536611164743e+00 
+3.6633024752574830e+00 +5.5485837703548635e-01 +1.7683076359214658e+00 
+3.6821451121137168e+00 +3.7847495629784700e-01 +1.7767534305456110e+00 
+3.6913713679680069e+00 +6.6666666666666666e-02 +1.7808853035418777e+00 

+3.6913713679680069e+00 +6.6666666666666666e-02 +1.7808853035418988e+00 
+3.7005976238222975e+00 +3.7847495629784700e-01 +1.7850148078552706e+00 
+3.7194402606785308e+00 +5.5485837703548635e-01 +1.7934410478539689e+00 
+3.7418422915972274e+00 +5.5485837703548635e-01 +1.8034460637914194e+00 
+3.7606849284534616e+00 +3.7847495629784700e-01 +1.8118504651208804e+00 
+3.7699111843077517e+00 +6.6666666666666666e-02 +1.8159619989581914e+00 

+3.7699111843077517e+00 +6.6666666666666666e-02 +1.8159619989582123e+00 
+3.7791374401620423e+00 +3.7847495629784700e-01 +1.8200711174585493e+00 
+3.7979800770182752e+00 +5.5485837703548635e-01 +1.8284555790105042e+00 
+3.8203821079369722e+00 +5.5485837703548635e-01 +1.8384106717761541e+00 
+3.8392247447932064e+00 +3.7847495629784700e-01 +1.8467728697772374e+00 
+3.8484510006474966e+00 +6.6666666666666666e-02 +1.8508636681774044e+00 

+3.8484510006474966e+00 +6.6666666666666666e-02 +1.8508636681774255e+00 
+3.8576772565017872e+00 +3.7847495629784700e-01 +1.8549520048193335e+00 
+3.8765198933580205e+00 +5.5485837703548635e-01 +1.8632938798126892e+00 
+3.8989219242767170e+00 +5.5485837703548635e-01 +1.8731980899139771e+00 
+3.9177645611329517e+00 +3.7847495629784700e-01 +1.8815172786206358e+00 
+3.9269908169872414e+00 +6.6666666666666666e-02 +1.8855869473039946e+00 

+3.9269908169872414e+00 +6.6666666666666666e-02 +1.8855869473040157e+00 
+3.9362170728415320e+00 +3.7847495629784700e-01 +1.8896541080450993e+00 
+3.9550597096977649e+00 +5.5485837703548635e-01 +1.8979525924725815e+00 
+3.9774617406164614e+00 +5.5485837703548635e-01 +1.9078049653211251e+00 
+3.9963043774726956e+00 +3.7847495629784700e-01 +1.9160803429126356e+00 
+4.0055306333269858e+00 +6.6666666666666666e-02 +1.9201284896360478e+00 

+4.0055306333269858e+00 +6.6666666666666666e-02 +1.9201284896360689e+00 
+4.0147568891812764e+00 +3.7847495629784700e-01 +1.9241740824749121e+00 
+4.0335995260375093e+00 +5.5485837703548635e-01 +1.9324283765113202e+00 
+4.0560015569562067e+00 +5.5485837703548635e-01 +1.9422279625149172e+00 
+4.0748441938124413e+00 +3.7847495629784700e-01 +1.9504587313931636e+00 
+4.0840704496667311e+00 +6.6666666666666666e-02 +1.9544849659878232e+00 

+4.0840704496667311e+00 +6.6666666666666666e-02 +1.9544849659878432e+00 
+4.0932967055210217e+00 +3.7847495629784700e-01 +1.9585086010017876e+00 
+4.1121393423772545e+00 +5.5485837703548635e-01 +1.9667179090810822e+00 
+4.1345413732959519e+00 +5.5485837703548635e-01 +1.9764637637352378e+00 
+4.1533840101521857e+00 +3.7847495629784700e-01 +1.9846491306015848e+00 
+4.1626102660064763e+00 +6.6666666666666666e-02 +1.9886530650106204e+00 

+4.1626102660064763e+00 +6.6666666666666666e-02 +1.9886530650106415e+00 
+4.1718365218607669e+00 +3.7847495629784700e-01 +1.9926543543933686e+00 
+4.1906791587169998e+00 +5.5485837703548635e-01 +2.0008178852853500e+00 
+4.2130811896356963e+00 +5.5485837703548635e-01 +2.0105090692643079e+00 
+4.2319238264919310e+00 +3.7847495629784700e-01 +2.0186482451960606e+00 
+4.2411500823462207e+00 +6.6666666666666666e-02 +2.0226294935119409e+00 

+4.2411500823462207e+00 +6.6666666666666666e-02 +2.0226294935119613e+00 
+4.2503763382005113e+00 +3.7847495629784700e-01 +2.0266080516108742e+00 
+4.2692189750567442e+00 +5.5485837703548635e-01 +2.0347250184974444e+00 
+4.2916210059754407e+00 +5.5485837703548635e-01 +2.0443605977447215e+00 
+4.3104636428316754e+00 +3.7847495629784700e-01 +2.0524527982711622e+00 
+4.3196898986859651e+00 +6.6666666666666666e-02 +2.0564109767728889e+00 

+4.3196898986859651e+00 +6.6666666666666666e-02 +2.0564109767729097e+00 
+4.3289161545402557e+00 +3.7847495629784700e-01 +2.0603664201262966e+00 
+4.3477587913964886e+00 +5.5485837703548635e-01 +2.0684360406772924e+00 
+4.3701608223151860e+00 +5.5485837703548635e-01 +2.0780150864957081e+00 
+4.3890034591714198e+00 +3.7847495629784700e-01 +2.0860595316737074e+00 
+4.3982297150257104e+00 +6.6666666666666666e-02 +2.0899942588637974e+00 

+4.3982297150257104e+00 +6.6666666666666666e-02 +2.0899942588638178e+00 
+4.4074559708800010e+00 +3.7847495629784700e-01 +2.0939262062378168e+00 
+4.4262986077362338e+00 +5.5485837703548635e-01 +2.1019477026864153e+00 
+4.4487006386549313e+00 +5.5485837703548635e-01 +2.1114692918275932e+00 
+4.4675432755111659e+00 +3.7847495629784700e-01 +2.1194652063167827e+00 
+4.4767695313654556e+00 +6.6666666666666666e-02 +2.1233761029580402e+00 

+4.4767695313654556e+00 +6.6666666666666666e-02 +2.1233761029580598e+00 
+4.4859957872197462e+00 +3.7847495629784700e-01 +2.1272841753833984e+00 
+4.5048384240759791e+00 +5.5485837703548635e-01 +2.1352567746010762e+00 
+4.5272404549946756e+00 +5.5485837703548635e-01 +2.1447199893544386e+00 
+4.5460830918509103e+00 +3.7847495629784700e-01 +2.1526666024919372e+00 
+4.5553093477052000e+00 +6.6666666666666666e-02 +2.1565532916440024e+00 

+4.5553093477052000e+00 +6.6666666666666666e-02 +2.1565532916440233e+00 
+4.5645356035594906e+00 +3.7847495629784700e-01 +2.1604371124525468e+00 
+4.5833782404157235e+00 +5.5485837703548635e-01 +2.1683600460235950e+00 
+4.6057802713344200e+00 +5.5485837703548635e-01 +2.1777639743048081e+00 
+4.6246229081906547e+00 +3.7847495629784700e-01 +2.1856605201795021e+00 
+4.6338491640449444e+00 +6.6666666666666666e-02 +2.1895226272351875e+00 

+4.6338491640449444e+00 +6.6666666666666666e-02 +2.1895226272352080e+00 
+4.6430754198992350e+00 +3.7847495629784700e-01 +2.1933818220961840e+00 
+4.6619180567554679e+00 +5.5485837703548635e-01 +2.2012543263917772e+00 
+4.6843200876741653e+00 +5.5485837703548635e-01 +2.2105980618306593e+00 
+4.7031627245304000e+00 +3.7847495629784700e-01 +2.2184437793570218e+00 
+4.7123889803846897e+00 +6.6666666666666666e-02 +2.2222809320784105e+00 

+4.7123889803846897e+00 +6.6666666666666666e-02 +2.2222809320784287e+00 
+4.7216152362389803e+00 +3.7847495629784700e-01 +2.2261151290346262e+00 
+4.7404578730952132e+00 +5.5485837703548635e-01 +2.2339364452864143e+00 
+4.7628599040139106e+00 +5.5485837703548635e-01 +2.2432190873142970e+00 
+4.7817025408701443e+00 +3.7847495629784700e-01 +2.2510132203057425e+00 
+4.7909287967244349e+00 +6.6666666666666666e-02 +2.2548250488600678e+00 

+4.7909287967244349e+00 +6.6666666666666666e-02 +2.2548250488600878e+00 
+4.8001550525787255e+00 +3.7847495629784700e-01 +2.2586338783636197e+00 
+4.8189976894349584e+00 +5.5485837703548635e-01 +2.2664032527368638e+00 
+4.8413997203536550e+00 +5.5485837703548635e-01 +2.2756239066733888e+00 
+4.8602423572098887e+00 +3.7847495629784700e-01 +2.2833657039151571e+00 
+4.8694686130641793e+00 +6.6666666666666666e-02 +2.2871518409104503e+00 

+4.8694686130641793e+00 +6.6666666666666666e-02 +2.2871518409104694e+00 
+4.8786948689184699e+00 +3.7847495629784700e-01 +2.2909349358584228e+00 
+4.8975375057747028e+00 +5.5485837703548635e-01 +2.2986516195246498e+00 
+4.9199395366933993e+00 +5.5485837703548635e-01 +2.3078093966639988e+00 
+4.9387821735496340e+00 +3.7847495629784700e-01 +2.3154981119855589e+00 
+4.9480084294039237e+00 +6.6666666666666666e-02 +2.3192581925060547e+00 

+4.9480084294039237e+00 +6.6666666666666666e-02 +2.3192581925060751e+00 
+4.9572346852582143e+00 +3.7847495629784700e-01 +2.3230151882758845e+00 
+4.9760773221144472e+00 +5.5485837703548635e-01 +2.3306784374850613e+00 
+4.9984793530331446e+00 +5.5485837703548635e-01 +2.3397724551816128e+00 
+5.0173219898893793e+00 +3.7847495629784700e-01 +2.3474073475285802e+00 
+5.0265482457436690e+00 +6.6666666666666666e-02 +2.3511410091698930e+00 

+5.0265482457436690e+00 +6.6666666666666666e-02 +2.3511410091699125e+00 
+5.0357745015979596e+00 +3.7847495629784700e-01 +2.3548715436545069e+00 
+5.0546171384541925e+00 +5.5485837703548635e-01 +2.3624806198067247e+00 
+5.0770191693728899e+00 +5.5485837703548635e-01 +2.3715100015601260e+00 
+5.0958618062291237e+00 +3.7847495629784700e-01 +2.3790903350656838e+00 
+5.1050880620834143e+00 +6.6666666666666666e-02 +2.3827972179697343e+00 

+5.1050880620834143e+00 +6.6666666666666666e-02 +2.3827972179697525e+00 
+5.1143143179377049e+00 +3.7847495629784700e-01 +2.3865009316124537e+00 
+5.1331569547939377e+00 +5.5485837703548635e-01 +2.3940551013291165e+00 
+5.1555589857126343e+00 +5.5485837703548635e-01 +2.4030189768687600e+00 
+5.1744016225688689e+00 +3.7847495629784700e-01 +2.4105440209245885e+00 
+5.1836278784231586e+00 +6.6666666666666666e-02 +2.4142237678142857e+00 

+5.1836278784231586e+00 +6.6666666666666666e-02 +2.4142237678143057e+00 
+5.1928541342774492e+00 +3.7847495629784700e-01 +2.4179003036434819e+00 
+5.2116967711336821e+00 +5.5485837703548635e-01 +2.4253988388379901e+00 
+5.2340988020523787e+00 +5.5485837703548635e-01 +2.4342963442068948e+00 
+5.2529414389086133e+00 +3.7847495629784700e-01 +2.4417653735335851e+00 
+5.2621676947629030e+00 +6.6666666666666666e-02 +2.4454176297472663e+00 

+5.2621676947629030e+00 +6.6666666666666666e-02 +2.4454176297472845e+00 
+5.2713939506171936e+00 +3.7847495629784700e-01 +2.4490666334107640e+00 
+5.2902365874734265e+00 +5.5485837703548635e-01 +2.4565088113586864e+00 
+5.3126386183921239e+00 +5.5485837703548635e-01 +2.4653390889967666e+00 
+5.3314812552483577e+00 +3.7847495629784700e-01 +2.4727513837137280e+00 
+5.3407075111026483e+00 +6.6666666666666666e-02 +2.4763757972393359e+00 

+5.3407075111026483e+00 +6.6666666666666666e-02 +2.4763757972393545e+00 
+5.3499337669569389e+00 +3.7847495629784700e-01 +2.4799969170385667e+00 
+5.3687764038131718e+00 +5.5485837703548635e-01 +2.4873820204473045e+00 
+5.3911784347318692e+00 +5.5485837703548635e-01 +2.4961442192740231e+00 
+5.4100210715881030e+00 +3.7847495629784700e-01 +2.5034990649688620e+00 
+5.4192473274423936e+00 +6.6666666666666666e-02 +2.5070952864778784e+00 

+5.4192473274423936e+00 +6.6666666666666666e-02 +2.5070952864778979e+00 
+5.4284735832966842e+00 +3.7847495629784700e-01 +2.5106881734017787e+00 
+5.4473162201529171e+00 +5.5485837703548635e-01 +2.5180154904796956e+00 
+5.4697182510716136e+00 +5.5485837703548635e-01 +2.5267087659760903e+00 
+5.4885608879278482e+00 +3.7847495629784700e-01 +2.5340054537734704e+00 
+5.4977871437821380e+00 +6.6666666666666666e-02 +2.5375731366545820e+00 

+5.4977871437821380e+00 +6.6666666666666666e-02 +2.5375731366546010e+00 
+5.5070133996364286e+00 +3.7847495629784700e-01 +2.5411374444132333e+00 
+5.5258560364926614e+00 +5.5485837703548635e-01 +2.5484062689382561e+00 
+5.5482580674113580e+00 +5.5485837703548635e-01 +2.5570297832283422e+00 
+5.5671007042675926e+00 +3.7847495629784700e-01 +2.5642676098583084e+00 
+5.5763269601218823e+00 +6.6666666666666666e-02 +2.5678064102508125e+00 

+5.5763269601218823e+00 +6.6666666666666666e-02 +2.5678064102508298e+00 
+5.5855532159761729e+00 +3.7847495629784700e-01 +2.5713417953088138e+00 
+5.6043958528324058e+00 +5.5485837703548635e-01 +2.5785514266965071e+00 
+5.6267978837511023e+00 +5.5485837703548635e-01 +2.5871043486280283e+00 
+5.6456405206073370e+00 +3.7847495629784700e-01 +2.5942826164937847e+00 
+5.6548667764616276e+00 +6.6666666666666666e-02 +2.5977921933207346e+00 

+5.6548667764616276e+00 +6.6666666666666666e-02 +2.5977921933207533e+00 
+5.6640930323159182e+00 +3.7847495629784700e-01 +2.6012983149303155e+00 
+5.6829356691721511e+00 +5.5485837703548635e-01 +2.6084480583013998e+00 
+5.7053377000908485e+00 +5.5485837703548635e-01 +2.6169295635259409e+00 
+5.7241803369470832e+00 +3.7847495629784700e-01 +2.6240475807710895e+00 
+5.7334065928013729e+00 +6.6666666666666666e-02 +2.6275275957721647e+00 

+5.7334065928013729e+00 +6.6666666666666666e-02 +2.6275275957721833e+00 
+5.7426328486556635e+00 +3.7847495629784700e-01 +2.6310041160060282e+00 
+5.7614754855118964e+00 +5.5485837703548635e-01 +2.6380932822533576e+00 
+5.7838775164305929e+00 +5.5485837703548635e-01 +2.6465025533057895e+00 
+5.8027201532868276e+00 +3.7847495629784700e-01 +2.6535596338810130e+00 
+5.8119464091411173e+00 +6.6666666666666666e-02 +2.6570097516451261e+00 

+5.8119464091411173e+00 +6.6666666666666666e-02 +2.6570097516451439e+00 
+5.8211726649954079e+00 +3.7847495629784700e-01 +2.6604563354290147e+00 
+5.8400153018516407e+00 +5.5485837703548635e-01 +2.6674842412839914e+00 
+5.8624173327703373e+00 +5.5485837703548635e-01 +2.6758204676612687e+00 
+5.8812599696265710e+00 +3.7847495629784700e-01 +2.6828159313904529e+00 
+5.8904862254808616e+00 +6.6666666666666666e-02 +2.6862358193880729e+00 

+5.8904862254808616e+00 +6.6666666666666666e-02 +2.6862358193880906e+00 
+5.8997124813351522e+00 +3.7847495629784700e-01 +2.6896521345330688e+00 
+5.9185551181913851e+00 +5.5485837703548635e-01 +2.6966181026314975e+00 
+5.9409571491100825e+00 +5.5485837703548635e-01 +2.7048804808707705e+00 
+5.9597997859663172e+00 +3.7847495629784700e-01 +2.7118136535165633e+00 
+5.9690260418206069e+00 +6.6666666666666666e-02 +2.7152029821317667e+00 

+5.9690260418206069e+00 +6.6666666666666666e-02 +2.7152029821317840e+00 
+5.9782522976748984e+00 +3.7847495629784700e-01 +2.7185886993663053e+00 
+5.9970949345311304e+00 +5.5485837703548635e-01 +2.7254920583136819e+00 
+6.0194969654498278e+00 +5.5485837703548635e-01 +2.7336797920697404e+00 
+6.0383396023060625e+00 +3.7847495629784700e-01 +2.7405500053985308e+00 
+6.0475658581603522e+00 +6.6666666666666666e-02 +2.7439084479607705e+00 

+6.0475658581603522e+00 +6.6666666666666666e-02 +2.7439084479607891e+00 
+6.0567921140146428e+00 +3.7847495629784700e-01 +2.7472632409623778e+00 
+6.0756347508708757e+00 +5.5485837703548635e-01 +2.7541033253986003e+00 
+6.0980367817895722e+00 +5.5485837703548635e-01 +2.7622156255206227e+00 
+6.1168794186458069e+00 +3.7847495629784700e-01 +2.7690222173669494e+00 
+6.1261056745000966e+00 +6.6666666666666666e-02 +2.7723494501825425e+00 

+6.1261056745000966e+00 +6.6666666666666666e-02 +2.7723494501825594e+00 
+6.1353319303543872e+00 +3.7847495629784700e-01 +2.7756729956092858e+00 
+6.1541745672106201e+00 +5.5485837703548635e-01 +2.7824491462727803e+00 
+6.1765765981293166e+00 +5.5485837703548635e-01 +2.7904852308803956e+00 
+6.1954192349855504e+00 +3.7847495629784700e-01 +2.7972275452107702e+00 
+6.2046454908398410e+00 +6.6666666666666666e-02 +2.8005232475940933e+00 

+6.2046454908398410e+00 +6.6666666666666666e-02 +2.8005232475941098e+00 
+6.2138717466941316e+00 +3.7847495629784700e-01 +2.8038152251157493e+00 
+6.2327143835503644e+00 +5.5485837703548635e-01 +2.8105267889070089e+00 
+6.2551164144690610e+00 +5.5485837703548635e-01 +2.8184858834656579e+00 
+6.2739590513252965e+00 +3.7847495629784700e-01 +2.8251632704417928e+00 
+6.2831853071795862e+00 +6.6666666666666666e-02 +2.8284271247461890e+00 


