+0.0000000000000000e+00 +1.6666666666666666e-01 -4.9349185856702601e-07 
+1.0853935671135300e-02 +8.3333333333333337e-01 +5.4268949515125231e-03 
+2.8415972498737112e-02 +8.3333333333333337e-01 +1.4208027585519166e-02 
+3.9269908169872414e-02 +1.6666666666666666e-01 +1.9634715997222073e-02 

+3.9269908169872414e-02 +1.6666666666666666e-01 +1.9634713765445771e-02 
+5.0123843841007709e-02 +8.3333333333333337e-01 +2.5061776461467480e-02 
+6.7685880668609519e-02 +8.3333333333333337e-01 +3.3842568460873218e-02 
+7.8539816339744828e-02 +1.6666666666666666e-01 +3.9269161572403309e-02 

+7.8539816339744828e-02 +1.6666666666666666e-01 +3.9269158304177681e-02 
+8.9393752010880123e-02 +8.3333333333333337e-01 +4.4695964382817109e-02 
+1.0695578883848195e-01 +8.3333333333333337e-01 +5.3476323995375295e-02 
+1.1780972450961724e-01 +1.6666666666666666e-01 +5.8902639264751491e-02 

+1.1780972450961724e-01 +1.6666666666666666e-01 +5.8902635257084494e-02 
+1.2866366018075254e-01 +8.3333333333333337e-01 +6.4329073742765891e-02 
+1.4622569700835436e-01 +8.3333333333333337e-01 +7.3108795506158453e-02 
+1.5707963267948966e-01 +1.6666666666666666e-01 +7.8534689943564578e-02 

+1.5707963267948966e-01 +1.6666666666666666e-01 +7.8534685368300064e-02 
+1.6793356835062495e-01 +8.3333333333333337e-01 +8.3960633126137135e-02 
+1.8549560517822677e-01 +8.3333333333333337e-01 +9.2739507113436731e-02 
+1.9634954084936207e-01 +1.6666666666666666e-01 +9.8164844369806589e-02 

+1.9634954084936207e-01 +1.6666666666666666e-01 +9.8164839343399854e-02 
+2.0720347652049736e-01 +8.3333333333333337e-01 +1.0359016963639345e-01 
+2.2476551334809919e-01 +8.3333333333333337e-01 +1.1236798496034853e-01 
+2.3561944901923448e-01 +1.6666666666666666e-01 +1.1779263110170275e-01 

+2.3561944901923448e-01 +1.6666666666666666e-01 +1.1779262570890857e-01 
+2.4647338469036978e-01 +8.3333333333333337e-01 +1.2321721026779707e-01 
+2.6403542151797160e-01 +8.3333333333333337e-01 +1.3199375573526617e-01 
+2.7488935718910690e-01 +1.6666666666666666e-01 +1.3741757798178716e-01 

+2.7488935718910690e-01 +1.6666666666666666e-01 +1.3741757228686988e-01 
+2.8574329286024219e-01 +8.3333333333333337e-01 +1.4284128205837568e-01 
+3.0330532968784402e-01 +8.3333333333333337e-01 +1.5161634636614921e-01 
+3.1415926535897931e-01 +1.6666666666666666e-01 +1.5703921258598361e-01 

+3.1415926535897931e-01 +1.6666666666666666e-01 +1.5703920663900556e-01 
+3.2501320103011461e-01 +8.3333333333333337e-01 +1.6246191212208358e-01 
+3.4257523785771643e-01 +8.3333333333333337e-01 +1.7123528393365015e-01 
+3.5342917352885173e-01 +1.6666666666666666e-01 +1.7665706240154888e-01 

+3.5342917352885173e-01 +1.6666666666666666e-01 +1.7665705624227879e-01 
+3.6428310919998702e-01 +8.3333333333333337e-01 +1.8207862766232541e-01 
+3.8184514602758884e-01 +8.3333333333333337e-01 +1.9085009564452943e-01 
+3.9269908169872414e-01 +1.6666666666666666e-01 +1.9627065491294993e-01 

+3.9269908169872414e-01 +1.6666666666666666e-01 +1.9627064857345994e-01 
+4.0355301736985943e-01 +8.3333333333333337e-01 +2.0169095598233441e-01 
+4.2111505419746126e-01 +8.3333333333333337e-01 +2.1046030882601782e-01 
+4.3196898986859655e-01 +1.6666666666666666e-01 +2.1587951765061714e-01 

+4.3196898986859655e-01 +1.6666666666666666e-01 +2.1587951115709145e-01 
+4.4282292553973185e-01 +8.3333333333333337e-01 +2.2129842449527209e-01 
+4.6038496236733367e-01 +8.3333333333333337e-01 +2.3006545092869618e-01 
+4.7123889803846897e-01 +1.6666666666666666e-01 +2.3548317822276524e-01 

+4.7123889803846897e-01 +1.6666666666666666e-01 +2.3548317159680282e-01 
+4.8209283370960432e-01 +8.3333333333333337e-01 +2.4090056073456168e-01 
+4.9965487053720609e-01 +8.3333333333333337e-01 +2.4966504953326144e-01 
+5.1050880620834138e-01 +1.6666666666666666e-01 +2.5508116433873096e-01 

+5.1050880620834138e-01 +1.6666666666666666e-01 +2.5508115759830857e-01 
+5.2136274187947673e-01 +8.3333333333333337e-01 +2.6049689236448603e-01 
+5.3892477870707856e-01 +8.3333333333333337e-01 +2.6925863235923092e-01 
+5.4977871437821380e-01 +1.6666666666666666e-01 +2.7467300382773668e-01 

+5.4977871437821380e-01 +1.6666666666666666e-01 +2.7467299698793540e-01 
+5.6063265004934915e-01 +8.3333333333333337e-01 +2.8008694719099614e-01 
+5.7819468687695097e-01 +8.3333333333333337e-01 +2.8884572727468433e-01 
+5.8904862254808621e-01 +1.6666666666666666e-01 +2.9425822465503343e-01 

+5.8904862254808621e-01 +1.6666666666666666e-01 +2.9425821772859578e-01 
+5.9990255821922156e-01 +8.3333333333333337e-01 +2.9967025317266965e-01 
+6.1746459504682327e-01 +8.3333333333333337e-01 +3.0842586230659280e-01 
+6.2831853071795862e-01 +1.6666666666666666e-01 +3.1383635493646606e-01 

+6.2831853071795862e-01 +1.6666666666666666e-01 +3.1383634793422904e-01 
+6.3917246638909386e-01 +8.3333333333333337e-01 +3.1924633843177702e-01 
+6.5673450321669569e-01 +8.3333333333333337e-01 +3.2799856565149776e-01 
+6.6758843888783104e-01 +1.6666666666666666e-01 +3.3340692295204860e-01 

+6.6758843888783104e-01 +1.6666666666666666e-01 +3.3340691588328458e-01 
+6.7844237455896628e-01 +8.3333333333333337e-01 +3.3881473126542211e-01 
+6.9600441138656810e-01 +8.3333333333333337e-01 +3.4756336568640411e-01 
+7.0685834705770345e-01 +1.6666666666666666e-01 +3.5296945715889488e-01 

+7.0685834705770345e-01 +1.6666666666666666e-01 +3.5296945003158220e-01 
+7.1771228272883869e-01 +8.3333333333333337e-01 +3.5837496015673515e-01 
+7.3527431955644063e-01 +8.3333333333333337e-01 +3.6711979097981068e-01 
+7.4612825522757587e-01 +1.6666666666666666e-01 +3.7252348620371445e-01 

+7.4612825522757587e-01 +1.6666666666666666e-01 +3.7252347902475402e-01 
+7.5698219089871122e-01 +8.3333333333333337e-01 +3.7792655378610146e-01 
+7.7454422772631304e-01 +8.3333333333333337e-01 +3.8666737030282916e-01 
+7.8539816339744828e-01 +1.6666666666666666e-01 +3.9206853893501015e-01 

+7.8539816339744828e-01 +1.6666666666666666e-01 +3.9206853171040129e-01 
+7.9625209906858352e-01 +8.3333333333333337e-01 +3.9746904104241659e-01 
+8.1381413589618534e-01 +8.3333333333333337e-01 +4.0620563264036302e-01 
+8.2466807156732069e-01 +1.6666666666666666e-01 +4.1160414441506293e-01 

+8.2466807156732069e-01 +1.6666666666666666e-01 +4.1160413715004540e-01 
+8.3552200723845593e-01 +8.3333333333333337e-01 +4.1700195103435794e-01 
+8.5308404406605787e-01 +8.3333333333333337e-01 +4.2573410720232424e-01 
+8.6393797973719311e-01 +1.6666666666666666e-01 +4.3112983193176191e-01 

+8.6393797973719311e-01 +1.6666666666666666e-01 +4.3112982463093352e-01 
+8.7479191540832835e-01 +8.3333333333333337e-01 +4.3652481310166880e-01 
+8.9235395223593017e-01 +8.3333333333333337e-01 +4.4525232343487836e-01 
+9.0320788790706552e-01 +1.6666666666666666e-01 +4.5064513101032189e-01 

+9.0320788790706552e-01 +1.6666666666666666e-01 +4.5064512367773396e-01 
+9.1406182357820076e-01 +8.3333333333333337e-01 +4.5603715682644830e-01 
+9.3162386040580270e-01 +8.3333333333333337e-01 +4.6475981103170494e-01 
+9.4247779607693793e-01 +1.6666666666666666e-01 +4.7014957142491204e-01 

+9.4247779607693793e-01 +1.6666666666666666e-01 +4.7014956406414976e-01 
+9.5333173174807317e-01 +8.3333333333333337e-01 +4.7553851204444708e-01 
+9.7089376857567500e-01 +8.3333333333333337e-01 +4.8425609994527002e-01 
+9.8174770424681035e-01 +1.6666666666666666e-01 +4.8964268321021942e-01 

+9.8174770424681035e-01 +1.6666666666666666e-01 +4.8964267582446824e-01 
+9.9260163991794559e-01 +8.3333333333333337e-01 +4.9502840885636346e-01 
+1.0101636767455475e+00 +8.3333333333333337e-01 +5.0374072039810525e-01 
+1.0210176124166828e+00 +1.6666666666666666e-01 +5.0912399667295882e-01 

+1.0210176124166828e+00 +1.6666666666666666e-01 +5.0912398926505964e-01 
+1.0318715480878180e+00 +8.3333333333333337e-01 +5.1450637763913842e-01 
+1.0494335849154199e+00 +8.3333333333333337e-01 +5.2321320289408912e-01 
+1.0602875205865552e+00 +1.6666666666666666e-01 +5.2859304240334093e-01 

+1.0602875205865552e+00 +1.6666666666666666e-01 +5.2859303497583721e-01 
+1.0711414562576904e+00 +8.3333333333333337e-01 +5.3397194905725165e-01 
+1.0887034930852924e+00 +8.3333333333333337e-01 +5.4267307822972999e-01 
+1.0995574287564276e+00 +1.6666666666666666e-01 +5.4804935128650523e-01 

+1.0995574287564276e+00 +1.6666666666666666e-01 +5.4804934384168214e-01 
+1.1104113644275628e+00 +8.3333333333333337e-01 +5.5342465407401065e-01 
+1.1279734012551648e+00 +8.3333333333333337e-01 +5.6211987750544723e-01 
+1.1388273369263000e+00 +1.6666666666666666e-01 +5.6749245451392316e-01 

+1.1388273369263000e+00 +1.6666666666666666e-01 +5.6749244705384216e-01 
+1.1496812725974352e+00 +8.3333333333333337e-01 +5.7286402396283853e-01 
+1.1672433094250372e+00 +8.3333333333333337e-01 +5.8155313213684912e-01 
+1.1780972450961724e+00 +1.6666666666666666e-01 +5.8692188359477859e-01 

+1.1780972450961724e+00 +1.6666666666666666e-01 +5.8692187612130464e-01 
+1.1889511807673077e+00 +8.3333333333333337e-01 +5.9228959031855577e-01 
+1.2065132175949096e+00 +8.3333333333333337e-01 +6.0097237386600766e-01 
+1.2173671532660448e+00 +1.6666666666666666e-01 +6.0633717036732371e-01 

+1.2173671532660448e+00 +1.6666666666666666e-01 +6.0633716288214956e-01 
+1.2282210889371801e+00 +8.3333333333333337e-01 +6.1170088506865516e-01 
+1.2457831257647820e+00 +8.3333333333333337e-01 +6.2037713477272738e-01 
+1.2566370614359172e+00 +1.6666666666666666e-01 +6.2573784701021717e-01 

+1.2566370614359172e+00 +1.6666666666666666e-01 +6.2573783951488560e-01 
+1.2674909971070525e+00 +8.3333333333333337e-01 +6.3109744048457350e-01 
+1.2850530339346544e+00 +8.3333333333333337e-01 +6.3976694728580963e-01 
+1.2959069696057897e+00 +1.6666666666666666e-01 +6.4512344605384642e-01 

+1.2959069696057897e+00 +1.6666666666666666e-01 +6.4512343854976695e-01 
+1.3067609052769249e+00 +8.3333333333333337e-01 +6.5047878919295188e-01 
+1.3243229421045268e+00 +8.3333333333333337e-01 +6.5914134419430825e-01 
+1.3351768777756621e+00 +1.6666666666666666e-01 +6.6449350039163024e-01 

+1.3351768777756621e+00 +1.6666666666666666e-01 +6.6449349288009496e-01 
+1.3460308134467973e+00 +8.3333333333333337e-01 +6.6984446418689336e-01 
+1.3635928502743992e+00 +8.3333333333333337e-01 +6.7849985865878037e-01 
+1.3744467859455345e+00 +1.6666666666666666e-01 +6.8384754329131003e-01 

+1.3744467859455345e+00 +1.6666666666666666e-01 +6.8384753577350688e-01 
+1.3853007216166700e+00 +8.3333333333333337e-01 +6.8919399883720800e-01 
+1.4028627584442717e+00 +8.3333333333333337e-01 +6.9784202422252728e-01 
+1.4137166941154069e+00 +1.6666666666666666e-01 +7.0318510840622472e-01 

+1.4137166941154069e+00 +1.6666666666666666e-01 +7.0318510088324993e-01 
+1.4245706297865421e+00 +8.3333333333333337e-01 +7.0852692690365404e-01 
+1.4421326666141441e+00 +8.3333333333333337e-01 +7.1716737482282977e-01 
+1.4529866022852793e+00 +1.6666666666666666e-01 +7.2250572978657335e-01 

+1.4529866022852793e+00 +1.6666666666666666e-01 +7.2250572225944043e-01 
+1.4638405379564148e+00 +8.3333333333333337e-01 +7.2784278254616641e-01 
+1.4814025747840165e+00 +8.3333333333333337e-01 +7.3647544480217120e-01 
+1.4922565104551517e+00 +1.6666666666666666e-01 +7.4180894189066371e-01 

+1.4922565104551517e+00 +1.6666666666666666e-01 +7.4180893436031314e-01 
+1.5031104461262872e+00 +8.3333333333333337e-01 +7.4714110033607950e-01 
+1.5206724829538887e+00 +8.3333333333333337e-01 +7.5576576891945546e-01 
+1.5315264186250241e+00 +1.6666666666666666e-01 +7.6109427959614884e-01 

+1.5315264186250241e+00 +1.6666666666666666e-01 +7.6109427206345570e-01 
+1.5423803542961594e+00 +8.3333333333333337e-01 +7.6642141526733754e-01 
+1.5599423911237613e+00 +8.3333333333333337e-01 +7.7503788236121240e-01 
+1.5707963267948966e+00 +1.6666666666666666e-01 +7.8036127821124968e-01 

+1.5707963267948966e+00 +1.6666666666666666e-01 +7.8036127067702998e-01 
+1.5816502624660318e+00 +8.3333333333333337e-01 +7.8568326276769795e-01 
+1.5992122992936337e+00 +8.3333333333333337e-01 +7.9429132075279552e-01 
+1.6100662349647690e+00 +1.6666666666666666e-01 +7.9960947348596800e-01 

+1.6100662349647690e+00 +1.6666666666666666e-01 +7.9960946595098503e-01 
+1.6209201706359044e+00 +8.3333333333333337e-01 +8.0492617870992189e-01 
+1.6384822074635059e+00 +8.3333333333333337e-01 +8.1352562016956764e-01 
+1.6493361431346414e+00 +1.6666666666666666e-01 +8.1883840162328358e-01 

+1.6493361431346414e+00 +1.6666666666666666e-01 +8.1883839408825276e-01 
+1.6601900788057766e+00 +8.3333333333333337e-01 +8.2414969942295613e-01 
+1.6777521156333783e+00 +8.3333333333333337e-01 +8.3274031714807784e-01 
+1.6886060513045138e+00 +1.6666666666666666e-01 +8.3804759929033967e-01 

+1.6886060513045138e+00 +1.6666666666666666e-01 +8.3804759175593457e-01 
+1.6994599869756490e+00 +8.3333333333333337e-01 +8.4335336170310493e-01 
+1.7170220238032510e+00 +8.3333333333333337e-01 +8.5193494869722686e-01 
+1.7278759594743862e+00 +1.6666666666666666e-01 +8.5723660362961918e-01 

+1.7278759594743862e+00 +1.6666666666666666e-01 +8.5723659609647362e-01 
+1.7387298951455215e+00 +8.3333333333333337e-01 +8.6253670282518768e-01 
+1.7562919319731234e+00 +8.3333333333333337e-01 +8.7110905230942037e-01 
+1.7671458676442586e+00 +1.6666666666666666e-01 +8.7640495227010318e-01 

+1.7671458676442586e+00 +1.6666666666666666e-01 +8.7640494473881636e-01 
+1.7779998033153941e+00 +8.3333333333333337e-01 +8.8169926055368886e-01 
+1.7955618401429956e+00 +8.3333333333333337e-01 +8.9026216597171359e-01 
+1.8064157758141310e+00 +1.6666666666666666e-01 +8.9555218333842113e-01 

+1.8064157758141310e+00 +1.6666666666666666e-01 +8.9555217580956048e-01 
+1.8172697114852663e+00 +8.3333333333333337e-01 +9.0084057315389321e-01 
+1.8348317483128680e+00 +8.3333333333333337e-01 +9.0939382817694003e-01 
+1.8456856839840035e+00 +1.6666666666666666e-01 +9.1467783546998460e-01 

+1.8456856839840035e+00 +1.6666666666666666e-01 +9.1467782794408869e-01 
+1.8565396196551387e+00 +8.3333333333333337e-01 +9.1996017940301211e-01 
+1.8741016564827406e+00 +8.3333333333333337e-01 +9.2850357793483296e-01 
+1.8849555921538759e+00 +1.6666666666666666e-01 +9.3378144782011174e-01 

+1.8849555921538759e+00 +1.6666666666666666e-01 +9.3378144029769250e-01 
+1.8958095278250111e+00 +8.3333333333333337e-01 +9.3905761860129500e-01 
+1.9133715646526130e+00 +8.3333333333333337e-01 +9.4759095478313060e-01 
+1.9242255003237483e+00 +1.6666666666666666e-01 +9.5286256007513526e-01 

+1.9242255003237483e+00 +1.6666666666666666e-01 +9.5286255255668151e-01 
+1.9350794359948837e+00 +8.3333333333333337e-01 +9.5813243058312936e-01 
+1.9526414728224855e+00 +8.3333333333333337e-01 +9.6665549879867052e-01 
+1.9634954084936207e+00 +1.6666666666666666e-01 +9.7192071246349954e-01 

+1.9634954084936207e+00 +1.6666666666666666e-01 +9.7192070494947702e-01 
+1.9743493441647559e+00 +8.3333333333333337e-01 +9.7718415572812767e-01 
+1.9919113809923576e+00 +8.3333333333333337e-01 +9.8569675060847095e-01 
+2.0027653166634929e+00 +1.6666666666666666e-01 +9.9095544576684114e-01 

+2.0027653166634929e+00 +1.6666666666666666e-01 +9.9095543825769650e-01 
+2.0136192523346281e+00 +8.3333333333333337e-01 +9.9621233497220363e-01 
+2.0311812891622303e+00 +8.3333333333333337e-01 +1.0047142514008003e+00 
+2.0420352248333655e+00 +1.6666666666666666e-01 +1.0099663013310605e+00 

+2.0420352248333655e+00 +1.6666666666666666e-01 +1.0099662938272214e+00 
+2.0528891605045008e+00 +8.3333333333333337e-01 +1.0152165098186308e+00 
+2.0704511973321029e+00 +8.3333333333333337e-01 +1.0237075429362295e+00 
+2.0813051330032382e+00 +1.6666666666666666e-01 +1.0289528210773742e+00 

+2.0813051330032382e+00 +1.6666666666666666e-01 +1.0289528135792521e+00 
+2.0921590686743734e+00 +8.3333333333333337e-01 +1.0341962223490897e+00 
+2.1097211055019751e+00 +8.3333333333333337e-01 +1.0426761675586740e+00 
+2.1205750411731104e+00 +1.6666666666666666e-01 +1.0479145475133562e+00 

+2.1205750411731104e+00 +1.6666666666666666e-01 +1.0479145400213465e+00 
+2.1314289768442456e+00 +8.3333333333333337e-01 +1.0531510152347030e+00 
+2.1489910136718473e+00 +8.3333333333333337e-01 +1.0616196682064216e+00 
+2.1598449493429825e+00 +1.6666666666666666e-01 +1.0668510237439650e+00 

+2.1598449493429825e+00 +1.6666666666666666e-01 +1.0668510162584488e+00 
+2.1706988850141178e+00 +8.3333333333333337e-01 +1.0720804317470529e+00 
+2.1882609218417199e+00 +8.3333333333333337e-01 +1.0805375884231441e+00 
+2.1991148575128552e+00 +1.6666666666666666e-01 +1.0857617934825543e+00 

+2.1991148575128552e+00 +1.6666666666666666e-01 +1.0857617860039006e+00 
+2.2099687931839904e+00 +8.3333333333333337e-01 +1.0909840157691881e+00 
+2.2275308300115926e+00 +8.3333333333333337e-01 +1.0994294723688951e+00 
+2.2383847656827278e+00 +1.6666666666666666e-01 +1.1046464010618691e+00 

+2.2383847656827278e+00 +1.6666666666666666e-01 +1.1046463935904338e+00 
+2.2492387013538631e+00 +8.3333333333333337e-01 +1.1098613118066103e+00 
+2.2668007381814648e+00 +8.3333333333333337e-01 +1.1182948648310940e+00 
+2.2776546738526000e+00 +1.6666666666666666e-01 +1.1235043914450280e+00 

+2.2776546738526000e+00 +1.6666666666666666e-01 +1.1235043839811558e+00 
+2.2885086095237352e+00 +8.3333333333333337e-01 +1.1287118649982546e+00 
+2.3060706463513370e+00 +8.3333333333333337e-01 +1.1371333112354962e+00 
+2.3169245820224722e+00 +1.6666666666666666e-01 +1.1423353102364882e+00 

+2.3169245820224722e+00 +1.6666666666666666e-01 +1.1423353027805143e+00 
+2.3277785176936074e+00 +8.3333333333333337e-01 +1.1475352211274426e+00 
+2.3453405545212096e+00 +8.3333333333333337e-01 +1.1559443576571420e+00 
+2.3561944901923448e+00 +1.6666666666666666e-01 +1.1611387036929985e+00 

+2.3561944901923448e+00 +1.6666666666666666e-01 +1.1611386962452481e+00 
+2.3670484258634801e+00 +8.3333333333333337e-01 +1.1663309266328334e+00 
+2.3846104626910822e+00 +8.3333333333333337e-01 +1.1747275508312969e+00 
+2.3954643983622175e+00 +1.6666666666666666e-01 +1.1799141187345314e+00 

+2.3954643983622175e+00 +1.6666666666666666e-01 +1.1799141112953202e+00 
+2.4063183340333527e+00 +8.3333333333333337e-01 +1.1850985286193487e+00 
+2.4238803708609544e+00 +8.3333333333333337e-01 +1.1934824381643723e+00 
+2.4347343065320897e+00 +1.6666666666666666e-01 +1.1986611029552026e+00 

+2.4347343065320897e+00 +1.6666666666666666e-01 +1.1986610955248387e+00 
+2.4455882422032249e+00 +8.3333333333333337e-01 +1.2038375748690837e+00 
+2.4631502790308266e+00 +8.3333333333333337e-01 +1.2122085677448295e+00 
+2.4740042147019619e+00 +1.6666666666666666e-01 +1.2173792046341729e+00 

+2.4740042147019619e+00 +1.6666666666666666e-01 +1.2173791972129562e+00 
+2.4848581503730971e+00 +8.3333333333333337e-01 +1.2225476138522091e+00 
+2.5024201872006993e+00 +8.3333333333333337e-01 +1.2309054883540722e+00 
+2.5132741228718345e+00 +1.6666666666666666e-01 +1.2360679727465345e+00 

+2.5132741228718345e+00 +1.6666666666666666e-01 +1.2360679653347582e+00 
+2.5241280585429697e+00 +8.3333333333333337e-01 +1.2412281947378452e+00 
+2.5416900953705719e+00 +8.3333333333333337e-01 +1.2495727494773143e+00 
+2.5525440310417071e+00 +1.6666666666666666e-01 +1.2547269569741788e+00 

+2.5525440310417071e+00 +1.6666666666666666e-01 +1.2547269495721294e+00 
+2.5633979667128424e+00 +8.3333333333333337e-01 +1.2598788674049275e+00 
+2.5809600035404441e+00 +8.3333333333333337e-01 +1.2682099013144374e+00 
+2.5918139392115793e+00 +1.6666666666666666e-01 +1.2733557077166491e+00 

+2.5918139392115793e+00 +1.6666666666666666e-01 +1.2733557003246065e+00 
+2.6026678748827146e+00 +8.3333333333333337e-01 +1.2784991824530523e+00 
+2.6202299117103163e+00 +8.3333333333333337e-01 +1.2868164947908292e+00 
+2.6310838473814515e+00 +1.6666666666666666e-01 +1.2919537761019730e+00 

+2.6310838473814515e+00 +1.6666666666666666e-01 +1.2919537687202112e+00 
+2.6419377830525868e+00 +8.3333333333333337e-01 +1.2970886912133037e+00 
+2.6594998198801889e+00 +8.3333333333333337e-01 +1.3053920815682025e+00 
+2.6703537555513241e+00 +1.6666666666666666e-01 +1.3105207139974804e+00 

+2.6703537555513241e+00 +1.6666666666666666e-01 +1.3105207066262687e+00 
+2.6812076912224594e+00 +8.3333333333333337e-01 +1.3156469457590672e+00 
+2.6987697280500615e+00 +8.3333333333333337e-01 +1.3239362140554003e+00 
+2.7096236637211968e+00 +1.6666666666666666e-01 +1.3290560740206028e+00 

+2.7096236637211968e+00 +1.6666666666666666e-01 +1.3290560666602043e+00 
+2.7204775993923320e+00 +8.3333333333333337e-01 +1.3341734989168206e+00 
+2.7380396362199337e+00 +8.3333333333333337e-01 +1.3424484454191790e+00 
+2.7488935718910690e+00 +1.6666666666666666e-01 +1.3475594095496521e+00 

+2.7488935718910690e+00 +1.6666666666666666e-01 +1.3475594022003257e+00 
+2.7597475075622042e+00 +8.3333333333333337e-01 +1.3526679042769076e+00 
+2.7773095443898059e+00 +8.3333333333333337e-01 +1.3609283295949750e+00 
+2.7881634800609412e+00 +1.6666666666666666e-01 +1.3660302747345845e+00 

+2.7881634800609412e+00 +1.6666666666666666e-01 +1.3660302673965847e+00 
+2.7990174157320764e+00 +8.3333333333333337e-01 +1.3711297162042986e+00 
+2.8165794525596786e+00 +8.3333333333333337e-01 +1.3793754212976539e+00 
+2.8274333882308138e+00 +1.6666666666666666e-01 +1.3844682245077431e+00 

+2.8274333882308138e+00 +1.6666666666666666e-01 +1.3844682171813198e+00 
+2.8382873239019490e+00 +8.3333333333333337e-01 +1.3895584898493243e+00 
+2.8558493607295512e+00 +8.3333333333333337e-01 +1.3977892760322388e+00 
+2.8667032964006864e+00 +1.6666666666666666e-01 +1.4028728145945826e+00 

+2.8667032964006864e+00 +1.6666666666666666e-01 +1.4028728072799821e+00 
+2.8775572320718217e+00 +8.3333333333333337e-01 +1.4079537811583960e+00 
+2.8951192688994234e+00 +8.3333333333333337e-01 +1.4161694501046209e+00 
+2.9059732045705586e+00 +1.6666666666666666e-01 +1.4212436015243746e+00 

+2.9059732045705586e+00 +1.6666666666666666e-01 +1.4212435942218393e+00 
+2.9168271402416939e+00 +8.3333333333333337e-01 +1.4263151468847062e+00 
+2.9343891770692956e+00 +8.3333333333333337e-01 +1.4345155006322516e+00 
+2.9452431127404308e+00 +1.6666666666666666e-01 +1.4395801426408963e+00 

+2.9452431127404308e+00 +1.6666666666666666e-01 +1.4395801353506639e+00 
+2.9560970484115661e+00 +8.3333333333333337e-01 +1.4446421445989064e+00 
+2.9736590852391682e+00 +8.3333333333333337e-01 +1.4528269855548117e+00 
+2.9845130209103035e+00 +1.6666666666666666e-01 +1.4578819961130924e+00 

+2.9845130209103035e+00 +1.6666666666666666e-01 +1.4578819888353989e+00 
+2.9953669565814391e+00 +8.3333333333333337e-01 +1.4629343326997715e+00 
+3.0129289934090409e+00 +8.3333333333333337e-01 +1.4711034636448652e+00 
+3.0237829290801761e+00 +1.6666666666666666e-01 +1.4761487209457256e+00 

+3.0237829290801761e+00 +1.6666666666666666e-01 +1.4761487136808029e+00 
+3.0346368647513113e+00 +8.3333333333333337e-01 +1.4811912704248362e+00 
+3.0521989015789130e+00 +8.3333333333333337e-01 +1.4893444945184893e+00 
+3.0630528372500483e+00 +1.6666666666666666e-01 +1.4943798769900007e+00 

+3.0630528372500483e+00 +1.6666666666666666e-01 +1.4943798697380786e+00 
+3.0739067729211835e+00 +8.3333333333333337e-01 +1.4994125178610180e+00 
+3.0914688097487852e+00 +8.3333333333333337e-01 +1.5075496386458873e+00 
+3.1023227454199205e+00 +1.6666666666666666e-01 +1.5125750249541723e+00 

+3.1023227454199205e+00 +1.6666666666666666e-01 +1.5125750177154771e+00 
+3.1131766810910557e+00 +8.3333333333333337e-01 +1.5175976359552179e+00 
+3.1307387179186579e+00 +8.3333333333333337e-01 +1.5257184573619786e+00 
+3.1415926535897931e+00 +1.6666666666666666e-01 +1.5307337264141299e+00 

+3.1415926535897931e+00 +1.6666666666666666e-01 +1.5307337191888839e+00 
+3.1524465892609284e+00 +8.3333333333333337e-01 +1.5357461865248956e+00 
+3.1700086260885305e+00 +8.3333333333333337e-01 +1.5438505128769675e+00 
+3.1808625617596658e+00 +1.6666666666666666e-01 +1.5488555438239591e+00 

+3.1808625617596658e+00 +1.6666666666666666e-01 +1.5488555366123842e+00 
+3.1917164974308010e+00 +8.3333333333333337e-01 +1.5538577322686331e+00 
+3.2092785342584027e+00 +8.3333333333333337e-01 +1.5619453682868931e+00 
+3.2201324699295379e+00 +1.6666666666666666e-01 +1.5669400405264893e+00 

+3.2201324699295379e+00 +1.6666666666666666e-01 +1.5669400333288033e+00 
+3.2309864056006732e+00 +8.3333333333333337e-01 +1.5719318367766670e+00 
+3.2485484424282749e+00 +8.3333333333333337e-01 +1.5800025875841575e+00 
+3.2594023780994101e+00 +1.6666666666666666e-01 +1.5849867807638132e+00 

+3.2594023780994101e+00 +1.6666666666666666e-01 +1.5849867735802328e+00 
+3.2702563137705454e+00 +8.3333333333333337e-01 +1.5899680645414069e+00 
+3.2878183505981471e+00 +8.3333333333333337e-01 +1.5980217356680289e+00 
+3.2986722862692828e+00 +1.6666666666666666e-01 +1.6029953296877875e+00 

+3.2986722862692828e+00 +1.6666666666666666e-01 +1.6029953225185265e+00 
+3.3095262219404180e+00 +8.3333333333333337e-01 +1.6079659809679290e+00 
+3.3270882587680202e+00 +8.3333333333333337e-01 +1.6160023783551301e+00 
+3.3379421944391554e+00 +1.6666666666666666e-01 +1.6209652533705099e+00 

+3.3379421944391554e+00 +1.6666666666666666e-01 +1.6209652462157802e+00 
+3.3487961301102906e+00 +8.3333333333333337e-01 +1.6259251523844460e+00 
+3.3663581669378924e+00 +8.3333333333333337e-01 +1.6339440823898950e+00 
+3.3772121026090276e+00 +1.6666666666666666e-01 +1.6388961188147761e+00 

+3.3772121026090276e+00 +1.6666666666666666e-01 +1.6388961116747869e+00 
+3.3880660382801628e+00 +8.3333333333333337e-01 +1.6438451460527583e+00 
+3.4056280751077646e+00 +8.3333333333333337e-01 +1.6518464154550114e+00 
+3.4164820107788998e+00 +1.6666666666666666e-01 +1.6567874939645140e+00 

+3.4164820107788998e+00 +1.6666666666666666e-01 +1.6567874868394732e+00 
+3.4273359464500350e+00 +8.3333333333333337e-01 +1.6617255301786824e+00 
+3.4448979832776372e+00 +8.3333333333333337e-01 +1.6697089461818400e+00 
+3.4557519189487724e+00 +1.6666666666666666e-01 +1.6746389477151924e+00 

+3.4557519189487724e+00 +1.6666666666666666e-01 +1.6746389406053057e+00 
+3.4666058546199077e+00 +8.3333333333333337e-01 +1.6795658739224513e+00 
+3.4841678914475098e+00 +8.3333333333333337e-01 +1.6875312441608019e+00 
+3.4950218271186451e+00 +1.6666666666666666e-01 +1.6924500499242117e+00 

+3.4950218271186451e+00 +1.6666666666666666e-01 +1.6924500428296838e+00 
+3.5058757627897803e+00 +8.3333333333333337e-01 +1.6973657474090986e+00 
+3.5234377996173820e+00 +8.3333333333333337e-01 +1.7053128799517556e+00 
+3.5342917352885173e+00 +1.6666666666666666e-01 +1.7102203714212658e+00 

+3.5342917352885173e+00 +1.6666666666666666e-01 +1.7102203643422984e+00 
+3.5451456709596525e+00 +8.3333333333333337e-01 +1.7151247217388179e+00 
+3.5627077077872542e+00 +8.3333333333333337e-01 +1.7230534250943434e+00 
+3.5735616434583894e+00 +1.6666666666666666e-01 +1.7279494840186846e+00 

+3.5735616434583894e+00 +1.6666666666666666e-01 +1.7279494769554780e+00 
+3.5844155791295247e+00 +8.3333333333333337e-01 +1.7328423689972932e+00 
+3.6019776159571264e+00 +8.3333333333333337e-01 +1.7407524521183131e+00 
+3.6128315516282621e+00 +1.6666666666666666e-01 +1.7456369605217530e+00 

+3.6128315516282621e+00 +1.6666666666666666e-01 +1.7456369534745062e+00 
+3.6236854872993973e+00 +8.3333333333333337e-01 +1.7505182622660138e+00 
+3.6412475241269995e+00 +8.3333333333333337e-01 +1.7584095345538202e+00 
+3.6521014597981347e+00 +1.6666666666666666e-01 +1.7632823747390014e+00 

+3.6521014597981347e+00 +1.6666666666666666e-01 +1.7632823677079132e+00 
+3.6629553954692700e+00 +8.3333333333333337e-01 +1.7681519756325597e+00 
+3.6805174322968717e+00 +8.3333333333333337e-01 +1.7760242469417031e+00 
+3.6913713679680069e+00 +1.6666666666666666e-01 +1.7808853014924795e+00 

+3.6913713679680069e+00 +1.6666666666666666e-01 +1.7808852944777454e+00 
+3.7022253036391422e+00 +8.3333333333333337e-01 +1.7857430842008628e+00 
+3.7197873404667439e+00 +8.3333333333333337e-01 +1.7935961648437351e+00 
+3.7306412761378791e+00 +1.6666666666666666e-01 +1.7984453166279959e+00 

+3.7306412761378791e+00 +1.6666666666666666e-01 +1.7984453096298101e+00 
+3.7414952118090143e+00 +8.3333333333333337e-01 +1.8032911641014475e+00 
+3.7590572486366165e+00 +8.3333333333333337e-01 +1.8111248648528526e+00 
+3.7699111843077517e+00 +1.6666666666666666e-01 +1.8159619970253431e+00 

+3.7699111843077517e+00 +1.6666666666666666e-01 +1.8159619900438988e+00 
+3.7807651199788870e+00 +8.3333333333333337e-01 +1.8207957925016416e+00 
+3.7983271568064891e+00 +8.3333333333333337e-01 +1.8286099246033545e+00 
+3.8091810924776244e+00 +1.6666666666666666e-01 +1.8334349206084919e+00 

+3.8091810924776244e+00 +1.6666666666666666e-01 +1.8334349136439803e+00 
+3.8200350281487596e+00 +8.3333333333333337e-01 +1.8382565476157680e+00 
+3.8375970649763618e+00 +8.3333333333333337e-01 +1.8460509227810822e+00 
+3.8484510006474966e+00 +1.6666666666666666e-01 +1.8508636663557583e+00 

+3.8484510006474966e+00 +1.6666666666666666e-01 +1.8508636594083703e+00 
+3.8593049363186323e+00 +8.3333333333333337e-01 +1.8556730087153042e+00 
+3.8768669731462335e+00 +8.3333333333333337e-01 +1.8634474391335698e+00 
+3.8877209088173688e+00 +1.6666666666666666e-01 +1.8682478143099546e+00 

+3.8877209088173688e+00 +1.6666666666666666e-01 +1.8682478073798794e+00 
+3.8985748444885040e+00 +8.3333333333333337e-01 +1.8730447561390220e+00 
+3.9161368813161062e+00 +8.3333333333333337e-01 +1.8807990544801709e+00 
+3.9269908169872414e+00 +1.6666666666666666e-01 +1.8855869455885024e+00 

+3.9269908169872414e+00 +1.6666666666666666e-01 +1.8855869386759285e+00 
+3.9378447526583766e+00 +8.3333333333333337e-01 +1.8903713713031003e+00 
+3.9554067894859788e+00 +8.3333333333333337e-01 +1.8981053507221604e+00 
+3.9662607251571140e+00 +1.6666666666666666e-01 +1.9028806423935309e+00 

+3.9662607251571140e+00 +1.6666666666666666e-01 +1.9028806354986447e+00 
+3.9771146608282493e+00 +8.3333333333333337e-01 +1.9076524367112095e+00 
+3.9946766976558505e+00 +8.3333333333333337e-01 +1.9153659108528052e+00 
+4.0055306333269858e+00 +1.6666666666666666e-01 +1.9201284880219391e+00 

+4.0055306333269858e+00 +1.6666666666666666e-01 +1.9201284811449260e+00 
+4.0163845689981210e+00 +8.3333333333333337e-01 +1.9248875359645712e+00 
+4.0339466058257232e+00 +8.3333333333333337e-01 +1.9325803189674160e+00 
+4.0448005414968584e+00 +1.6666666666666666e-01 +1.9373300668754421e+00 

+4.0448005414968584e+00 +1.6666666666666666e-01 +1.9373300600164867e+00 
+4.0556544771679937e+00 +8.3333333333333337e-01 +1.9420762537719933e+00 
+4.0732165139955958e+00 +8.3333333333333337e-01 +1.9497481602733675e+00 
+4.0840704496667311e+00 +1.6666666666666666e-01 +1.9544849644705815e+00 

+4.0840704496667311e+00 +1.6666666666666666e-01 +1.9544849576298677e+00 
+4.0949243853378663e+00 +8.3333333333333337e-01 +1.9592181759598750e+00 
+4.1124864221654684e+00 +8.3333333333333337e-01 +1.9668690211000905e+00 
+4.1233403578366037e+00 +1.6666666666666666e-01 +1.9715927674487128e+00 

+4.1233403578366037e+00 +1.6666666666666666e-01 +1.9715927606264225e+00 
+4.1341942935077389e+00 +8.3333333333333337e-01 +1.9763128894821886e+00 
+4.1517563303353411e+00 +8.3333333333333337e-01 +1.9839424889090458e+00 
+4.1626102660064763e+00 +1.6666666666666666e-01 +1.9886530635859683e+00 

+4.1626102660064763e+00 +1.6666666666666666e-01 +1.9886530567822822e+00 
+4.1734642016776116e+00 +8.3333333333333337e-01 +1.9933599824304296e+00 
+4.1910262385052128e+00 +8.3333333333333337e-01 +2.0009681523036575e+00 
+4.2018801741763481e+00 +1.6666666666666666e-01 +2.0056654418031861e+00 

+4.2018801741763481e+00 +1.6666666666666666e-01 +2.0056654350182850e+00 
+4.2127341098474833e+00 +8.3333333333333337e-01 +2.0103590440435424e+00 
+4.2302961466750855e+00 +8.3333333333333337e-01 +2.0179456010392300e+00 
+4.2411500823462207e+00 +1.6666666666666666e-01 +2.0226294921758194e+00 

+4.2411500823462207e+00 +1.6666666666666666e-01 +2.0226294854098832e+00 
+4.2520040180173559e+00 +8.3333333333333337e-01 +2.0273096647178210e+00 
+4.2695660548449581e+00 +8.3333333333333337e-01 +2.0348744260328333e+00 
+4.2804199905160933e+00 +1.6666666666666666e-01 +2.0395448059438115e+00 

+4.2804199905160933e+00 +1.6666666666666666e-01 +2.0395447991970173e+00 
+4.2912739261872286e+00 +8.3333333333333337e-01 +2.0442114360167745e+00 
+4.3088359630148299e+00 +8.3333333333333337e-01 +2.0517542193731577e+00 
+4.3196898986859651e+00 +1.6666666666666666e-01 +2.0564109755214455e+00 

+4.3196898986859651e+00 +1.6666666666666666e-01 +2.0564109687939696e+00 
+4.3305438343571003e+00 +8.3333333333333337e-01 +2.0610639506809685e+00 
+4.3481058711847025e+00 +8.3333333333333337e-01 +2.0685845743303437e+00 
+4.3589598068558377e+00 +1.6666666666666666e-01 +2.0732275945071641e+00 

+4.3589598068558377e+00 +1.6666666666666666e-01 +2.0732275877991850e+00 
+4.3698137425269730e+00 +8.3333333333333337e-01 +2.0778668026378466e+00 
+4.3873757793545751e+00 +8.3333333333333337e-01 +2.0853650853657846e+00 
+4.3982297150257104e+00 +1.6666666666666666e-01 +2.0899942576933674e+00 

+4.3982297150257104e+00 +1.6666666666666666e-01 +2.0899942510050584e+00 
+4.4090836506968456e+00 +8.3333333333333337e-01 +2.0946195870115014e+00 
+4.4266456875244478e+00 +8.3333333333333337e-01 +2.1020953481418951e+00 
+4.4374996231955830e+00 +1.6666666666666666e-01 +2.1067105610761692e+00 

+4.4374996231955830e+00 +1.6666666666666666e-01 +2.1067105544077056e+00 
+4.4483535588667182e+00 +8.3333333333333337e-01 +2.1113219001324413e+00 
+4.4659155956943204e+00 +8.3333333333333337e-01 +2.1187749595318546e+00 
+4.4767695313654556e+00 +1.6666666666666666e-01 +2.1233761018651367e+00 

+4.4767695313654556e+00 +1.6666666666666666e-01 +2.1233760952166922e+00 
+4.4876234670365909e+00 +8.3333333333333337e-01 +2.1279733395473110e+00 
+4.5051855038641921e+00 +8.3333333333333337e-01 +2.1354035176293218e+00 
+4.5160394395353274e+00 +1.6666666666666666e-01 +2.1399904784929968e+00 

+4.5160394395353274e+00 +1.6666666666666666e-01 +2.1399904718647433e+00 
+4.5268933752064626e+00 +8.3333333333333337e-01 +2.1445735040285943e+00 
+4.5444554120340648e+00 +8.3333333333333337e-01 +2.1519806217581205e+00 
+4.5553093477052000e+00 +1.6666666666666666e-01 +2.1565532906253071e+00 

+4.5553093477052000e+00 +1.6666666666666666e-01 +2.1565532840174160e+00 
+4.5661632833763353e+00 +8.3333333333333337e-01 +2.1611219935842758e+00 
+4.5837253202039374e+00 +8.3333333333333337e-01 +2.1685058724818900e+00 
+4.5945792558750727e+00 +1.6666666666666666e-01 +2.1730641391701071e+00 

+4.5945792558750727e+00 +1.6666666666666666e-01 +2.1730641325827502e+00 
+4.6054331915462079e+00 +8.3333333333333337e-01 +2.1776184094674829e+00 
+4.6229952283738092e+00 +8.3333333333333337e-01 +2.1849788716137120e+00 
+4.6338491640449444e+00 +1.6666666666666666e-01 +2.1895226262875322e+00 

+4.6338491640449444e+00 +1.6666666666666666e-01 +2.1895226197208788e+00 
+4.6447030997160796e+00 +8.3333333333333337e-01 +2.1940623541860944e+00 
+4.6622651365436818e+00 +8.3333333333333337e-01 +2.2013992222257093e+00 
+4.6731190722148170e+00 +1.6666666666666666e-01 +2.2059283553994020e+00 

+4.6731190722148170e+00 +1.6666666666666666e-01 +2.2059283488536225e+00 
+4.6839730078859523e+00 +8.3333333333333337e-01 +2.2104534315123137e+00 
+4.7015350447135544e+00 +8.3333333333333337e-01 +2.2177665286585984e+00 
+4.7123889803846897e+00 +1.6666666666666666e-01 +2.2222809311987737e+00 

+4.7123889803846897e+00 +1.6666666666666666e-01 +2.2222809246740352e+00 
+4.7232429160558249e+00 +8.3333333333333337e-01 +2.2267912464922222e+00 
+4.7408049528834271e+00 +8.3333333333333337e-01 +2.2340803965312372e+00 
+4.7516588885545623e+00 +1.6666666666666666e-01 +2.2385799596594684e+00 

+4.7516588885545623e+00 +1.6666666666666666e-01 +2.2385799531559383e+00 
+4.7625128242256975e+00 +8.3333333333333337e-01 +2.2430754054552922e+00 
+4.7800748610532997e+00 +8.3333333333333337e-01 +2.2503404327501202e+00 
+4.7909287967244349e+00 +1.6666666666666666e-01 +2.2548250480455656e+00 

+4.7909287967244349e+00 +1.6666666666666666e-01 +2.2548250415634095e+00 
+4.8017827323955702e+00 +8.3333333333333337e-01 +2.2593055160238724e+00 
+4.8193447692231715e+00 +8.3333333333333337e-01 +2.2665462455188483e+00 
+4.8301987048943067e+00 +1.6666666666666666e-01 +2.2710158049208640e+00 

+4.8301987048943067e+00 +1.6666666666666666e-01 +2.2710157984602493e+00 
+4.8410526405654419e+00 +8.3333333333333337e-01 +2.2754811871226446e+00 
+4.8586146773930441e+00 +8.3333333333333337e-01 +2.2826974443475763e+00 
+4.8694686130641793e+00 +1.6666666666666666e-01 +2.2871518401583204e+00 

+4.8694686130641793e+00 +1.6666666666666666e-01 +2.2871518337194119e+00 
+4.8803225487353146e+00 +8.3333333333333337e-01 +2.2916020289880472e+00 
+4.8978845855629167e+00 +8.3333333333333337e-01 +2.2987936400624167e+00 
+4.9087385212340520e+00 +1.6666666666666666e-01 +2.3032327649494424e+00 

+4.9087385212340520e+00 +1.6666666666666666e-01 +2.3032327585324039e+00 
+4.9195924569051872e+00 +8.3333333333333337e-01 +2.3076676531776634e+00 
+4.9371544937327885e+00 +8.3333333333333337e-01 +2.3148344448148181e+00 
+4.9480084294039237e+00 +1.6666666666666666e-01 +2.3192581918136601e+00 

+4.9480084294039237e+00 +1.6666666666666666e-01 +2.3192581854186551e+00 
+4.9588623650750590e+00 +8.3333333333333337e-01 +2.3236776725795836e+00 
+4.9764244019026611e+00 +8.3333333333333337e-01 +2.3308194720909134e+00 
+4.9872783375737963e+00 +1.6666666666666666e-01 +2.3352277346076624e+00 

+4.9872783375737963e+00 +1.6666666666666666e-01 +2.3352277282348544e+00 
+4.9981322732449316e+00 +8.3333333333333337e-01 +2.3396317014217343e+00 
+5.0156943100725337e+00 +8.3333333333333337e-01 +2.3467483367208284e+00 
+5.0265482457436690e+00 +1.6666666666666666e-01 +2.3511410085347029e+00 

+5.0265482457436690e+00 +1.6666666666666666e-01 +2.3511410021842534e+00 
+5.0374021814148042e+00 +8.3333333333333337e-01 +2.3555293552811696e+00 
+5.0549642182424064e+00 +8.3333333333333337e-01 +2.3626206548879676e+00 
+5.0658181539135416e+00 +1.6666666666666666e-01 +2.3669976301538704e+00 

+5.0658181539135416e+00 +1.6666666666666666e-01 +2.3669976238259398e+00 
+5.0766720895846769e+00 +8.3333333333333337e-01 +2.3713702510933388e+00 
+5.0942341264122790e+00 +8.3333333333333337e-01 +2.3784360441382590e+00 
+5.1050880620834143e+00 +1.6666666666666666e-01 +2.3827972173893270e+00 

+5.1050880620834143e+00 +1.6666666666666666e-01 +2.3827972110840756e+00 
+5.1159419977545495e+00 +8.3333333333333337e-01 +2.3871540071613104e+00 
+5.1335040345821508e+00 +8.3333333333333337e-01 +2.3941941233893704e+00 
+5.1443579702532860e+00 +1.6666666666666666e-01 +2.3985393895395175e+00 

+5.1443579702532860e+00 +1.6666666666666666e-01 +2.3985393832571043e+00 
+5.1552119059244212e+00 +8.3333333333333337e-01 +2.4028802431649776e+00 
+5.1727739427520234e+00 +8.3333333333333337e-01 +2.4098945129398937e+00 
+5.1836278784231586e+00 +1.6666666666666666e-01 +2.4142237672863387e+00 

+5.1836278784231586e+00 +1.6666666666666666e-01 +2.4142237610269235e+00 
+5.1944818140942939e+00 +8.3333333333333337e-01 +2.4185485801702153e+00 
+5.2120438509218960e+00 +8.3333333333333337e-01 +2.4255368344784918e+00 
+5.2228977865930313e+00 +1.6666666666666666e-01 +2.4298499727042855e+00 

+5.2228977865930313e+00 +1.6666666666666666e-01 +2.4298499664680255e+00 
+5.2337517222641665e+00 +8.3333333333333337e-01 +2.4341586406380142e+00 
+5.2513137590917678e+00 +8.3333333333333337e-01 +2.4411207110930149e+00 
+5.2621676947629030e+00 +1.6666666666666666e-01 +2.4454176292695493e+00 

+5.2621676947629030e+00 +1.6666666666666666e-01 +2.4454176230566032e+00 
+5.2730216304340383e+00 +8.3333333333333337e-01 +2.4497100484335763e+00 
+5.2905836672616404e+00 +8.3333333333333337e-01 +2.4566457672795825e+00 
+5.3014376029327757e+00 +1.6666666666666666e-01 +2.4609263618690984e+00 

+5.3014376029327757e+00 +1.6666666666666666e-01 +2.4609263556796215e+00 
+5.3122915386039109e+00 +8.3333333333333337e-01 +2.4652024288353802e+00 
+5.3298535754315131e+00 +8.3333333333333337e-01 +2.4721116289516321e+00 
+5.3407075111026483e+00 +1.6666666666666666e-01 +2.4763757968097089e+00 

+5.3407075111026483e+00 +1.6666666666666666e-01 +2.4763757906438575e+00 
+5.3515614467737835e+00 +8.3333333333333337e-01 +2.4806354085442068e+00 
+5.3691234836013857e+00 +8.3333333333333337e-01 +2.4875179234489311e+00 
+5.3799774192725209e+00 +1.6666666666666666e-01 +2.4917655618269765e+00 

+5.3799774192725209e+00 +1.6666666666666666e-01 +2.4917655556849052e+00 
+5.3908313549436562e+00 +8.3333333333333337e-01 +2.4960086156921393e+00 
+5.4083933917712583e+00 +8.3333333333333337e-01 +2.5028642795465621e+00 
+5.4192473274423936e+00 +1.6666666666666666e-01 +2.5070952860942821e+00 

+5.4192473274423936e+00 +1.6666666666666666e-01 +2.5070952799761450e+00 
+5.4301012631135288e+00 +8.3333333333333337e-01 +2.5113216798515161e+00 
+5.4476632999411301e+00 +8.3333333333333337e-01 +2.5181503274638555e+00 
+5.4585172356122653e+00 +1.6666666666666666e-01 +2.5223646002317270e+00 

+5.4585172356122653e+00 +1.6666666666666666e-01 +2.5223645941376787e+00 
+5.4693711712834006e+00 +8.3333333333333337e-01 +2.5265742320438651e+00 
+5.4869332081110027e+00 +8.3333333333333337e-01 +2.5333756988733152e+00 
+5.4977871437821380e+00 +1.6666666666666666e-01 +2.5375731363150380e+00 

+5.4977871437821380e+00 +1.6666666666666666e-01 +2.5375731302452289e+00 
+5.5086410794532732e+00 +8.3333333333333337e-01 +2.5417659047487886e+00 
+5.5262031162808753e+00 +8.3333333333333337e-01 +2.5485400269094809e+00 
+5.5370570519520106e+00 +1.6666666666666666e-01 +2.5527205278844241e+00 

+5.5370570519520106e+00 +1.6666666666666666e-01 +2.5527205218390092e+00 
+5.5479109876231458e+00 +8.3333333333333337e-01 +2.5568963319128231e+00 
+5.5654730244507471e+00 +8.3333333333333337e-01 +2.5636429461777772e+00 
+5.5763269601218823e+00 +1.6666666666666666e-01 +2.5678064099534161e+00 

+5.5763269601218823e+00 +1.6666666666666666e-01 +2.5678064039325443e+00 
+5.5871808957930176e+00 +8.3333333333333337e-01 +2.5719651489582520e+00 
+5.6047429326206188e+00 +8.3333333333333337e-01 +2.5786840927633095e+00 
+5.6155968682917550e+00 +1.6666666666666666e-01 +2.5828304190176548e+00 

+5.6155968682917550e+00 +1.6666666666666666e-01 +2.5828304130214779e+00 
+5.6264508039628902e+00 +8.3333333333333337e-01 +2.5869719927918999e+00 
+5.6440128407904924e+00 +8.3333333333333337e-01 +2.5936631042396407e+00 
+5.6548667764616276e+00 +1.6666666666666666e-01 +2.5977921930636523e+00 

+5.6548667764616276e+00 +1.6666666666666666e-01 +2.5977921870923204e+00 
+5.6657207121327628e+00 +8.3333333333333337e-01 +2.6019165018138777e+00 
+5.6832827489603650e+00 +8.3333333333333337e-01 +2.6085796196775188e+00 
+5.6941366846315002e+00 +1.6666666666666666e-01 +2.6126913715775153e+00 

+5.6941366846315002e+00 +1.6666666666666666e-01 +2.6126913656311768e+00 
+5.7049906203026355e+00 +8.3333333333333337e-01 +2.6167983159262902e+00 
+5.7225526571302376e+00 +8.3333333333333337e-01 +2.6234332796535758e+00 
+5.7334065928013729e+00 +1.6666666666666666e-01 +2.6275275955536319e+00 

+5.7334065928013729e+00 +1.6666666666666666e-01 +2.6275275896324359e+00 
+5.7442605284725081e+00 +8.3333333333333337e-01 +2.6316170765419247e+00 
+5.7618225653001094e+00 +8.3333333333333337e-01 +2.6382237262589876e+00 
+5.7726765009712446e+00 +1.6666666666666666e-01 +2.6423005075033181e+00 

+5.7726765009712446e+00 +1.6666666666666666e-01 +2.6423005016074126e+00 
+5.7835304366423799e+00 +8.3333333333333337e-01 +2.6463724265928779e+00 
+5.8010924734699820e+00 +8.3333333333333337e-01 +2.6529506031080992e+00 
+5.8119464091411173e+00 +1.6666666666666666e-01 +2.6570097514634390e+00 

+5.8119464091411173e+00 +1.6666666666666666e-01 +2.6570097455929687e+00 
+5.8228003448122525e+00 +8.3333333333333337e-01 +2.6610640105391705e+00 
+5.8403623816398547e+00 +8.3333333333333337e-01 +2.6676135553470108e+00 
+5.8512163173109899e+00 +1.6666666666666666e-01 +2.6716549730049803e+00 

+5.8512163173109899e+00 +1.6666666666666666e-01 +2.6716549671600935e+00 
+5.8620702529821251e+00 +8.3333333333333337e-01 +2.6756914743773095e+00 
+5.8796322898097264e+00 +8.3333333333333337e-01 +2.6822122296621282e+00 
+5.8904862254808616e+00 +1.6666666666666666e-01 +2.6862358192415892e+00 

+5.8904862254808616e+00 +1.6666666666666666e-01 +2.6862358134224298e+00 
+5.9013401611519969e+00 +8.3333333333333337e-01 +2.6902544656488154e+00 
+5.9189021979795990e+00 +8.3333333333333337e-01 +2.6967462742886776e+00 
+5.9297561336507343e+00 +1.6666666666666666e-01 +2.7007519388380814e+00 

+5.9297561336507343e+00 +1.6666666666666666e-01 +2.7007519330447955e+00 
+5.9406100693218704e+00 +8.3333333333333337e-01 +2.7047526334487242e+00 
+5.9581721061494717e+00 +8.3333333333333337e-01 +2.7112153390191800e+00 
+5.9690260418206069e+00 +1.6666666666666666e-01 +2.7152029820189014e+00 

+5.9690260418206069e+00 +1.6666666666666666e-01 +2.7152029762516330e+00 
+5.9798799774917430e+00 +8.3333333333333337e-01 +2.7191856284340297e+00 
+5.9974420143193434e+00 +8.3333333333333337e-01 +2.7256190752118892e+00 
+6.0082959499904796e+00 +1.6666666666666666e-01 +2.7295886005765553e+00 

+6.0082959499904796e+00 +1.6666666666666666e-01 +2.7295885948354468e+00 
+6.0191498856616148e+00 +8.3333333333333337e-01 +2.7335531028321127e+00 
+6.0367119224892161e+00 +8.3333333333333337e-01 +2.7399571357991963e+00 
+6.0475658581603522e+00 +1.6666666666666666e-01 +2.7439084478799951e+00 

+6.0475658581603522e+00 +1.6666666666666666e-01 +2.7439084421651918e+00 
+6.0584197938314865e+00 +8.3333333333333337e-01 +2.7478547104491153e+00 
+6.0759818306590887e+00 +8.3333333333333337e-01 +2.7542291752959871e+00 
+6.0868357663302239e+00 +1.6666666666666666e-01 +2.7581621788829791e+00 

+6.0868357663302239e+00 +1.6666666666666666e-01 +2.7581621731946200e+00 
+6.0976897020013592e+00 +8.3333333333333337e-01 +2.7620901066782819e+00 
+6.1152517388289613e+00 +8.3333333333333337e-01 +2.7684348498079716e+00 
+6.1261056745000966e+00 +1.6666666666666666e-01 +2.7723494501323795e+00 

+6.1261056745000966e+00 +1.6666666666666666e-01 +2.7723494444706058e+00 
+6.1369596101712318e+00 +8.3333333333333337e-01 +2.7762589485082674e+00 
+6.1545216469988340e+00 +8.3333333333333337e-01 +2.7825738170399670e+00 
+6.1653755826699692e+00 +1.6666666666666666e-01 +2.7864699197764611e+00 

+6.1653755826699692e+00 +1.6666666666666666e-01 +2.7864699141414122e+00 
+6.1762295183411045e+00 +8.3333333333333337e-01 +2.7903608945313962e+00 
+6.1937915551687057e+00 +8.3333333333333337e-01 +2.7966457363041473e+00 
+6.2046454908398410e+00 +1.6666666666666666e-01 +2.8005232475731145e+00 

+6.2046454908398410e+00 +1.6666666666666666e-01 +2.8005232419649251e+00 
+6.2154994265109762e+00 +8.3333333333333337e-01 +2.8043956049518943e+00 
+6.2330614633385784e+00 +8.3333333333333337e-01 +2.8106502685282528e+00 
+6.2439153990097136e+00 +1.6666666666666666e-01 +2.8145090948980553e+00 

+6.2439153990097136e+00 +1.6666666666666666e-01 +2.8145090893100502e+00 
+6.2547693346808488e+00 +8.3333333333333337e-01 +2.8183627415954318e+00 
+6.2723313715084510e+00 +8.3333333333333337e-01 +2.8245870762651242e+00 
+6.2831853071795862e+00 +1.6666666666666666e-01 +2.8284271247461916e+00 


