+0.0000000000000000e+00 +1.6666666666666666e-01 -7.8329360443744886e-11 
+5.4269678355676502e-03 +8.3333333333333337e-01 +2.7135228401647007e-03 
+1.4207986249368556e-02 +8.3333333333333337e-01 +7.1040178765530851e-03 
+1.9634954084936207e-02 +1.6666666666666666e-01 +9.8174452779104804e-03 

+1.9634954084936207e-02 +1.6666666666666666e-01 +9.8174450465053163e-03 
+2.5061921920503855e-02 +8.3333333333333337e-01 +1.2530953057040160e-02 
+3.3842940334304759e-02 +8.3333333333333337e-01 +1.6921432962415942e-02 
+3.9269908169872414e-02 +1.6666666666666666e-01 +1.9634856568772421e-02 

+3.9269908169872414e-02 +1.6666666666666666e-01 +1.9634856228641254e-02 
+4.4696876005440062e-02 +8.3333333333333337e-01 +2.2348330426517179e-02 
+5.3477894419240973e-02 +8.3333333333333337e-01 +2.6738757106333399e-02 
+5.8904862254808621e-02 +1.6666666666666666e-01 +2.9452148734939013e-02 

+5.8904862254808621e-02 +1.6666666666666666e-01 +2.9452148313080174e-02 
+6.4331830090376269e-02 +8.3333333333333337e-01 +3.2165575264735749e-02 
+7.3112848504177180e-02 +8.3333333333333337e-01 +3.6555922368265284e-02 
+7.8539816339744828e-02 +1.6666666666666666e-01 +3.9269262881391508e-02 

+7.8539816339744828e-02 +1.6666666666666666e-01 +3.9269262394075008e-02 
+8.3966784175312476e-02 +8.3333333333333337e-01 +4.1982627059242460e-02 
+9.2747802589113387e-02 +8.3333333333333337e-01 +4.6372868228949156e-02 
+9.8174770424681035e-02 +1.6666666666666666e-01 +4.9086140087157351e-02 

+9.8174770424681035e-02 +1.6666666666666666e-01 +4.9086139545709742e-02 
+1.0360173826024868e-01 +8.3333333333333337e-01 +5.1799426296982733e-02 
+1.1238275667404959e-01 +8.3333333333333337e-01 +5.6189535136384326e-02 
+1.1780972450961724e-01 +1.6666666666666666e-01 +5.8902721339234410e-02 

+1.1780972450961724e-01 +1.6666666666666666e-01 +5.8902720752137823e-02 
+1.2323669234518489e-01 +8.3333333333333337e-01 +6.1615913693433784e-02 
+1.3201771075898580e-01 +8.3333333333333337e-01 +6.6005863785915247e-02 
+1.3744467859455345e-01 +1.6666666666666666e-01 +6.8718947576757852e-02 

+1.3744467859455345e-01 +1.6666666666666666e-01 +6.8718946950642443e-02 
+1.4287164643012110e-01 +8.3333333333333337e-01 +7.1432030042900899e-02 
+1.5165266484392201e-01 +8.3333333333333337e-01 +7.5821794961717551e-02 
+1.5707963267948966e-01 +1.6666666666666666e-01 +7.8534759714360289e-02 

+1.5707963267948966e-01 +1.6666666666666666e-01 +7.8534759054555328e-02 
+1.6250660051505730e-01 +8.3333333333333337e-01 +8.1247716174381202e-02 
+1.7128761892885822e-01 +8.3333333333333337e-01 +8.5637269487661011e-02 
+1.7671458676442586e-01 +1.6666666666666666e-01 +8.8350098653908429e-02 

+1.7671458676442586e-01 +1.6666666666666666e-01 +8.8350097964782631e-02 
+1.8214155459999351e-01 +8.3333333333333337e-01 +9.1062912935246931e-02 
+1.9092257301379442e-01 +8.3333333333333337e-01 +9.5452228208662337e-02 
+1.9634954084936207e-01 +1.6666666666666666e-01 +9.8164905290817561e-02 

+1.9634954084936207e-01 +1.6666666666666666e-01 +9.8164904576005213e-02 
+2.0177650868492972e-01 +8.3333333333333337e-01 +1.0087756118431158e-01 
+2.1055752709873063e-01 +8.3333333333333337e-01 +1.0526661198262431e-01 
+2.1598449493429828e-01 +1.6666666666666666e-01 +1.0797912051773220e-01 

+2.1598449493429828e-01 +1.6666666666666666e-01 +1.0797911978029137e-01 
+2.2141146276986592e-01 +8.3333333333333337e-01 +1.1069160178862517e-01 
+2.3019248118366684e-01 +8.3333333333333337e-01 +1.1508036167665281e-01 
+2.3561944901923448e-01 +1.6666666666666666e-01 +1.1779268522684552e-01 

+2.3561944901923448e-01 +1.6666666666666666e-01 +1.1779268446937348e-01 
+2.4104641685480216e-01 +8.3333333333333337e-01 +1.2050497562193824e-01 
+2.4982743526860304e-01 +8.3333333333333337e-01 +1.2489341816520654e-01 
+2.5525440310417069e-01 +1.6666666666666666e-01 +1.2760554031147350e-01 

+2.5525440310417069e-01 +1.6666666666666666e-01 +1.2760553953619327e-01 
+2.6068137093973837e-01 +8.3333333333333337e-01 +1.3031762356398405e-01 
+2.6946238935353928e-01 +8.3333333333333337e-01 +1.3470572232919942e-01 
+2.7488935718910690e-01 +1.6666666666666666e-01 +1.3741762666719773e-01 

+2.7488935718910690e-01 +1.6666666666666666e-01 +1.3741762587602480e-01 
+2.8031632502467457e-01 +8.3333333333333337e-01 +1.4012948650019108e-01 
+2.8909734343847548e-01 +8.3333333333333337e-01 +1.4451721505560591e-01 
+2.9452431127404310e-01 +1.6666666666666666e-01 +1.4722888519274935e-01 

+2.9452431127404310e-01 +1.6666666666666666e-01 +1.4722888438734352e-01 
+2.9995127910961078e-01 +8.3333333333333337e-01 +1.4994050532163641e-01 
+3.0873229752341164e-01 +8.3333333333333337e-01 +1.5432783723734786e-01 
+3.1415926535897931e-01 +1.6666666666666666e-01 +1.5703925679072880e-01 

+3.1415926535897931e-01 +1.6666666666666666e-01 +1.5703925597253604e-01 
+3.1958623319454693e-01 +8.3333333333333337e-01 +1.5975062092513970e-01 
+3.2836725160834784e-01 +8.3333333333333337e-01 +1.6413752977334586e-01 
+3.3379421944391552e-01 +1.6666666666666666e-01 +1.6684868236822037e-01 

+3.3379421944391552e-01 +1.6666666666666666e-01 +1.6684868153850593e-01 
+3.3922118727948314e-01 +8.3333333333333337e-01 +1.6955977421344356e-01 
+3.4800220569328405e-01 +8.3333333333333337e-01 +1.7394623356867145e-01 
+3.5342917352885173e-01 +1.6666666666666666e-01 +1.7665710283733541e-01 

+3.5342917352885173e-01 +1.6666666666666666e-01 +1.7665710199721113e-01 
+3.5885614136441935e-01 +8.3333333333333337e-01 +1.7936790609544762e-01 
+3.6763715977822031e-01 +8.3333333333333337e-01 +1.8375388953476246e-01 
+3.7306412761378793e-01 +1.6666666666666666e-01 +1.8646445911570736e-01 

+3.7306412761378793e-01 +1.6666666666666666e-01 +1.8646445826615426e-01 
+3.7849109544935561e-01 +8.3333333333333337e-01 +1.8917495748647956e-01 
+3.8727211386315652e-01 +8.3333333333333337e-01 +1.9356043858968050e-01 
+3.9269908169872414e-01 +1.6666666666666666e-01 +1.9627069212695231e-01 

+3.9269908169872414e-01 +1.6666666666666666e-01 +1.9627069126883870e-01 
+3.9812604953429176e-01 +8.3333333333333337e-01 +1.9898086930858813e-01 
+4.0690706794809267e-01 +8.3333333333333337e-01 +2.0336582165839517e-01 
+4.1233403578366035e-01 +1.6666666666666666e-01 +2.0607574280110466e-01 

+4.1233403578366035e-01 +1.6666666666666666e-01 +2.0607574193520203e-01 
+4.1776100361922797e-01 +8.3333333333333337e-01 +2.0878558249085410e-01 
+4.2654202203302893e-01 +8.3333333333333337e-01 +2.1316997967308821e-01 
+4.3196898986859655e-01 +1.6666666666666666e-01 +2.1587955207503598e-01 

+4.3196898986859655e-01 +1.6666666666666666e-01 +2.1587955120203167e-01 
+4.3739595770416417e-01 +8.3333333333333337e-01 +2.1858903796971163e-01 
+4.4617697611796509e-01 +8.3333333333333337e-01 +2.2297285357346977e-01 
+4.5160394395353276e-01 +1.6666666666666666e-01 +2.2568206089285919e-01 

+4.5160394395353276e-01 +1.6666666666666666e-01 +2.2568206001336755e-01 
+4.5703091178910038e-01 +8.3333333333333337e-01 +2.2839117668927814e-01 
+4.6581193020290135e-01 +8.3333333333333337e-01 +2.3277438430710515e-01 
+4.7123889803846897e-01 +1.6666666666666666e-01 +2.3548321020632357e-01 

+4.7123889803846897e-01 +1.6666666666666666e-01 +2.3548320932089520e-01 
+4.7666586587403659e-01 +8.3333333333333337e-01 +2.3819193960169027e-01 
+4.8544688428783750e-01 +8.3333333333333337e-01 +2.4257451282974749e-01 
+4.9087385212340517e-01 +1.6666666666666666e-01 +2.4528294097520179e-01 

+4.9087385212340517e-01 +1.6666666666666666e-01 +2.4528294008433135e-01 
+4.9630081995897279e-01 +8.3333333333333337e-01 +2.4799126766744362e-01 
+5.0508183837277376e-01 +8.3333333333333337e-01 +2.5237318010567611e-01 
+5.1050880620834138e-01 +1.6666666666666666e-01 +2.5508119416767089e-01 

+5.1050880620834138e-01 +1.6666666666666666e-01 +2.5508119327180423e-01 
+5.1593577404390900e-01 +8.3333333333333337e-01 +2.5778910185573645e-01 
+5.2471679245770997e-01 +8.3333333333333337e-01 +2.6217032710803800e-01 
+5.3014376029327759e-01 +1.6666666666666666e-01 +2.6487791076068912e-01 

+5.3014376029327759e-01 +1.6666666666666666e-01 +2.6487790986022874e-01 
+5.3557072812884521e-01 +8.3333333333333337e-01 +2.6758538314481550e-01 
+5.4435174654264618e-01 +8.3333333333333337e-01 +2.7196589481919298e-01 
+5.4977871437821380e-01 +1.6666666666666666e-01 +2.7467303174036817e-01 

+5.4977871437821380e-01 +1.6666666666666666e-01 +2.7467303083567812e-01 
+5.5520568221378142e-01 +8.3333333333333337e-01 +2.7738005252232323e-01 
+5.6398670062758238e-01 +8.3333333333333337e-01 +2.8175982423105950e-01 
+5.6941366846315000e-01 +1.6666666666666666e-01 +2.8446649810234287e-01 

+5.6941366846315000e-01 +1.6666666666666666e-01 +2.8446649719375394e-01 
+5.7484063629871762e-01 +8.3333333333333337e-01 +2.8717305098564727e-01 
+5.8362165471251859e-01 +8.3333333333333337e-01 +2.9155205634546366e-01 
+5.8904862254808621e-01 +1.6666666666666666e-01 +2.9425825085213919e-01 

+5.8904862254808621e-01 +1.6666666666666666e-01 +2.9425824993995181e-01 
+5.9447559038365383e-01 +8.3333333333333337e-01 +2.9696431954227098e-01 
+6.0325660879745480e-01 +8.3333333333333337e-01 +3.0134253217448870e-01 
+6.0868357663302242e-01 +1.6666666666666666e-01 +3.0404823100553896e-01 

+6.0868357663302242e-01 +1.6666666666666666e-01 +3.0404823009002691e-01 
+6.1411054446859004e-01 +8.3333333333333337e-01 +3.0675379921012325e-01 
+6.2289156288239100e-01 +8.3333333333333337e-01 +3.1113119274082512e-01 
+6.2831853071795862e-01 +1.6666666666666666e-01 +3.1383637958894395e-01 

+6.2831853071795862e-01 +1.6666666666666666e-01 +3.1383637867035719e-01 
+6.3374549855352624e-01 +8.3333333333333337e-01 +3.1654143101793197e-01 
+6.4252651696732721e-01 +8.3333333333333337e-01 +3.2091797907812269e-01 
+6.4795348480289483e-01 +1.6666666666666666e-01 +3.2362263763973842e-01 

+6.4795348480289483e-01 +1.6666666666666666e-01 +3.2362263671830555e-01 
+6.5338045263846245e-01 +8.3333333333333337e-01 +3.2632715600557460e-01 
+6.6216147105226342e-01 +8.3333333333333337e-01 +3.3070283223134167e-01 
+6.6758843888783104e-01 +1.6666666666666666e-01 +3.3340694620665029e-01 

+6.6758843888783104e-01 +1.6666666666666666e-01 +3.3340694528258064e-01 
+6.7301540672339866e-01 +8.3333333333333337e-01 +3.3611091522443221e-01 
+6.8179642513719962e-01 +8.3333333333333337e-01 +3.4048569325710570e-01 
+6.8722339297276724e-01 +1.6666666666666666e-01 +3.4318924635011139e-01 

+6.8722339297276724e-01 +1.6666666666666666e-01 +3.4318924542359752e-01 
+6.9265036080833498e-01 +8.3333333333333337e-01 +3.4589264973774148e-01 
+7.0143137922213583e-01 +8.3333333333333337e-01 +3.5026650322405434e-01 
+7.0685834705770345e-01 +1.6666666666666666e-01 +3.5296947914261767e-01 

+7.0685834705770345e-01 +1.6666666666666666e-01 +3.5296947821383634e-01 
+7.1228531489327107e-01 +8.3333333333333337e-01 +3.5567230062094857e-01 
+7.2106633330707204e-01 +8.3333333333333337e-01 +3.6004520321319622e-01 
+7.2649330114263966e-01 +1.6666666666666666e-01 +3.6274758566908710e-01 

+7.2649330114263966e-01 +1.6666666666666666e-01 +3.6274758473820140e-01 
+7.3192026897820739e-01 +8.3333333333333337e-01 +3.6544980896206242e-01 
+7.4070128739200825e-01 +8.3333333333333337e-01 +3.6982173431826204e-01 
+7.4612825522757587e-01 +1.6666666666666666e-01 +3.7252350702721887e-01 

+7.4612825522757587e-01 +1.6666666666666666e-01 +3.7252350609437912e-01 
+7.5155522306314360e-01 +8.3333333333333337e-01 +3.7522511586200774e-01 
+7.6033624147694434e-01 +8.3333333333333337e-01 +3.7959603764605826e-01 
+7.6576320931251207e-01 +1.6666666666666666e-01 +3.8229718432785098e-01 

+7.6576320931251207e-01 +1.6666666666666666e-01 +3.8229718339319624e-01 
+7.7119017714807969e-01 +8.3333333333333337e-01 +3.8499816243497981e-01 
+7.7997119556188066e-01 +8.3333333333333337e-01 +3.8936805431682059e-01 
+7.8539816339744828e-01 +1.6666666666666666e-01 +3.9206855869531670e-01 

+7.8539816339744828e-01 +1.6666666666666666e-01 +3.9206855775897564e-01 
+7.9082513123301590e-01 +8.3333333333333337e-01 +3.9476888980879704e-01 
+7.9960614964681687e-01 +8.3333333333333337e-01 +3.9913772546456755e-01 
+8.0503311748238449e-01 +1.6666666666666666e-01 +4.0183757126780317e-01 

+8.0503311748238449e-01 +1.6666666666666666e-01 +4.0183757032989537e-01 
+8.1046008531795222e-01 +8.3333333333333337e-01 +4.0453723912525574e-01 
+8.1924110373175296e-01 +8.3333333333333337e-01 +4.0890499223745391e-01 
+8.2466807156732069e-01 +1.6666666666666666e-01 +4.1160416319770693e-01 

+8.2466807156732069e-01 +1.6666666666666666e-01 +4.1160416225834312e-01 
+8.3009503940288831e-01 +8.3333333333333337e-01 +4.1430315154048325e-01 
+8.3887605781668917e-01 +8.3333333333333337e-01 +4.1866979579812513e-01 
+8.4430302565225690e-01 +1.6666666666666666e-01 +4.2136827565198959e-01 

+8.4430302565225690e-01 +1.6666666666666666e-01 +4.2136827471127297e-01 
+8.4972999348782452e-01 +8.3333333333333337e-01 +4.2406656822529215e-01 
+8.5851101190162549e-01 +8.3333333333333337e-01 +4.2843207732407046e-01 
+8.6393797973719311e-01 +1.6666666666666666e-01 +4.3112984981253505e-01 

+8.6393797973719311e-01 +1.6666666666666666e-01 +4.3112984887056160e-01 
+8.6936494757276073e-01 +8.3333333333333337e-01 +4.3382743036553395e-01 
+8.7814596598656169e-01 +8.3333333333333337e-01 +4.3819177800797671e-01 
+8.8357293382212931e-01 +1.6666666666666666e-01 +4.4088882687650455e-01 

+8.8357293382212931e-01 +1.6666666666666666e-01 +4.4088882593336404e-01 
+8.8899990165769704e-01 +8.3333333333333337e-01 +4.4358567916245323e-01 
+8.9778092007149779e-01 +8.3333333333333337e-01 +4.4794883905808253e-01 
+9.0320788790706552e-01 +1.6666666666666666e-01 +4.5064514805669237e-01 

+9.0320788790706552e-01 +1.6666666666666666e-01 +4.5064514711246867e-01 
+9.0863485574263314e-01 +8.3333333333333337e-01 +4.5334125583304052e-01 
+9.1741587415643400e-01 +8.3333333333333337e-01 +4.5770320169853146e-01 
+9.2284284199200173e-01 +1.6666666666666666e-01 +4.6039875458188068e-01 

+9.2284284199200173e-01 +1.6666666666666666e-01 +4.6039875363665206e-01 
+9.2826980982756935e-01 +8.3333333333333337e-01 +4.6309410161038700e-01 
+9.3705082824137031e-01 +8.3333333333333337e-01 +4.6745480716972576e-01 
+9.4247779607693793e-01 +1.6666666666666666e-01 +4.7014958769719462e-01 

+9.4247779607693793e-01 +1.6666666666666666e-01 +4.7014958675103452e-01 
+9.4790476391250555e-01 +8.3333333333333337e-01 +4.7284415774403771e-01 
+9.5668578232630652e-01 +8.3333333333333337e-01 +4.7720359672868012e-01 
+9.6211275016187414e-01 +1.6666666666666666e-01 +4.7989758866445759e-01 

+9.6211275016187414e-01 +1.6666666666666666e-01 +4.7989758771743485e-01 
+9.6753971799744187e-01 +8.3333333333333337e-01 +4.8259136550034532e-01 
+9.7632073641124273e-01 +8.3333333333333337e-01 +4.8694951164937544e-01 
+9.8174770424681035e-01 +1.6666666666666666e-01 +4.8964269876254529e-01 

+9.8174770424681035e-01 +1.6666666666666666e-01 +4.8964269781472464e-01 
+9.8717467208237797e-01 +8.3333333333333337e-01 +4.9233566616282315e-01 
+9.9595569049617882e-01 +8.3333333333333337e-01 +4.9669249322311176e-01 
+1.0013826583317464e+00 +1.6666666666666666e-01 +4.9938485928774051e-01 

+1.0013826583317464e+00 +1.6666666666666666e-01 +4.9938485833918284e-01 
+1.0068096261673141e+00 +8.3333333333333337e-01 +5.0207700103249953e-01 
+1.0155906445811151e+00 +8.3333333333333337e-01 +5.0643248275886177e-01 
+1.0210176124166828e+00 +1.6666666666666666e-01 +5.0912401155408704e-01 

+1.0210176124166828e+00 +1.6666666666666666e-01 +5.0912401060484946e-01 
+1.0264445802522504e+00 +8.3333333333333337e-01 +5.1181531142827075e-01 
+1.0352255986660515e+00 +8.3333333333333337e-01 +5.1616942158362511e-01 
+1.0406525665016191e+00 +1.6666666666666666e-01 +5.1886009689374391e-01 

+1.0406525665016191e+00 +1.6666666666666666e-01 +5.1886009594388061e-01 
+1.0460795343371867e+00 +8.3333333333333337e-01 +5.2155053868725365e-01 
+1.0548605527509876e+00 +8.3333333333333337e-01 +5.2590325104277968e-01 
+1.0602875205865552e+00 +1.6666666666666666e-01 +5.2859305665733991e-01 

+1.0602875205865552e+00 +1.6666666666666666e-01 +5.2859305570690196e-01 
+1.0657144884221228e+00 +8.3333333333333337e-01 +5.3128262416514038e-01 
+1.0744955068359237e+00 +8.3333333333333337e-01 +5.3563391250043646e-01 
+1.0799224746714913e+00 +1.6666666666666666e-01 +5.3832283221432597e-01 

+1.0799224746714913e+00 +1.6666666666666666e-01 +5.3832283126336156e-01 
+1.0853494425070589e+00 +8.3333333333333337e-01 +5.4101150923654973e-01 
+1.0941304609208600e+00 +8.3333333333333337e-01 +5.4536134733979225e-01 
+1.0995574287564276e+00 +1.6666666666666666e-01 +5.4804936495333056e-01 

+1.0995574287564276e+00 +1.6666666666666666e-01 +5.4804936400188531e-01 
+1.1049843965919952e+00 +8.3333333333333337e-01 +5.5073713529538182e-01 
+1.1137654150057963e+00 +8.3333333333333337e-01 +5.5508549696348197e-01 
+1.1191923828413639e+00 +1.6666666666666666e-01 +5.5777259628251130e-01 

+1.1191923828413639e+00 +1.6666666666666666e-01 +5.5777259533062851e-01 
+1.1246193506769315e+00 +8.3333333333333337e-01 +5.6045944375517009e-01 
+1.1334003690907324e+00 +8.3333333333333337e-01 +5.6480630279393218e-01 
+1.1388273369263000e+00 +1.6666666666666666e-01 +5.6749246762990979e-01 

+1.1388273369263000e+00 +1.6666666666666666e-01 +5.6749246667763054e-01 
+1.1442543047618676e+00 +8.3333333333333337e-01 +5.7017837604943356e-01 
+1.1530353231756685e+00 +8.3333333333333337e-01 +5.7452370627371308e-01 
+1.1584622910112361e+00 +1.6666666666666666e-01 +5.7720892044380367e-01 

+1.1584622910112361e+00 +1.6666666666666666e-01 +5.7720891949116693e-01 
+1.1638892588468037e+00 +8.3333333333333337e-01 +5.7989387363203138e-01 
+1.1726702772606048e+00 +8.3333333333333337e-01 +5.8423764886589247e-01 
+1.1780972450961724e+00 +1.6666666666666666e-01 +5.8692189619306046e-01 

+1.1780972450961724e+00 +1.6666666666666666e-01 +5.8692189524010319e-01 
+1.1835242129317400e+00 +8.3333333333333337e-01 +5.8960587797751329e-01 
+1.1923052313455411e+00 +8.3333333333333337e-01 +5.9394807205438682e-01 
+1.1977321991811087e+00 +1.6666666666666666e-01 +5.9663133636748933e-01 

+1.1977321991811087e+00 +1.6666666666666666e-01 +5.9663133541424707e-01 
+1.2031591670166764e+00 +8.3333333333333337e-01 +5.9931433058147343e-01 
+1.2119401854304772e+00 +8.3333333333333337e-01 +6.0365491734431442e-01 
+1.2173671532660448e+00 +1.6666666666666666e-01 +6.0633718247819524e-01 

+1.2173671532660448e+00 +1.6666666666666666e-01 +6.0633718152470140e-01 
+1.2227941211016125e+00 +8.3333333333333337e-01 +6.0901917296090224e-01 
+1.2315751395154133e+00 +8.3333333333333337e-01 +6.1335812626234754e-01 
+1.2370021073509809e+00 +1.6666666666666666e-01 +6.1603937605793013e-01 

+1.2370021073509809e+00 +1.6666666666666666e-01 +6.1603937510421702e-01 
+1.2424290751865485e+00 +8.3333333333333337e-01 +6.1872034665453890e-01 
+1.2512100936003496e+00 +8.3333333333333337e-01 +6.2305764035706479e-01 
+1.2566370614359172e+00 +1.6666666666666666e-01 +6.2573785866144638e-01 

+1.2566370614359172e+00 +1.6666666666666666e-01 +6.2573785770754442e-01 
+1.2620640292714849e+00 +8.3333333333333337e-01 +6.2841779322322355e-01 
+1.2708450476852859e+00 +8.3333333333333337e-01 +6.3275340119930301e-01 
+1.2762720155208536e+00 +1.6666666666666666e-01 +6.3543257186584789e-01 

+1.2762720155208536e+00 +1.6666666666666666e-01 +6.3543257091178673e-01 
+1.2816989833564212e+00 +8.3333333333333337e-01 +6.3811145425024818e-01 
+1.2904800017702220e+00 +8.3333333333333337e-01 +6.4244535038250850e-01 
+1.2959069696057897e+00 +1.6666666666666666e-01 +6.4512345727094389e-01 

+1.2959069696057897e+00 +1.6666666666666666e-01 +6.4512345631675105e-01 
+1.3013339374413573e+00 +8.3333333333333337e-01 +6.4780127134171006e-01 
+1.3101149558551581e+00 +8.3333333333333337e-01 +6.5213342952309028e-01 
+1.3155419236907258e+00 +1.6666666666666666e-01 +6.5481045649959901e-01 

+1.3155419236907258e+00 +1.6666666666666666e-01 +6.5481045554530148e-01 
+1.3209688915262934e+00 +8.3333333333333337e-01 +6.5748718612686230e-01 
+1.3297499099400945e+00 +8.3333333333333337e-01 +6.6181758026077042e-01 
+1.3351768777756621e+00 +1.6666666666666666e-01 +6.6449351119808620e-01 

+1.3351768777756621e+00 +1.6666666666666666e-01 +6.6449351024371017e-01 
+1.3406038456112297e+00 +8.3333333333333337e-01 +6.6716914025846630e-01 
+1.3493848640250308e+00 +8.3333333333333337e-01 +6.7149774425893649e-01 
+1.3548118318605984e+00 +1.6666666666666666e-01 +6.7417256303643880e-01 

+1.3548118318605984e+00 +1.6666666666666666e-01 +6.7417256208200838e-01 
+1.3602387996961660e+00 +8.3333333333333337e-01 +6.7684707541314193e-01 
+1.3690198181099669e+00 +8.3333333333333337e-01 +6.8117386320499129e-01 
+1.3744467859455345e+00 +1.6666666666666666e-01 +6.8384755370879968e-01 

+1.3744467859455345e+00 +1.6666666666666666e-01 +6.8384755275433906e-01 
+1.3798737537811021e+00 +8.3333333333333337e-01 +6.8652093329172059e-01 
+1.3886547721949030e+00 +8.3333333333333337e-01 +6.9084587881070703e-01 
+1.3940817400304706e+00 +1.6666666666666666e-01 +6.9351842493377602e-01 

+1.3940817400304706e+00 +1.6666666666666666e-01 +6.9351842397930785e-01 
+1.3995087078660382e+00 +8.3333333333333337e-01 +6.9619065561959426e-01 
+1.4082897262798393e+00 +8.3333333333333337e-01 +7.0051373281257345e-01 
+1.4137166941154069e+00 +1.6666666666666666e-01 +7.0318511845478826e-01 

+1.4137166941154069e+00 +1.6666666666666666e-01 +7.0318511750033474e-01 
+1.4191436619509745e+00 +8.3333333333333337e-01 +7.0585618414706863e-01 
+1.4279246803647756e+00 +8.3333333333333337e-01 +7.1017736697214995e-01 
+1.4333516482003432e+00 +1.6666666666666666e-01 +7.1284757604042115e-01 

+1.4333516482003432e+00 +1.6666666666666666e-01 +7.1284757508600349e-01 
+1.4387786160359108e+00 +8.3333333333333337e-01 +7.1551746064971233e-01 
+1.4475596344497117e+00 +8.3333333333333337e-01 +7.1983672307641688e-01 
+1.4529866022852793e+00 +1.6666666666666666e-01 +7.2250573948477559e-01 

+1.4529866022852793e+00 +1.6666666666666666e-01 +7.2250573853041400e-01 
+1.4584135701208469e+00 +8.3333333333333337e-01 +7.2517442692870859e-01 
+1.4671945885346478e+00 +8.3333333333333337e-01 +7.2949174293812535e-01 
+1.4726215563702154e+00 +1.6666666666666666e-01 +7.3215955060781834e-01 

+1.4726215563702154e+00 +1.6666666666666666e-01 +7.3215954965353258e-01 
+1.4780485242057830e+00 +8.3333333333333337e-01 +7.3482702481120510e-01 
+1.4868295426195841e+00 +8.3333333333333337e-01 +7.3914236839614855e-01 
+1.4922565104551517e+00 +1.6666666666666666e-01 +7.4180895125573365e-01 

+1.4922565104551517e+00 +1.6666666666666666e-01 +7.4180895030154304e-01 
+1.4976834782907196e+00 +8.3333333333333337e-01 +7.4447519615066582e-01 
+1.5064644967045204e+00 +8.3333333333333337e-01 +7.4878854131583106e-01 
+1.5118914645400880e+00 +1.6666666666666666e-01 +7.5145388330127272e-01 

+1.5118914645400880e+00 +1.6666666666666666e-01 +7.5145388234719568e-01 
+1.5173184323756557e+00 +8.3333333333333337e-01 +7.5411888282721873e-01 
+1.5260994507894565e+00 +8.3333333333333337e-01 +7.5843020358933955e-01 
+1.5315264186250241e+00 +1.6666666666666666e-01 +7.6109428864410389e-01 

+1.5315264186250241e+00 +1.6666666666666666e-01 +7.6109428769015819e-01 
+1.5369533864605918e+00 +8.3333333333333337e-01 +7.6375802674800863e-01 
+1.5457344048743926e+00 +8.3333333333333337e-01 +7.6806729713601340e-01 
+1.5511613727099602e+00 +1.6666666666666666e-01 +7.7073010921116392e-01 

+1.5511613727099602e+00 +1.6666666666666666e-01 +7.7073010825736687e-01 
+1.5565883405455279e+00 +8.3333333333333337e-01 +7.7339256984754490e-01 
+1.5653693589593289e+00 +8.3333333333333337e-01 +7.7769976390271334e-01 
+1.5707963267948966e+00 +1.6666666666666666e-01 +7.8036128695700635e-01 

+1.5707963267948966e+00 +1.6666666666666666e-01 +7.8036128600337462e-01 
+1.5762232946304642e+00 +8.3333333333333337e-01 +7.8302245408805327e-01 
+1.5850043130442653e+00 +8.3333333333333337e-01 +7.8732754586417220e-01 
+1.5904312808798329e+00 +1.6666666666666666e-01 +7.8998776386415193e-01 

+1.5904312808798329e+00 +1.6666666666666666e-01 +7.8998776291070183e-01 
+1.5958582487154005e+00 +8.3333333333333337e-01 +7.9264762145982326e-01 
+1.6046392671292014e+00 +8.3333333333333337e-01 +7.9695058502334359e-01 
+1.6100662349647690e+00 +1.6666666666666666e-01 +7.9960948194343817e-01 

+1.6100662349647690e+00 +1.6666666666666666e-01 +7.9960948099018569e-01 
+1.6154932028003366e+00 +8.3333333333333337e-01 +8.0226801398155922e-01 
+1.6242742212141374e+00 +8.3333333333333337e-01 +8.0656882341175207e-01 
+1.6297011890497051e+00 +1.6666666666666666e-01 +8.0922638323436891e-01 

+1.6297011890497051e+00 +1.6666666666666666e-01 +8.0922638228132926e-01 
+1.6351281568852727e+00 +8.3333333333333337e-01 +8.1188357370072950e-01 
+1.6439091752990735e+00 +8.3333333333333337e-01 +8.1618220308984191e-01 
+1.6493361431346414e+00 +1.6666666666666666e-01 +8.1883840980546330e-01 

+1.6493361431346414e+00 +1.6666666666666666e-01 +8.1883840885265136e-01 
+1.6547631109702090e+00 +8.3333333333333337e-01 +8.2149424269391402e-01 
+1.6635441293840101e+00 +8.3333333333333337e-01 +8.2579066614732555e-01 
+1.6689710972195777e+00 +1.6666666666666666e-01 +8.2844550375460402e-01 

+1.6689710972195777e+00 +1.6666666666666666e-01 +8.2844550280203455e-01 
+1.6743980650551453e+00 +8.3333333333333337e-01 +8.3109996306715528e-01 
+1.6831790834689462e+00 +8.3333333333333337e-01 +8.3539415470353340e-01 
+1.6886060513045138e+00 +1.6666666666666666e-01 +8.3804760720938720e-01 

+1.6886060513045138e+00 +1.6666666666666666e-01 +8.3804760625707431e-01 
+1.6940330191400814e+00 +8.3333333333333337e-01 +8.4070067695630557e-01 
+1.7028140375538823e+00 +8.3333333333333337e-01 +8.4499261090776245e-01 
+1.7082410053894499e+00 +1.6666666666666666e-01 +8.4764466232747138e-01 

+1.7082410053894499e+00 +1.6666666666666666e-01 +8.4764466137542893e-01 
+1.7136679732250175e+00 +8.3333333333333337e-01 +8.5029632652737630e-01 
+1.7224489916388186e+00 +8.3333333333333337e-01 +8.5458597693962413e-01 
+1.7278759594743862e+00 +1.6666666666666666e-01 +8.5723661129692474e-01 

+1.7278759594743862e+00 +1.6666666666666666e-01 +8.5723661034516596e-01 
+1.7333029273099538e+00 +8.3333333333333337e-01 +8.5988685397688602e-01 
+1.7420839457237549e+00 +8.3333333333333337e-01 +8.6417419500939219e-01 
+1.7475109135593225e+00 +1.6666666666666666e-01 +8.6682339633657401e-01 

+1.7475109135593225e+00 +1.6666666666666666e-01 +8.6682339538511188e-01 
+1.7529378813948902e+00 +8.3333333333333337e-01 +8.6947220153220861e-01 
+1.7617188998086910e+00 +8.3333333333333337e-01 +8.7375720735835227e-01 
+1.7671458676442586e+00 +1.6666666666666666e-01 +8.7640495969635190e-01 

+1.7671458676442586e+00 +1.6666666666666666e-01 +8.7640495874519997e-01 
+1.7725728354798262e+00 +8.3333333333333337e-01 +8.7905231145192153e-01 
+1.7813538538936271e+00 +8.3333333333333337e-01 +8.8333495625914904e-01 
+1.7867808217291947e+00 +1.6666666666666666e-01 +8.8598124365764719e-01 

+1.7867808217291947e+00 +1.6666666666666666e-01 +8.8598124270681733e-01 
+1.7922077895647623e+00 +8.3333333333333337e-01 +8.8862712602615357e-01 
+1.8009888079785632e+00 +8.3333333333333337e-01 +8.9290738401613379e-01 
+1.8064157758141310e+00 +1.6666666666666666e-01 +8.9555219053364998e-01 

+1.8064157758141310e+00 +1.6666666666666666e-01 +8.9555218958315486e-01 
+1.8118427436496987e+00 +8.3333333333333337e-01 +8.9819658757693266e-01 
+1.8206237620634997e+00 +8.3333333333333337e-01 +9.0247443296571217e-01 
+1.8260507298990674e+00 +1.6666666666666666e-01 +9.0511774266969969e-01 

+1.8260507298990674e+00 +1.6666666666666666e-01 +9.0511774171955117e-01 
+1.8314776977346350e+00 +8.3333333333333337e-01 +9.0776063845853239e-01 
+1.8402587161484358e+00 +8.3333333333333337e-01 +9.1203604547669093e-01 
+1.8456856839840035e+00 +1.6666666666666666e-01 +9.1467784244363337e-01 

+1.8456856839840035e+00 +1.6666666666666666e-01 +9.1467784149384312e-01 
+1.8511126518195711e+00 +8.3333333333333337e-01 +9.1731922105782016e-01 
+1.8598936702333719e+00 +8.3333333333333337e-01 +9.2159216395062649e-01 
+1.8653206380689396e+00 +1.6666666666666666e-01 +9.2423243226613250e-01 

+1.8653206380689396e+00 +1.6666666666666666e-01 +9.2423243131671207e-01 
+1.8707476059045072e+00 +8.3333333333333337e-01 +9.2687227779460479e-01 
+1.8795286243183082e+00 +8.3333333333333337e-01 +9.3114273082217092e-01 
+1.8849555921538759e+00 +1.6666666666666666e-01 +9.3378145458106943e-01 

+1.8849555921538759e+00 +1.6666666666666666e-01 +9.3378145363203002e-01 
+1.8903825599894435e+00 +8.3333333333333337e-01 +9.3641975112198161e-01 
+1.8991635784032446e+00 +8.3333333333333337e-01 +9.4068768855941820e-01 
+1.9045905462388122e+00 +1.6666666666666666e-01 +9.4332485186585424e-01 

+1.9045905462388122e+00 +1.6666666666666666e-01 +9.4332485091720708e-01 
+1.9100175140743798e+00 +8.3333333333333337e-01 +9.4596158352668069e-01 
+1.9187985324881809e+00 +8.3333333333333337e-01 +9.5022697966425218e-01 
+1.9242255003237483e+00 +1.6666666666666666e-01 +9.5286256663178170e-01 

+1.9242255003237483e+00 +1.6666666666666666e-01 +9.5286256568353744e-01 
+1.9296524681593161e+00 +8.3333333333333337e-01 +9.5549771752941215e-01 
+1.9384334865731168e+00 +8.3333333333333337e-01 +9.5976054667269139e-01 
+1.9438604544086844e+00 +1.6666666666666666e-01 +9.6239454142437730e-01 

+1.9438604544086844e+00 +1.6666666666666666e-01 +9.6239454047654727e-01 
+1.9492874222442520e+00 +8.3333333333333337e-01 +9.6502809568521375e-01 
+1.9580684406580531e+00 +8.3333333333333337e-01 +9.6928833215523746e-01 
+1.9634954084936207e+00 +1.6666666666666666e-01 +9.7192071882374376e-01 

+1.9634954084936207e+00 +1.6666666666666666e-01 +9.7192071787633749e-01 
+1.9689223763291883e+00 +8.3333333333333337e-01 +9.7455266058379542e-01 
+1.9777033947429894e+00 +8.3333333333333337e-01 +9.7881027871721760e-01 
+1.9831303625785570e+00 +1.6666666666666666e-01 +9.8144104144490540e-01 

+1.9831303625785570e+00 +1.6666666666666666e-01 +9.8144104049793368e-01 
+1.9885573304141246e+00 +8.3333333333333337e-01 +9.8407135484988595e-01 
+1.9973383488279253e+00 +8.3333333333333337e-01 +9.8832632899913364e-01 
+2.0027653166634929e+00 +1.6666666666666666e-01 +9.9095545193815582e-01 

+2.0027653166634929e+00 +1.6666666666666666e-01 +9.9095545099162896e-01 
+2.0081922844990605e+00 +8.3333333333333337e-01 +9.9358412114357886e-01 
+2.0169733029128616e+00 +8.3333333333333337e-01 +9.9783642567700637e-01 
+2.0224002707484292e+00 +1.6666666666666666e-01 +1.0004638929894032e+00 

+2.0224002707484292e+00 +1.6666666666666666e-01 +1.0004638920433309e+00 
+2.0278272385839968e+00 +8.3333333333333337e-01 +1.0030909021606771e+00 
+2.0366082569977979e+00 +8.3333333333333337e-01 +1.0073405114627199e+00 
+2.0420352248333655e+00 +1.6666666666666666e-01 +1.0099663073205136e+00 

+2.0420352248333655e+00 +1.6666666666666666e-01 +1.0099663063749060e+00 
+2.0474621926689331e+00 +8.3333333333333337e-01 +1.0125916406330389e+00 
+2.0562432110827342e+00 +8.3333333333333337e-01 +1.0168385291043684e+00 
+2.0616701789183018e+00 +1.6666666666666666e-01 +1.0194626376896585e+00 

+2.0616701789183018e+00 +1.6666666666666666e-01 +1.0194626367445243e+00 
+2.0670971467538695e+00 +8.3333333333333337e-01 +1.0220862793289218e+00 
+2.0758781651676705e+00 +8.3333333333333337e-01 +1.0263304213865994e+00 
+2.0813051330032382e+00 +1.6666666666666666e-01 +1.0289528268916575e+00 

+2.0813051330032382e+00 +1.6666666666666666e-01 +1.0289528259470073e+00 
+2.0867321008388058e+00 +8.3333333333333337e-01 +1.0315747610533279e+00 
+2.0955131192526064e+00 +8.3333333333333337e-01 +1.0358161311309591e+00 
+2.1009400870881740e+00 +1.6666666666666666e-01 +1.0384368177583243e+00 

+2.1009400870881740e+00 +1.6666666666666666e-01 +1.0384368168141671e+00 
+2.1063670549237417e+00 +8.3333333333333337e-01 +1.0410570286483498e+00 
+2.1151480733375427e+00 +8.3333333333333337e-01 +1.0452956011962389e+00 
+2.1205750411731104e+00 +1.6666666666666666e-01 +1.0479145531588114e+00 

+2.1205750411731104e+00 +1.6666666666666666e-01 +1.0479145522151572e+00 
+2.1260020090086780e+00 +8.3333333333333337e-01 +1.0505330249935123e+00 
+2.1347830274224791e+00 +8.3333333333333337e-01 +1.0547687744788146e+00 
+2.1402099952580467e+00 +1.6666666666666666e-01 +1.0573859759999529e+00 

+2.1402099952580467e+00 +1.6666666666666666e-01 +1.0573859750568091e+00 
+2.1456369630936143e+00 +8.3333333333333337e-01 +1.0600026930061182e+00 
+2.1544179815074149e+00 +8.3333333333333337e-01 +1.0642355939129957e+00 
+2.1598449493429825e+00 +1.6666666666666666e-01 +1.0668510292266085e+00 

+2.1598449493429825e+00 +1.6666666666666666e-01 +1.0668510282839851e+00 
+2.1652719171785502e+00 +8.3333333333333337e-01 +1.0694659756415912e+00 
+2.1740529355923512e+00 +8.3333333333333337e-01 +1.0736960024713658e+00 
+2.1794799034279189e+00 +1.6666666666666666e-01 +1.0763096558220084e+00 

+2.1794799034279189e+00 +1.6666666666666666e-01 +1.0763096548799149e+00 
+2.1849068712634865e+00 +8.3333333333333337e-01 +1.0789228158938220e+00 
+2.1936878896772876e+00 +8.3333333333333337e-01 +1.0831499431651277e+00 
+2.1991148575128552e+00 +1.6666666666666666e-01 +1.0857617988080972e+00 

+2.1991148575128552e+00 +1.6666666666666666e-01 +1.0857617978665413e+00 
+2.2045418253484228e+00 +8.3333333333333337e-01 +1.0883731567955079e+00 
+2.2133228437622239e+00 +8.3333333333333337e-01 +1.0925973590444458e+00 
+2.2187498115977915e+00 +1.6666666666666666e-01 +1.0952074012458739e+00 

+2.2187498115977915e+00 +1.6666666666666666e-01 +1.0952074003048646e+00 
+2.2241767794333591e+00 +8.3333333333333337e-01 +1.0978169414184984e+00 
+2.2329577978471602e+00 +8.3333333333333337e-01 +1.1020381931987904e+00 
+2.2383847656827278e+00 +1.6666666666666666e-01 +1.1046464062357391e+00 

+2.2383847656827278e+00 +1.6666666666666666e-01 +1.1046464052952849e+00 
+2.2438117335182954e+00 +8.3333333333333337e-01 +1.1072541128741376e+00 
+2.2525927519320961e+00 +8.3333333333333337e-01 +1.1114723887572777e+00 
+2.2580197197676637e+00 +1.6666666666666666e-01 +1.1140787569178341e+00 

+2.2580197197676637e+00 +1.6666666666666666e-01 +1.1140787559779439e+00 
+2.2634466876032313e+00 +8.3333333333333337e-01 +1.1166846143136064e+00 
+2.2722277060170324e+00 +8.3333333333333337e-01 +1.1208998888890167e+00 
+2.2776546738526000e+00 +1.6666666666666666e-01 +1.1235043964723874e+00 

+2.2776546738526000e+00 +1.6666666666666666e-01 +1.1235043955330690e+00 
+2.2830816416881676e+00 +8.3333333333333337e-01 +1.1261083889282670e+00 
+2.2918626601019687e+00 +8.3333333333333337e-01 +1.1303206368034477e+00 
+2.2972896279375363e+00 +1.6666666666666666e-01 +1.1329232681200523e+00 

+2.2972896279375363e+00 +1.6666666666666666e-01 +1.1329232671813145e+00 
+2.3027165957731039e+00 +8.3333333333333337e-01 +1.1355253799500018e+00 
+2.3114976141869046e+00 +8.3333333333333337e-01 +1.1397345757506867e+00 
+2.3169245820224722e+00 +1.6666666666666666e-01 +1.1423353151222526e+00 

+2.3169245820224722e+00 +1.6666666666666666e-01 +1.1423353141841035e+00 
+2.3223515498580398e+00 +8.3333333333333337e-01 +1.1449355306515576e+00 
+2.3311325682718409e+00 +8.3333333333333337e-01 +1.1491416490218658e+00 
+2.3365595361074085e+00 +1.6666666666666666e-01 +1.1517404807815230e+00 

+2.3365595361074085e+00 +1.6666666666666666e-01 +1.1517404798439708e+00 
+2.3419865039429761e+00 +8.3333333333333337e-01 +1.1543387843468875e+00 
+2.3507675223567772e+00 +8.3333333333333337e-01 +1.1585417999494760e+00 
+2.3561944901923448e+00 +1.6666666666666666e-01 +1.1611387084418505e+00 

+2.3561944901923448e+00 +1.6666666666666666e-01 +1.1611387075049029e+00 
+2.3616214580279125e+00 +8.3333333333333337e-01 +1.1637350843914911e+00 
+2.3704024764417135e+00 +8.3333333333333337e-01 +1.1679349719077079e+00 
+2.3758294442772812e+00 +1.6666666666666666e-01 +1.1705299414890158e+00 

+2.3758294442772812e+00 +1.6666666666666666e-01 +1.1705299405526806e+00 
+2.3812564121128488e+00 +8.3333333333333337e-01 +1.1731243741827559e+00 
+2.3900374305266499e+00 +8.3333333333333337e-01 +1.1773211083127921e+00 
+2.3954643983622175e+00 +1.6666666666666666e-01 +1.1799141233509347e+00 

+2.3954643983622175e+00 +1.6666666666666666e-01 +1.1799141224152199e+00 
+2.4008913661977851e+00 +8.3333333333333337e-01 +1.1825065971602997e+00 
+2.4096723846115857e+00 +8.3333333333333337e-01 +1.1867001526233423e+00 
+2.4150993524471533e+00 +1.6666666666666666e-01 +1.1892911974979992e+00 

+2.4150993524471533e+00 +1.6666666666666666e-01 +1.1892911965629129e+00 
+2.4205263202827210e+00 +8.3333333333333337e-01 +1.1918816968063091e+00 
+2.4293073386965220e+00 +8.3333333333333337e-01 +1.1960720483406937e+00 
+2.4347343065320897e+00 +1.6666666666666666e-01 +1.1986611074434173e+00 

+2.4347343065320897e+00 +1.6666666666666666e-01 +1.1986611065089667e+00 
+2.4401612743676573e+00 +8.3333333333333337e-01 +1.2012496166458824e+00 
+2.4489422927814584e+00 +8.3333333333333337e-01 +1.2054367390092440e+00 
+2.4543692606170260e+00 +1.6666666666666666e-01 +1.2080237967435530e+00 

+2.4543692606170260e+00 +1.6666666666666666e-01 +1.2080237958097462e+00 
+2.4597962284525936e+00 +8.3333333333333337e-01 +1.2106103002473678e+00 
+2.4685772468663942e+00 +8.3333333333333337e-01 +1.2147941682167938e+00 
+2.4740042147019619e+00 +1.6666666666666666e-01 +1.2173792089982667e+00 

+2.4740042147019619e+00 +1.6666666666666666e-01 +1.2173792080651114e+00 
+2.4794311825375295e+00 +8.3333333333333337e-01 +1.2199636912227041e+00 
+2.4882122009513306e+00 +8.3333333333333337e-01 +1.2241442795948865e+00 
+2.4936391687868982e+00 +1.6666666666666666e-01 +1.2267272878512563e+00 

+2.4936391687868982e+00 +1.6666666666666666e-01 +1.2267272869187598e+00 
+2.4990661366224658e+00 +8.3333333333333337e-01 +1.2293097332277607e+00 
+2.5078471550362669e+00 +8.3333333333333337e-01 +1.2334870168191474e+00 
+2.5132741228718345e+00 +1.6666666666666666e-01 +1.2360679769903951e+00 

+2.5132741228718345e+00 +1.6666666666666666e-01 +1.2360679760585647e+00 
+2.5187010907074021e+00 +8.3333333333333337e-01 +1.2386483699626760e+00 
+2.5274821091212032e+00 +8.3333333333333337e-01 +1.2428223236096225e+00 
+2.5329090769567708e+00 +1.6666666666666666e-01 +1.2454012201480695e+00 

+2.5329090769567708e+00 +1.6666666666666666e-01 +1.2454012192169130e+00 
+2.5383360447923384e+00 +8.3333333333333337e-01 +1.2479795451721989e+00 
+2.5471170632061395e+00 +8.3333333333333337e-01 +1.2521501437311198e+00 
+2.5525440310417071e+00 +1.6666666666666666e-01 +1.2547269611015228e+00 

+2.5525440310417071e+00 +1.6666666666666666e-01 +1.2547269601710473e+00 
+2.5579709988772747e+00 +8.3333333333333337e-01 +1.2573032026460234e+00 
+2.5667520172910754e+00 +8.3333333333333337e-01 +1.2614704209935441e+00 
+2.5721789851266430e+00 +1.6666666666666666e-01 +1.2640451436731883e+00 

+2.5721789851266430e+00 +1.6666666666666666e-01 +1.2640451427434016e+00 
+2.5776059529622106e+00 +8.3333333333333337e-01 +1.2666192862191317e+00 
+2.5863869713760117e+00 +8.3333333333333337e-01 +1.2707830992522406e+00 
+2.5918139392115793e+00 +1.6666666666666666e-01 +1.2733557117310330e+00 

+2.5918139392115793e+00 +1.6666666666666666e-01 +1.2733557108019418e+00 
+2.5972409070471469e+00 +8.3333333333333337e-01 +1.2759277397721305e+00 
+2.6060219254609480e+00 +8.3333333333333337e-01 +1.2800881224083285e+00 
+2.6114488932965156e+00 +1.6666666666666666e-01 +1.2826586091888905e+00 

+2.6114488932965156e+00 +1.6666666666666666e-01 +1.2826586082605018e+00 
+2.6168758611320833e+00 +8.3333333333333337e-01 +1.2852285072315885e+00 
+2.6256568795458839e+00 +8.3333333333333337e-01 +1.2893854344090412e+00 
+2.6310838473814515e+00 +1.6666666666666666e-01 +1.2919537800068028e+00 

+2.6310838473814515e+00 +1.6666666666666666e-01 +1.2919537790791245e+00 
+2.6365108152170191e+00 +8.3333333333333337e-01 +1.2945215325703752e+00 
+2.6452918336308202e+00 +8.3333333333333337e-01 +1.2986749792480639e+00 
+2.6507188014663878e+00 +1.6666666666666666e-01 +1.3012411681913567e+00 

+2.6507188014663878e+00 +1.6666666666666666e-01 +1.3012411672643953e+00 
+2.6561457693019555e+00 +8.3333333333333337e-01 +1.3038067598079983e+00 
+2.6649267877157565e+00 +8.3333333333333337e-01 +1.3079567009658699e+00 
+2.6703537555513241e+00 +1.6666666666666666e-01 +1.3105207177960199e+00 

+2.6703537555513241e+00 +1.6666666666666666e-01 +1.3105207168697828e+00 
+2.6757807233868918e+00 +8.3333333333333337e-01 +1.3130841330109397e+00 
+2.6845617418006928e+00 +8.3333333333333337e-01 +1.3172305436500584e+00 
+2.6899887096362605e+00 +1.6666666666666666e-01 +1.3197923729214802e+00 

+2.6899887096362605e+00 +1.6666666666666666e-01 +1.3197923719959741e+00 
+2.6954156774718281e+00 +8.3333333333333337e-01 +1.3223535962929958e+00 
+2.7041966958856292e+00 +8.3333333333333337e-01 +1.3264964514356936e+00 
+2.7096236637211968e+00 +1.6666666666666666e-01 +1.3290560777159808e+00 

+2.7096236637211968e+00 +1.6666666666666666e-01 +1.3290560767912132e+00 
+2.7150506315567644e+00 +8.3333333333333337e-01 +1.3316150938156093e+00 
+2.7238316499705650e+00 +8.3333333333333337e-01 +1.3357543685056354e+00 
+2.7292586178061327e+00 +1.6666666666666666e-01 +1.3383117763756565e+00 

+2.7292586178061327e+00 +1.6666666666666666e-01 +1.3383117754516332e+00 
+2.7346855856417003e+00 +8.3333333333333337e-01 +1.3408685697882081e+00 
+2.7434666040555014e+00 +8.3333333333333337e-01 +1.3450042390908816e+00 
+2.7488935718910690e+00 +1.6666666666666666e-01 +1.3475594131448703e+00 

+2.7488935718910690e+00 +1.6666666666666666e-01 +1.3475594122215997e+00 
+2.7543205397266366e+00 +8.3333333333333337e-01 +1.3501139684685439e+00 
+2.7631015581404377e+00 +8.3333333333333337e-01 +1.3542460074709011e+00 
+2.7685285259760053e+00 +1.6666666666666666e-01 +1.3567989323165508e+00 

+2.7685285259760053e+00 +1.6666666666666666e-01 +1.3567989313940387e+00 
+2.7739554938115729e+00 +8.3333333333333337e-01 +1.3593512341630229e+00 
+2.7827365122253735e+00 +8.3333333333333337e-01 +1.3634796179739697e+00 
+2.7881634800609412e+00 +1.6666666666666666e-01 +1.3660302782325249e+00 

+2.7881634800609412e+00 +1.6666666666666666e-01 +1.3660302773107782e+00 
+2.7935904478965088e+00 +8.3333333333333337e-01 +1.3685803112270447e+00 
+2.8023714663103094e+00 +8.3333333333333337e-01 +1.3727050149775044e+00 
+2.8077984341458775e+00 +1.6666666666666666e-01 +1.3752533952838548e+00 

+2.8077984341458775e+00 +1.6666666666666666e-01 +1.3752533943628802e+00 
+2.8132254019814451e+00 +8.3333333333333337e-01 +1.3778011440653366e+00 
+2.8220064203952462e+00 +8.3333333333333337e-01 +1.3819221429084021e+00 
+2.8274333882308138e+00 +1.6666666666666666e-01 +1.3844682279111729e+00 

+2.8274333882308138e+00 +1.6666666666666666e-01 +1.3844682269909774e+00 
+2.8328603560663814e+00 +8.3333333333333337e-01 +1.3870136771322885e+00 
+2.8416413744801825e+00 +8.3333333333333337e-01 +1.3911309462433703e+00 
+2.8470683423157501e+00 +1.6666666666666666e-01 +1.3936747206050166e+00 

+2.8470683423157501e+00 +1.6666666666666666e-01 +1.3936747196856070e+00 
+2.8524953101513177e+00 +8.3333333333333337e-01 +1.3962178549322874e+00 
+2.8612763285651188e+00 +8.3333333333333337e-01 +1.4003313695092638e+00 
+2.8667032964006864e+00 +1.6666666666666666e-01 +1.4028728179061623e+00 

+2.8667032964006864e+00 +1.6666666666666666e-01 +1.4028728169875451e+00 
+2.8721302642362541e+00 +8.3333333333333337e-01 +1.4054136220200524e+00 
+2.8809112826500547e+00 +8.3333333333333337e-01 +1.4095233572834178e+00 
+2.8863382504856223e+00 +1.6666666666666666e-01 +1.4120624644059583e+00 

+2.8863382504856223e+00 +1.6666666666666666e-01 +1.4120624634881402e+00 
+2.8917652183211899e+00 +8.3333333333333337e-01 +1.4146009230009666e+00 
+2.9005462367349910e+00 +8.3333333333333337e-01 +1.4187068541939831e+00 
+2.9059732045705586e+00 +1.6666666666666666e-01 +1.4212436047466619e+00 

+2.9059732045705586e+00 +1.6666666666666666e-01 +1.4212436038296492e+00 
+2.9114001724061263e+00 +8.3333333333333337e-01 +1.4237797025314145e+00 
+2.9201811908199273e+00 +8.3333333333333337e-01 +1.4278818049202591e+00 
+2.9256081586554950e+00 +1.6666666666666666e-01 +1.4304161836217693e+00 

+2.9256081586554950e+00 +1.6666666666666666e-01 +1.4304161827055688e+00 
+2.9310351264910626e+00 +8.3333333333333337e-01 +1.4329499053191119e+00 
+2.9398161449048632e+00 +8.3333333333333337e-01 +1.4370481541930253e+00 
+2.9452431127404308e+00 +1.6666666666666666e-01 +1.4395801457763511e+00 

+2.9452431127404308e+00 +1.6666666666666666e-01 +1.4395801448609695e+00 
+2.9506700805759984e+00 +8.3333333333333337e-01 +1.4421114761234397e+00 
+2.9594510989897995e+00 +8.3333333333333337e-01 +1.4462058467948766e+00 
+2.9648780668253671e+00 +1.6666666666666666e-01 +1.4487354360073839e+00 

+2.9648780668253671e+00 +1.6666666666666666e-01 +1.4487354350928274e+00 
+2.9703050346609352e+00 +8.3333333333333337e-01 +1.4512643597557788e+00 
+2.9790860530747358e+00 +8.3333333333333337e-01 +1.4553548275605559e+00 
+2.9845130209103035e+00 +1.6666666666666666e-01 +1.4578819991640841e+00 

+2.9845130209103035e+00 +1.6666666666666666e-01 +1.4578819982503584e+00 
+2.9899399887458715e+00 +8.3333333333333337e-01 +1.4604085010798391e+00 
+2.9987210071596717e+00 +8.3333333333333337e-01 +1.4644950413772841e+00 
+3.0041479749952398e+00 +1.6666666666666666e-01 +1.4670197801482381e+00 

+3.0041479749952398e+00 +1.6666666666666666e-01 +1.4670197792353514e+00 
+3.0095749428308074e+00 +8.3333333333333337e-01 +1.4695438450119962e+00 
+3.0183559612446080e+00 +8.3333333333333337e-01 +1.4736264331850946e+00 
+3.0237829290801761e+00 +1.6666666666666666e-01 +1.4761487239145361e+00 

+3.0237829290801761e+00 +1.6666666666666666e-01 +1.4761487230024939e+00 
+3.0292098969157433e+00 +8.3333333333333337e-01 +1.4786703365216176e+00 
+3.0379909153295444e+00 +8.3333333333333337e-01 +1.4827489479771629e+00 
+3.0434178831651120e+00 +1.6666666666666666e-01 +1.4852687754709029e+00 

+3.0434178831651120e+00 +1.6666666666666666e-01 +1.4852687745597111e+00 
+3.0488448510006796e+00 +8.3333333333333337e-01 +1.4877879206313984e+00 
+3.0576258694144807e+00 +8.3333333333333337e-01 +1.4918625308001399e+00 
+3.0630528372500483e+00 +1.6666666666666666e-01 +1.4943798798788284e+00 

+3.0630528372500483e+00 +1.6666666666666666e-01 +1.4943798789684943e+00 
+3.0684798050856159e+00 +8.3333333333333337e-01 +1.4968965424176923e+00 
+3.0772608234994170e+00 +8.3333333333333337e-01 +1.5009671267544820e+00 
+3.0826877913349846e+00 +1.6666666666666666e-01 +1.5034819822537013e+00 

+3.0826877913349846e+00 +1.6666666666666666e-01 +1.5034819813442306e+00 
+3.0881147591705522e+00 +8.3333333333333337e-01 +1.5059961470108396e+00 
+3.0968957775843529e+00 +8.3333333333333337e-01 +1.5100626809947810e+00 
+3.1023227454199205e+00 +1.6666666666666666e-01 +1.5125750277651369e+00 

+3.1023227454199205e+00 +1.6666666666666666e-01 +1.5125750268565359e+00 
+3.1077497132554881e+00 +8.3333333333333337e-01 +1.5150866795955000e+00 
+3.1165307316692892e+00 +8.3333333333333337e-01 +1.5191491387300964e+00 
+3.1219576995048568e+00 +1.6666666666666666e-01 +1.5216589616373077e+00 

+3.1219576995048568e+00 +1.6666666666666666e-01 +1.5216589607295830e+00 
+3.1273846673404244e+00 +8.3333333333333337e-01 +1.5241680854109838e+00 
+3.1361656857542255e+00 +8.3333333333333337e-01 +1.5282264452242835e+00 
+3.1415926535897931e+00 +1.6666666666666666e-01 +1.5307337291492749e+00 

+3.1415926535897931e+00 +1.6666666666666666e-01 +1.5307337282424323e+00 
+3.1470196214253607e+00 +8.3333333333333337e-01 +1.5332403097515777e+00 
+3.1558006398391618e+00 +8.3333333333333337e-01 +1.5372945457963250e+00 
+3.1612276076747294e+00 +1.6666666666666666e-01 +1.5397992756353167e+00 

+3.1612276076747294e+00 +1.6666666666666666e-01 +1.5397992747293630e+00 
+3.1666545755102971e+00 +8.3333333333333337e-01 +1.5423032979668798e+00 
+3.1754355939240981e+00 +8.3333333333333337e-01 +1.5463533858206582e+00 
+3.1808625617596658e+00 +1.6666666666666666e-01 +1.5488555464852578e+00 

+3.1808625617596658e+00 +1.6666666666666666e-01 +1.5488555455801989e+00 
+3.1862895295952334e+00 +8.3333333333333337e-01 +1.5513569954621231e+00 
+3.1950705480090340e+00 +8.3333333333333337e-01 +1.5554029107275058e+00 
+3.2004975158446016e+00 +1.6666666666666666e-01 +1.5579024871447991e+00 

+3.2004975158446016e+00 +1.6666666666666666e-01 +1.5579024862406412e+00 
+3.2059244836801692e+00 +8.3333333333333337e-01 +1.5604013476985088e+00 
+3.2147055020939703e+00 +8.3333333333333337e-01 +1.5644430660032045e+00 
+3.2201324699295379e+00 +1.6666666666666666e-01 +1.5669400431158460e+00 

+3.2201324699295379e+00 +1.6666666666666666e-01 +1.5669400422125952e+00 
+3.2255594377651056e+00 +8.3333333333333337e-01 +1.5694363001935336e+00 
+3.2343404561789066e+00 +8.3333333333333337e-01 +1.5734737971905330e+00 
+3.2397674240144743e+00 +1.6666666666666666e-01 +1.5759681599568365e+00 

+3.2397674240144743e+00 +1.6666666666666666e-01 +1.5759681590544992e+00 
+3.2451943918500419e+00 +8.3333333333333337e-01 +1.5784617985213159e+00 
+3.2539754102638430e+00 +8.3333333333333337e-01 +1.5824950498890376e+00 
+3.2594023780994101e+00 +1.6666666666666666e-01 +1.5849867832830682e+00 

+3.2594023780994101e+00 +1.6666666666666666e-01 +1.5849867823816497e+00 
+3.2648293459349782e+00 +8.3333333333333337e-01 +1.5874777883129276e+00 
+3.2736103643487788e+00 +8.3333333333333337e-01 +1.5915067697553662e+00 
+3.2790373321843465e+00 +1.6666666666666666e-01 +1.5939958587670280e+00 

+3.2790373321843465e+00 +1.6666666666666666e-01 +1.5939958578665352e+00 
+3.2844643000199145e+00 +8.3333333333333337e-01 +1.5964842152567178e+00 
+3.2932453184337147e+00 +8.3333333333333337e-01 +1.6005089025035899e+00 
+3.2986722862692828e+00 +1.6666666666666666e-01 +1.6029953321387183e+00 

+3.2986722862692828e+00 +1.6666666666666666e-01 +1.6029953312391572e+00 
+3.3040992541048504e+00 +8.3333333333333337e-01 +1.6054810250986413e+00 
+3.3128802725186510e+00 +8.3333333333333337e-01 +1.6095013939055312e+00 
+3.3183072403542191e+00 +1.6666666666666666e-01 +1.6119851491859827e+00 

+3.3183072403542191e+00 +1.6666666666666666e-01 +1.6119851482873591e+00 
+3.3237342081897867e+00 +8.3333333333333337e-01 +1.6144681636425862e+00 
+3.3325152266035878e+00 +8.3333333333333337e-01 +1.6184841897910922e+00 
+3.3379421944391554e+00 +1.6666666666666666e-01 +1.6209652557548346e+00 

+3.3379421944391554e+00 +1.6666666666666666e-01 +1.6209652548571545e+00 
+3.3433691622747230e+00 +8.3333333333333337e-01 +1.6234455767506999e+00 
+3.3521501806885237e+00 +8.3333333333333337e-01 +1.6274572360485795e+00 
+3.3575771485240913e+00 +1.6666666666666666e-01 +1.6299355977497827e+00 

+3.3575771485240913e+00 +1.6666666666666666e-01 +1.6299355968530527e+00 
+3.3630041163596589e+00 +8.3333333333333337e-01 +1.6324132103437143e+00 
+3.3717851347734600e+00 +8.3333333333333337e-01 +1.6364204786250316e+00 
+3.3772121026090276e+00 +1.6666666666666666e-01 +1.6388961211341571e+00 

+3.3772121026090276e+00 +1.6666666666666666e-01 +1.6388961202383829e+00 
+3.3826390704445952e+00 +8.3333333333333337e-01 +1.6413710104012742e+00 
+3.3914200888583963e+00 +8.3333333333333337e-01 +1.6453738635265440e+00 
+3.3968470566939639e+00 +1.6666666666666666e-01 +1.6478467719304335e+00 

+3.3968470566939639e+00 +1.6666666666666666e-01 +1.6478467710356204e+00 
+3.4022740245295315e+00 +8.3333333333333337e-01 +1.6503189229622581e+00 
+3.4110550429433322e+00 +8.3333333333333337e-01 +1.6543173368185915e+00 
+3.4164820107788998e+00 +1.6666666666666666e-01 +1.6567874962205591e+00 

+3.4164820107788998e+00 +1.6666666666666666e-01 +1.6567874953267137e+00 
+3.4219089786144674e+00 +8.3333333333333337e-01 +1.6592568941251087e+00 
+3.4306899970282685e+00 +8.3333333333333337e-01 +1.6632508446263592e+00 
+3.4361169648638361e+00 +1.6666666666666666e-01 +1.6657182401462787e+00 

+3.4361169648638361e+00 +1.6666666666666666e-01 +1.6657182392534076e+00 
+3.4415439326994037e+00 +8.3333333333333337e-01 +1.6681848700481534e+00 
+3.4503249511132048e+00 +8.3333333333333337e-01 +1.6721743331350607e+00 
+3.4557519189487724e+00 +1.6666666666666666e-01 +1.6746389499094583e+00 

+3.4557519189487724e+00 +1.6666666666666666e-01 +1.6746389490175664e+00 
+3.4611788867843400e+00 +8.3333333333333337e-01 +1.6771027969499308e+00 
+3.4699599051981411e+00 +8.3333333333333337e-01 +1.6810877485902671e+00 
+3.4753868730337087e+00 +1.6666666666666666e-01 +1.6835495717724076e+00 

+3.4753868730337087e+00 +1.6666666666666666e-01 +1.6835495708815009e+00 
+3.4808138408692764e+00 +8.3333333333333337e-01 +1.6860106211095136e+00 
+3.4895948592830774e+00 +8.3333333333333337e-01 +1.6899910372982276e+00 
+3.4950218271186451e+00 +1.6666666666666666e-01 +1.6924500520582058e+00 

+3.4950218271186451e+00 +1.6666666666666666e-01 +1.6924500511682898e+00 
+3.5004487949542127e+00 +8.3333333333333337e-01 +1.6949082888668334e+00 
+3.5092298133680133e+00 +8.3333333333333337e-01 +1.6988841456261943e+00 
+3.5146567812035809e+00 +1.6666666666666666e-01 +1.7013403371510230e+00 

+3.5146567812035809e+00 +1.6666666666666666e-01 +1.7013403362621047e+00 
+3.5200837490391486e+00 +8.3333333333333337e-01 +1.7037957466230020e+00 
+3.5288647674529496e+00 +8.3333333333333337e-01 +1.7077670200027457e+00 
+3.5342917352885173e+00 +1.6666666666666666e-01 +1.7102203734964470e+00 

+3.5342917352885173e+00 +1.6666666666666666e-01 +1.7102203726085319e+00 
+3.5397187031240849e+00 +8.3333333333333337e-01 +1.7126729408406371e+00 
+3.5484997215378860e+00 +8.3333333333333337e-01 +1.7166396069181087e+00 
+3.5539266893734536e+00 +1.6666666666666666e-01 +1.7190901076018010e+00 

+3.5539266893734536e+00 +1.6666666666666666e-01 +1.7190901067148945e+00 
+3.5593536572090212e+00 +8.3333333333333337e-01 +1.7215398180441817e+00 
+3.5681346756228223e+00 +8.3333333333333337e-01 +1.7255018529244810e+00 
+3.5735616434583894e+00 +1.6666666666666666e-01 +1.7279494860364684e+00 

+3.5735616434583894e+00 +1.6666666666666666e-01 +1.7279494851505763e+00 
+3.5789886112939575e+00 +8.3333333333333337e-01 +1.7303963248202292e+00 
+3.5877696297077581e+00 +8.3333333333333337e-01 +1.7343537046363531e+00 
+3.5931965975433258e+00 +1.6666666666666666e-01 +1.7367984554322153e+00 

+3.5931965975433258e+00 +1.6666666666666666e-01 +1.7367984545473436e+00 
+3.5986235653788938e+00 +8.3333333333333337e-01 +1.7392424078178421e+00 
+3.6074045837926940e+00 +8.3333333333333337e-01 +1.7431951087308302e+00 
+3.6128315516282621e+00 +1.6666666666666666e-01 +1.7456369624835109e+00 

+3.6128315516282621e+00 +1.6666666666666666e-01 +1.7456369615996659e+00 
+3.6182585194638297e+00 +8.3333333333333337e-01 +1.7480780137488758e+00 
+3.6270395378776303e+00 +8.3333333333333337e-01 +1.7520260119479525e+00 
+3.6324665057131984e+00 +1.6666666666666666e-01 +1.7544649539478478e+00 

+3.6324665057131984e+00 +1.6666666666666666e-01 +1.7544649530650349e+00 
+3.6378934735487660e+00 +8.3333333333333337e-01 +1.7569030893882995e+00 
+3.6466744919625671e+00 +8.3333333333333337e-01 +1.7608463610910177e+00 
+3.6521014597981347e+00 +1.6666666666666666e-01 +1.7632823766460644e+00 

+3.6521014597981347e+00 +1.6666666666666666e-01 +1.7632823757642890e+00 
+3.6575284276337023e+00 +8.3333333333333337e-01 +1.7657175815745145e+00 
+3.6663094460475030e+00 +8.3333333333333337e-01 +1.7696561030268996e+00 
+3.6717364138830706e+00 +1.6666666666666666e-01 +1.7720891774626637e+00 

+3.6717364138830706e+00 +1.6666666666666666e-01 +1.7720891765819320e+00 
+3.6771633817186382e+00 +8.3333333333333337e-01 +1.7745214372096767e+00 
+3.6859444001324393e+00 +8.3333333333333337e-01 +1.7784551846863701e+00 
+3.6913713679680069e+00 +1.6666666666666666e-01 +1.7808853033461363e+00 

+3.6913713679680069e+00 +1.6666666666666666e-01 +1.7808853024664537e+00 
+3.6967983358035745e+00 +8.3333333333333337e-01 +1.7833146032600169e+00 
+3.7055793542173756e+00 +8.3333333333333337e-01 +1.7872435530644162e+00 
+3.7110063220529432e+00 +1.6666666666666666e-01 +1.7896707013092752e+00 

+3.7110063220529432e+00 +1.6666666666666666e-01 +1.7896707004306471e+00 
+3.7164332898885108e+00 +8.3333333333333337e-01 +1.7920970267561576e+00 
+3.7252143083023115e+00 +8.3333333333333337e-01 +1.7960211552205625e+00 
+3.7306412761378791e+00 +1.6666666666666666e-01 +1.7984453184294991e+00 

+3.7306412761378791e+00 +1.6666666666666666e-01 +1.7984453175519319e+00 
+3.7360682439734467e+00 +8.3333333333333337e-01 +1.8008686547934336e+00 
+3.7448492623872478e+00 +8.3333333333333337e-01 +1.8047879382791874e+00 
+3.7502762302228154e+00 +1.6666666666666666e-01 +1.8072091018491698e+00 

+3.7502762302228154e+00 +1.6666666666666666e-01 +1.8072091009726687e+00 
+3.7557031980583830e+00 +8.3333333333333337e-01 +1.8096294345322126e+00 
+3.7644842164721841e+00 +8.3333333333333337e-01 +1.8135438494298435e+00 
+3.7699111843077517e+00 +1.6666666666666666e-01 +1.8159619987759088e+00 

+3.7699111843077517e+00 +1.6666666666666666e-01 +1.8159619979004797e+00 
+3.7753381521433198e+00 +8.3333333333333337e-01 +1.8183793131982100e+00 
+3.7841191705571204e+00 +8.3333333333333337e-01 +1.8222888359275742e+00 
+3.7895461383926881e+00 +1.6666666666666666e-01 +1.8247039564829191e+00 

+3.7895461383926881e+00 +1.6666666666666666e-01 +1.8247039556085682e+00 
+3.7949731062282561e+00 +8.3333333333333337e-01 +1.8271182380828088e+00 
+3.8037541246420572e+00 +8.3333333333333337e-01 +1.8310228450932333e+00 
+3.8091810924776244e+00 +1.6666666666666666e-01 +1.8334349223093001e+00 

+3.8091810924776244e+00 +1.6666666666666666e-01 +1.8334349214360322e+00 
+3.8146080603131924e+00 +8.3333333333333337e-01 +1.8358461565433768e+00 
+3.8233890787269926e+00 +8.3333333333333337e-01 +1.8397458243138001e+00 
+3.8288160465625602e+00 +1.6666666666666666e-01 +1.8421548436603643e+00 

+3.8288160465625602e+00 +1.6666666666666666e-01 +1.8421548427881855e+00 
+3.8342430143981279e+00 +8.3333333333333337e-01 +1.8445630160035835e+00 
+3.8430240328119289e+00 +8.3333333333333337e-01 +1.8484577210426980e+00 
+3.8484510006474966e+00 +1.6666666666666666e-01 +1.8508636680079567e+00 

+3.8484510006474966e+00 +1.6666666666666666e-01 +1.8508636671368723e+00 
+3.8538779684830642e+00 +8.3333333333333337e-01 +1.8532687639537182e+00 
+3.8626589868968653e+00 +8.3333333333333337e-01 +1.8571584828001113e+00 
+3.8680859547324329e+00 +1.6666666666666666e-01 +1.8595613428907689e+00 

+3.8680859547324329e+00 +1.6666666666666666e-01 +1.8595613420207850e+00 
+3.8735129225680005e+00 +8.3333333333333337e-01 +1.8619633479510034e+00 
+3.8822939409818016e+00 +8.3333333333333337e-01 +1.8658480571732985e+00 
+3.8877209088173688e+00 +1.6666666666666666e-01 +1.8682478159146567e+00 

+3.8877209088173688e+00 +1.6666666666666666e-01 +1.8682478150457777e+00 
+3.8931478766529368e+00 +8.3333333333333337e-01 +1.8706467156199129e+00 
+3.9019288950667370e+00 +8.3333333333333337e-01 +1.8745263918169113e+00 
+3.9073558629023051e+00 +1.6666666666666666e-01 +1.8769230347529549e+00 

+3.9073558629023051e+00 +1.6666666666666666e-01 +1.8769230338851877e+00 
+3.9127828307378723e+00 +8.3333333333333337e-01 +1.8793188146524880e+00 
+3.9215638491516733e+00 +8.3333333333333337e-01 +1.8831934344533099e+00 
+3.9269908169872414e+00 +1.6666666666666666e-01 +1.8855869471467921e+00 

+3.9269908169872414e+00 +1.6666666666666666e-01 +1.8855869462801418e+00 
+3.9324177848228090e+00 +8.3333333333333337e-01 +1.8879795928086500e+00 
+3.9411988032366096e+00 +8.3333333333333337e-01 +1.8918491328728746e+00 
+3.9466257710721777e+00 +1.6666666666666666e-01 +1.8942395009054072e+00 

+3.9466257710721777e+00 +1.6666666666666666e-01 +1.8942395000398793e+00 
+3.9520527389077453e+00 +8.3333333333333337e-01 +1.8966289979165170e+00 
+3.9608337573215464e+00 +8.3333333333333337e-01 +1.9004934349343234e+00 
+3.9662607251571140e+00 +1.6666666666666666e-01 +1.9028806439064614e+00 

+3.9662607251571140e+00 +1.6666666666666666e-01 +1.9028806430420604e+00 
+3.9716876929926817e+00 +8.3333333333333337e-01 +1.9052669778727171e+00 
+3.9804687114064823e+00 +8.3333333333333337e-01 +1.9091262885650253e+00 
+3.9858956792420499e+00 +1.6666666666666666e-01 +1.9115103240963534e+00 

+3.9858956792420499e+00 +1.6666666666666666e-01 +1.9115103232330861e+00 
+3.9913226470776175e+00 +8.3333333333333337e-01 +1.9138934806427026e+00 
+4.0001036654914177e+00 +8.3333333333333337e-01 +1.9177476417613124e+00 
+4.0055306333269858e+00 +1.6666666666666666e-01 +1.9201284894905346e+00 

+4.0055306333269858e+00 +1.6666666666666666e-01 +1.9201284886284065e+00 
+4.0109576011625538e+00 +8.3333333333333337e-01 +1.9225084542610649e+00 
+4.0197386195763540e+00 +8.3333333333333337e-01 +1.9263574425887970e+00 
+4.0251655874119221e+00 +1.6666666666666666e-01 +1.9287350881738197e+00 

+4.0251655874119221e+00 +1.6666666666666666e-01 +1.9287350873128366e+00 
+4.0305925552474893e+00 +8.3333333333333337e-01 +1.9311118468318440e+00 
+4.0393735736612904e+00 +8.3333333333333337e-01 +1.9349556391826803e+00 
+4.0448005414968584e+00 +1.6666666666666666e-01 +1.9373300683007004e+00 

+4.0448005414968584e+00 +1.6666666666666666e-01 +1.9373300674408664e+00 
+4.0502275093324265e+00 +8.3333333333333337e-01 +1.9397036065288453e+00 
+4.0590085277462276e+00 +8.3333333333333337e-01 +1.9435421797480672e+00 
+4.0644354955817947e+00 +1.6666666666666666e-01 +1.9459133780956566e+00 

+4.0644354955817947e+00 +1.6666666666666666e-01 +1.9459133772369785e+00 
+4.0698624634173628e+00 +8.3333333333333337e-01 +1.9482836815959486e+00 
+4.0786434818311630e+00 +8.3333333333333337e-01 +1.9521170125602767e+00 
+4.0840704496667311e+00 +1.6666666666666666e-01 +1.9544849658534718e+00 

+4.0840704496667311e+00 +1.6666666666666666e-01 +1.9544849649959548e+00 
+4.0894974175022991e+00 +8.3333333333333337e-01 +1.9568520203474207e+00 
+4.0982784359161002e+00 +8.3333333333333337e-01 +1.9606800859651559e+00 
+4.1037054037516674e+00 +1.6666666666666666e-01 +1.9630447799395403e+00 

+4.1037054037516674e+00 +1.6666666666666666e-01 +1.9630447790831884e+00 
+4.1091323715872354e+00 +8.3333333333333337e-01 +1.9654085711682283e+00 
+4.1179133900010356e+00 +8.3333333333333337e-01 +1.9692313483793886e+00 
+4.1233403578366037e+00 +1.6666666666666666e-01 +1.9715927687901804e+00 

+4.1233403578366037e+00 +1.6666666666666666e-01 +1.9715927679350014e+00 
+4.1287673256721709e+00 +8.3333333333333337e-01 +1.9739532825143460e+00 
+4.1375483440859719e+00 +8.3333333333333337e-01 +1.9777707482908062e+00 
+4.1429753119215400e+00 +1.6666666666666666e-01 +1.9801288809129456e+00 

+4.1429753119215400e+00 +1.6666666666666666e-01 +1.9801288800589436e+00 
+4.1484022797571072e+00 +8.3333333333333337e-01 +1.9824861029130711e+00 
+4.1571832981709083e+00 +8.3333333333333337e-01 +1.9862982342587023e+00 
+4.1626102660064763e+00 +1.6666666666666666e-01 +1.9886530648869325e+00 

+4.1626102660064763e+00 +1.6666666666666666e-01 +1.9886530640341133e+00 
+4.1680372338420435e+00 +8.3333333333333337e-01 +1.9910069809633284e+00 
+4.1768182522558446e+00 +8.3333333333333337e-01 +1.9948137549141358e+00 
+4.1822452200914118e+00 +1.6666666666666666e-01 +1.9971652693630935e+00 

+4.1822452200914118e+00 +1.6666666666666666e-01 +1.9971652685114611e+00 
+4.1876721879269798e+00 +8.3333333333333337e-01 +1.9995158653359839e+00 
+4.1964532063407800e+00 +8.3333333333333337e-01 +2.0033172589602448e+00 
+4.2018801741763481e+00 +1.6666666666666666e-01 +2.0056654430645433e+00 

+4.2018801741763481e+00 +1.6666666666666666e-01 +2.0056654422141058e+00 
+4.2073071420119152e+00 +8.3333333333333337e-01 +2.0080127047741536e+00 
+4.2160881604257163e+00 +8.3333333333333337e-01 +2.0118086951725562e+00 
+4.2215151282612844e+00 +1.6666666666666666e-01 +2.0141535347868702e+00 

+4.2215151282612844e+00 +1.6666666666666666e-01 +2.0141535339376309e+00 
+4.2269420960968525e+00 +8.3333333333333337e-01 +2.0164974480935092e+00 
+4.2357231145106526e+00 +8.3333333333333337e-01 +2.0202880123992903e+00 
+4.2411500823462207e+00 +1.6666666666666666e-01 +2.0226294933984437e+00 

+4.2411500823462207e+00 +1.6666666666666666e-01 +2.0226294925504087e+00 
+4.2465770501817879e+00 +8.3333333333333337e-01 +2.0249700441825880e+00 
+4.2553580685955890e+00 +8.3333333333333337e-01 +2.0287551595616713e+00 
+4.2607850364311570e+00 +1.6666666666666666e-01 +2.0310932678407188e+00 

+4.2607850364311570e+00 +1.6666666666666666e-01 +2.0310932669938930e+00 
+4.2662120042667251e+00 +8.3333333333333337e-01 +2.0334304420031049e+00 
+4.2749930226805262e+00 +8.3333333333333337e-01 +2.0372100856542374e+00 
+4.2804199905160933e+00 +1.6666666666666666e-01 +2.0395448071285518e+00 

+4.2804199905160933e+00 +1.6666666666666666e-01 +2.0395448062829411e+00 
+4.2858469583516605e+00 +8.3333333333333337e-01 +2.0418785905902532e+00 
+4.2946279767654616e+00 +8.3333333333333337e-01 +2.0456527397451438e+00 
+4.3000549446010297e+00 +1.6666666666666666e-01 +2.0479840603505002e+00 

+4.3000549446010297e+00 +1.6666666666666666e-01 +2.0479840595061081e+00 
+4.3054819124365977e+00 +8.3333333333333337e-01 +2.0503144390530159e+00 
+4.3142629308503970e+00 +8.3333333333333337e-01 +2.0540830709764708e+00 
+4.3196898986859651e+00 +1.6666666666666666e-01 +2.0564109766691310e+00 

+4.3196898986859651e+00 +1.6666666666666666e-01 +2.0564109758259663e+00 
+4.3251168665215332e+00 +8.3333333333333337e-01 +2.0587379365744698e+00 
+4.3338978849353342e+00 +8.3333333333333337e-01 +2.0625010285645322e+00 
+4.3393248527709014e+00 +1.6666666666666666e-01 +2.0648255053213314e+00 

+4.3393248527709014e+00 +1.6666666666666666e-01 +2.0648255044793968e+00 
+4.3447518206064686e+00 +8.3333333333333337e-01 +2.0671490324120945e+00 
+4.3535328390202697e+00 +8.3333333333333337e-01 +2.0709065618001787e+00 
+4.3589598068558377e+00 +1.6666666666666666e-01 +2.0732275956186061e+00 

+4.3589598068558377e+00 +1.6666666666666666e-01 +2.0732275947779075e+00 
+4.3643867746914058e+00 +8.3333333333333337e-01 +2.0755476758980760e+00 
+4.3731677931052069e+00 +8.3333333333333337e-01 +2.0792996200491043e+00 
+4.3785947609407740e+00 +1.6666666666666666e-01 +2.0816171969473900e+00 

+4.3785947609407740e+00 +1.6666666666666666e-01 +2.0816171961079331e+00 
+4.3840217287763421e+00 +8.3333333333333337e-01 +2.0839338164396120e+00 
+4.3928027471901423e+00 +8.3333333333333337e-01 +2.0876801527521529e+00 
+4.3982297150257104e+00 +1.6666666666666666e-01 +2.0899942587693525e+00 

+4.3982297150257104e+00 +1.6666666666666666e-01 +2.0899942579311417e+00 
+4.4036566828612784e+00 +8.3333333333333337e-01 +2.0923074035192157e+00 
+4.4124377012750786e+00 +8.3333333333333337e-01 +2.0960481094256198e+00 
+4.4178646691106467e+00 +1.6666666666666666e-01 +2.0983587306216962e+00 

+4.4178646691106467e+00 +1.6666666666666666e-01 +2.0983587297847381e+00 
+4.4232916369462139e+00 +8.3333333333333337e-01 +2.1006683866950242e+00 
+4.4320726553600149e+00 +8.3333333333333337e-01 +2.1044034396615570e+00 
+4.4374996231955830e+00 +1.6666666666666666e-01 +2.1067105621174682e+00 

+4.4374996231955830e+00 +1.6666666666666666e-01 +2.1067105612817656e+00 
+4.4429265910311511e+00 +8.3333333333333337e-01 +2.1090167156010975e+00 
+4.4517076094449513e+00 +8.3333333333333337e-01 +2.1127460931280786e+00 
+4.4571345772805193e+00 +1.6666666666666666e-01 +2.1150497029458570e+00 

+4.4571345772805193e+00 +1.6666666666666666e-01 +2.1150497021114170e+00 
+4.4625615451160865e+00 +8.3333333333333337e-01 +2.1173523399477245e+00 
+4.4713425635298876e+00 +8.3333333333333337e-01 +2.1210760195696623e+00 
+4.4767695313654556e+00 +1.6666666666666666e-01 +2.1233761028725011e+00 

+4.4767695313654556e+00 +1.6666666666666666e-01 +2.1233761020393289e+00 
+4.4821964992010228e+00 +8.3333333333333337e-01 +2.1256752095217255e+00 
+4.4909775176148230e+00 +8.3333333333333337e-01 +2.1293931688074510e+00 
+4.4964044854503911e+00 +1.6666666666666666e-01 +2.1316897117397882e+00 

+4.4964044854503911e+00 +1.6666666666666666e-01 +2.1316897109078887e+00 
+4.5018314532859582e+00 +8.3333333333333337e-01 +2.1339852741867547e+00 
+4.5106124716997593e+00 +8.3333333333333337e-01 +2.1376974907395585e+00 
+4.5160394395353274e+00 +1.6666666666666666e-01 +2.1399904794671585e+00 

+4.5160394395353274e+00 +1.6666666666666666e-01 +2.1399904786365376e+00 
+4.5214664073708946e+00 +8.3333333333333337e-01 +2.1422824838836028e+00 
+4.5302474257846956e+00 +8.3333333333333337e-01 +2.1459889353413693e+00 
+4.5356743936202637e+00 +1.6666666666666666e-01 +2.1482783560514065e+00 

+4.5356743936202637e+00 +1.6666666666666666e-01 +2.1482783552220694e+00 
+4.5411013614558318e+00 +8.3333333333333337e-01 +2.1505667886304960e+00 
+4.5498823798696328e+00 +8.3333333333333337e-01 +2.1542674526658381e+00 
+4.5553093477052000e+00 +1.6666666666666666e-01 +2.1565532915669832e+00 

+4.5553093477052000e+00 +1.6666666666666666e-01 +2.1565532907389326e+00 
+4.5607363155407672e+00 +8.3333333333333337e-01 +2.1588381385234006e+00 
+4.5695173339545683e+00 +8.3333333333333337e-01 +2.1625329928437944e+00 
+4.5749443017901363e+00 +1.6666666666666666e-01 +2.1648152361662922e+00 

+4.5749443017901363e+00 +1.6666666666666666e-01 +2.1648152353395349e+00 
+4.5803712696257044e+00 +8.3333333333333337e-01 +2.1670964837363216e+00 
+4.5891522880395055e+00 +8.3333333333333337e-01 +2.1707855060842398e+00 
+4.5945792558750727e+00 +1.6666666666666666e-01 +2.1730641400799962e+00 

+4.5945792558750727e+00 +1.6666666666666666e-01 +2.1730641392545387e+00 
+4.6000062237106407e+00 +8.3333333333333337e-01 +2.1753417745216028e+00 
+4.6087872421244409e+00 +8.3333333333333337e-01 +2.1790249426746495e+00 
+4.6142142099600090e+00 +1.6666666666666666e-01 +2.1812999536173132e+00 

+4.6142142099600090e+00 +1.6666666666666666e-01 +2.1812999527931596e+00 
+4.6196411777955770e+00 +8.3333333333333337e-01 +2.1835739612102274e+00 
+4.6284221962093772e+00 +8.3333333333333337e-01 +2.1872512529812722e+00 
+4.6338491640449444e+00 +1.6666666666666666e-01 +2.1895226271663177e+00 

+4.6338491640449444e+00 +1.6666666666666666e-01 +2.1895226263434724e+00 
+4.6392761318805125e+00 +8.3333333333333337e-01 +2.1917929942121153e+00 
+4.6480571502943135e+00 +8.3333333333333337e-01 +2.1954643874494275e+00 
+4.6534841181298807e+00 +1.6666666666666666e-01 +2.1977321111942363e+00 

+4.6534841181298807e+00 +1.6666666666666666e-01 +2.1977321103727063e+00 
+4.6589110859654479e+00 +8.3333333333333337e-01 +2.1999988240164261e+00 
+4.6676921043792490e+00 +8.3333333333333337e-01 +2.2036642966038062e+00 
+4.6731190722148170e+00 +1.6666666666666666e-01 +2.2059283562477510e+00 

+4.6731190722148170e+00 +1.6666666666666666e-01 +2.2059283554275395e+00 
+4.6785460400503851e+00 +8.3333333333333337e-01 +2.2081914011918515e+00 
+4.6873270584641862e+00 +8.3333333333333337e-01 +2.2118509310487662e+00 
+4.6927540262997534e+00 +1.6666666666666666e-01 +2.2141113129532903e+00 

+4.6927540262997534e+00 +1.6666666666666666e-01 +2.2141113121344040e+00 
+4.6981809941353214e+00 +8.3333333333333337e-01 +2.2163706763869175e+00 
+4.7069620125491225e+00 +8.3333333333333337e-01 +2.2200242414686322e+00 
+4.7123889803846897e+00 +1.6666666666666666e-01 +2.2222809320173371e+00 

+4.7123889803846897e+00 +1.6666666666666666e-01 +2.2222809311997791e+00 
+4.7178159482202577e+00 +8.3333333333333337e-01 +2.2245366003302820e+00 
+4.7265969666340579e+00 +8.3333333333333337e-01 +2.2281841786279921e+00 
+4.7320239344696260e+00 +1.6666666666666666e-01 +2.2304371642267125e+00 

+4.7320239344696260e+00 +1.6666666666666666e-01 +2.2304371634104898e+00 
+4.7374509023051932e+00 +8.3333333333333337e-01 +2.2326891238310256e+00 
+4.7462319207189942e+00 +8.3333333333333337e-01 +2.2363306933719920e+00 
+4.7516588885545623e+00 +1.6666666666666666e-01 +2.2385799604488836e+00 

+4.7516588885545623e+00 +1.6666666666666666e-01 +2.2385799596340008e+00 
+4.7570858563901304e+00 +8.3333333333333337e-01 +2.2408281977789550e+00 
+4.7658668748039306e+00 +8.3333333333333337e-01 +2.2444637366266345e+00 
+4.7712938426394986e+00 +1.6666666666666666e-01 +2.2467092716322532e+00 

+4.7712938426394986e+00 +1.6666666666666666e-01 +2.2467092708187142e+00 
+4.7767208104750658e+00 +8.3333333333333337e-01 +2.2489537731448959e+00 
+4.7855018288888669e+00 +8.3333333333333337e-01 +2.2525832593990729e+00 
+4.7909287967244349e+00 +1.6666666666666666e-01 +2.2548250488064552e+00 

+4.7909287967244349e+00 +1.6666666666666666e-01 +2.2548250479942671e+00 
+4.7963557645600021e+00 +8.3333333333333337e-01 +2.2570658009809881e+00 
+4.8051367829738023e+00 +8.3333333333333337e-01 +2.2606892127779079e+00 
+4.8105637508093704e+00 +1.6666666666666666e-01 +2.2629272430826552e+00 

+4.8105637508093704e+00 +1.6666666666666666e-01 +2.2629272422718216e+00 
+4.8159907186449376e+00 +8.3333333333333337e-01 +2.2651642324209798e+00 
+4.8247717370587386e+00 +8.3333333333333337e-01 +2.2687815479334810e+00 
+4.8301987048943067e+00 +1.6666666666666666e-01 +2.2710158056538390e+00 

+4.8301987048943067e+00 +1.6666666666666666e-01 +2.2710158048443652e+00 
+4.8356256727298739e+00 +8.3333333333333337e-01 +2.2732490186805245e+00 
+4.8444066911436749e+00 +8.3333333333333337e-01 +2.2768602161181679e+00 
+4.8498336589792430e+00 +1.6666666666666666e-01 +2.2790906877951085e+00 

+4.8498336589792430e+00 +1.6666666666666666e-01 +2.2790906869869989e+00 
+4.8552606268148111e+00 +8.3333333333333337e-01 +2.2813201110574726e+00 
+4.8640416452286122e+00 +8.3333333333333337e-01 +2.2849251686666734e+00 
+4.8694686130641793e+00 +1.6666666666666666e-01 +2.2871518408639755e+00 

+4.8694686130641793e+00 +1.6666666666666666e-01 +2.2871518400572368e+00 
+4.8748955808997465e+00 +8.3333333333333337e-01 +2.2893774609321649e+00 
+4.8836765993135476e+00 +8.3333333333333337e-01 +2.2929763569963257e+00 
+4.8891035671491156e+00 +1.6666666666666666e-01 +2.2951992163006567e+00 

+4.8891035671491156e+00 +1.6666666666666666e-01 +2.2951992154952925e+00 
+4.8945305349846837e+00 +8.3333333333333337e-01 +2.2974210197677269e+00 
+4.9033115533984848e+00 +8.3333333333333337e-01 +2.3010137326073656e+00 
+4.9087385212340520e+00 +1.6666666666666666e-01 +2.3032327656283615e+00 

+4.9087385212340520e+00 +1.6666666666666666e-01 +2.3032327648243762e+00 
+4.9141654890696200e+00 +8.3333333333333337e-01 +2.3054507391103587e+00 
+4.9229465074834211e+00 +8.3333333333333337e-01 +2.3090372470832410e+00 
+4.9283734753189883e+00 +1.6666666666666666e-01 +2.3112524404535866e+00 

+4.9283734753189883e+00 +1.6666666666666666e-01 +2.3112524396509868e+00 
+4.9338004431545563e+00 +8.3333333333333337e-01 +2.3134665705896302e+00 
+4.9425814615683565e+00 +8.3333333333333337e-01 +2.3170468520909000e+00 
+4.9480084294039237e+00 +1.6666666666666666e-01 +2.3192581924664117e+00 

+4.9480084294039237e+00 +1.6666666666666666e-01 +2.3192581916652011e+00 
+4.9534353972394918e+00 +8.3333333333333337e-01 +2.3214684659187701e+00 
+4.9622164156532929e+00 +8.3333333333333337e-01 +2.3250424993810785e+00 
+4.9676433834888600e+00 +1.6666666666666666e-01 +2.3272499734407819e+00 

+4.9676433834888600e+00 +1.6666666666666666e-01 +2.3272499726409657e+00 
+4.9730703513244281e+00 +8.3333333333333337e-01 +2.3294563768949588e+00 
+4.9818513697382283e+00 +8.3333333333333337e-01 +2.3330241407885945e+00 
+4.9872783375737963e+00 +1.6666666666666666e-01 +2.3352277352348056e+00 

+4.9872783375737963e+00 +1.6666666666666666e-01 +2.3352277344363901e+00 
+4.9927053054093644e+00 +8.3333333333333337e-01 +2.3374302553996142e+00 
+5.0014863238231655e+00 +8.3333333333333337e-01 +2.3409917282326340e+00 
+5.0069132916587327e+00 +1.6666666666666666e-01 +2.3431914297910406e+00 

+5.0069132916587327e+00 +1.6666666666666666e-01 +2.3431914289940283e+00 
+5.0123402594943007e+00 +8.3333333333333337e-01 +2.3453900533986873e+00 
+5.0211212779081009e+00 +8.3333333333333337e-01 +2.3489452137170437e+00 
+5.0265482457436690e+00 +1.6666666666666666e-01 +2.3511410091367844e+00 

+5.0265482457436690e+00 +1.6666666666666666e-01 +2.3511410083411834e+00 
+5.0319752135792362e+00 +8.3333333333333337e-01 +2.3533357229429486e+00 
+5.0407562319930372e+00 +8.3333333333333337e-01 +2.3568845493306214e+00 
+5.0461831998286053e+00 +1.6666666666666666e-01 +2.3590764253843646e+00 

+5.0461831998286053e+00 +1.6666666666666666e-01 +2.3590764245901767e+00 
+5.0516101676641725e+00 +8.3333333333333337e-01 +2.3612672161682768e+00 
+5.0603911860779736e+00 +8.3333333333333337e-01 +2.3648096872474009e+00 
+5.0658181539135416e+00 +1.6666666666666666e-01 +2.3669976307314253e+00 

+5.0658181539135416e+00 +1.6666666666666666e-01 +2.3669976299386573e+00 
+5.0712451217491097e+00 +8.3333333333333337e-01 +2.3691844852959481e+00 
+5.0800261401629108e+00 +8.3333333333333337e-01 +2.3727205797269408e+00 
+5.0854531079984779e+00 +1.6666666666666666e-01 +2.3749045774612147e+00 

+5.0854531079984779e+00 +1.6666666666666666e-01 +2.3749045766698722e+00 
+5.0908800758340451e+00 +8.3333333333333337e-01 +2.3770874826329234e+00 
+5.0996610942478462e+00 +8.3333333333333337e-01 +2.3806171791146160e+00 
+5.1050880620834143e+00 +1.6666666666666666e-01 +2.3827972179428785e+00 

+5.1050880620834143e+00 +1.6666666666666666e-01 +2.3827972171529641e+00 
+5.1105150299189814e+00 +8.3333333333333337e-01 +2.3849761605721365e+00 
+5.1192960483327816e+00 +8.3333333333333337e-01 +2.3884994378419000e+00 
+5.1247230161683497e+00 +1.6666666666666666e-01 +2.3906755046317363e+00 

+5.1247230161683497e+00 +1.6666666666666666e-01 +2.3906755038432559e+00 
+5.1301499840039178e+00 +8.3333333333333337e-01 +2.3928504715927779e+00 
+5.1389310024177179e+00 +8.3333333333333337e-01 +2.3963673084266532e+00 
+5.1443579702532860e+00 +1.6666666666666666e-01 +2.3985393900695779e+00 

+5.1443579702532860e+00 +1.6666666666666666e-01 +2.3985393892825364e+00 
+5.1497849380888532e+00 +8.3333333333333337e-01 +2.4007103682605875e+00 
+5.1585659565026543e+00 +8.3333333333333337e-01 +2.4042207434734126e+00 
+5.1639929243382223e+00 +1.6666666666666666e-01 +2.4063888268849434e+00 

+5.1639929243382223e+00 +1.6666666666666666e-01 +2.4063888260993469e+00 
+5.1694198921737904e+00 +8.3333333333333337e-01 +2.4085558032281318e+00 
+5.1782009105875915e+00 +8.3333333333333337e-01 +2.4120596956736668e+00 
+5.1836278784231586e+00 +1.6666666666666666e-01 +2.4142237677934117e+00 

+5.1836278784231586e+00 +1.6666666666666666e-01 +2.4142237670092626e+00 
+5.1890548462587258e+00 +8.3333333333333337e-01 +2.4163867292350956e+00 
+5.1978358646725269e+00 +8.3333333333333337e-01 +2.4198841178061552e+00 
+5.2032628325080950e+00 +1.6666666666666666e-01 +2.4220441655978822e+00 

+5.2032628325080950e+00 +1.6666666666666666e-01 +2.4220441648151874e+00 
+5.2086898003436630e+00 +8.3333333333333337e-01 +2.4242030991085666e+00 
+5.2174708187574641e+00 +8.3333333333333337e-01 +2.4276939627371412e+00 
+5.2228977865930313e+00 +1.6666666666666666e-01 +2.4298499731888623e+00 

+5.2228977865930313e+00 +1.6666666666666666e-01 +2.4298499724076250e+00 
+5.2283247544285993e+00 +8.3333333333333337e-01 +2.4320048657633118e+00 
+5.2371057728423995e+00 +8.3333333333333337e-01 +2.4354891834207004e+00 
+5.2425327406779676e+00 +1.6666666666666666e-01 +2.4376411435447491e+00 

+5.2425327406779676e+00 +1.6666666666666666e-01 +2.4376411427649760e+00 
+5.2479597085135348e+00 +8.3333333333333337e-01 +2.4397919822020731e+00 
+5.2567407269273358e+00 +8.3333333333333337e-01 +2.4432697328990054e+00 
+5.2621676947629030e+00 +1.6666666666666666e-01 +2.4454176297321126e+00 

+5.2621676947629030e+00 +1.6666666666666666e-01 +2.4454176289538077e+00 
+5.2675946625984711e+00 +8.3333333333333337e-01 +2.4475644015158409e+00 
+5.2763756810122722e+00 +8.3333333333333337e-01 +2.4510355643026061e+00 
+5.2818026488478393e+00 +1.6666666666666666e-01 +2.4531793849059818e+00 

+5.2818026488478393e+00 +1.6666666666666666e-01 +2.4531793841291485e+00 
+5.2872296166834074e+00 +8.3333333333333337e-01 +2.4553220768841411e+00 
+5.2960106350972076e+00 +8.3333333333333337e-01 +2.4587866308507134e+00 
+5.3014376029327757e+00 +1.6666666666666666e-01 +2.4609263623101203e+00 

+5.3014376029327757e+00 +1.6666666666666666e-01 +2.4609263615347645e+00 
+5.3068645707683437e+00 +8.3333333333333337e-01 +2.4630649615753146e+00 
+5.3156455891821439e+00 +8.3333333333333337e-01 +2.4665228858514787e+00 
+5.3210725570177120e+00 +1.6666666666666666e-01 +2.4686585152773155e+00 

+5.3210725570177120e+00 +1.6666666666666666e-01 +2.4686585145034430e+00 
+5.3264995248532792e+00 +8.3333333333333337e-01 +2.4707930089468024e+00 
+5.3352805432670802e+00 +8.3333333333333337e-01 +2.4742442827022808e+00 
+5.3407075111026483e+00 +1.6666666666666666e-01 +2.4763757972296538e+00 

+5.3407075111026483e+00 +1.6666666666666666e-01 +2.4763757964572686e+00 
+5.3461344789382164e+00 +8.3333333333333337e-01 +2.4785061724454218e+00 
+5.3549154973520166e+00 +8.3333333333333337e-01 +2.4819507748899987e+00 
+5.3603424651875846e+00 +1.6666666666666666e-01 +2.4840781616788052e+00 

+5.3603424651875846e+00 +1.6666666666666666e-01 +2.4840781609079121e+00 
+5.3657694330231518e+00 +8.3333333333333337e-01 +2.4862044056076527e+00 
+5.3745504514369529e+00 +8.3333333333333337e-01 +2.4896423159912997e+00 
+5.3799774192725209e+00 +1.6666666666666666e-01 +2.4917655622262993e+00 

+5.3799774192725209e+00 +1.6666666666666666e-01 +2.4917655614569014e+00 
+5.3854043871080890e+00 +8.3333333333333337e-01 +2.4938876620599117e+00 
+5.3941854055218901e+00 +8.3333333333333337e-01 +2.4973188596729137e+00 
+5.3996123733574573e+00 +1.6666666666666666e-01 +2.4994379525638086e+00 

+5.3996123733574573e+00 +1.6666666666666666e-01 +2.4994379517959127e+00 
+5.4050393411930244e+00 +8.3333333333333337e-01 +2.5015558955188335e+00 
+5.4138203596068255e+00 +8.3333333333333337e-01 +2.5049803596919116e+00 
+5.4192473274423936e+00 +1.6666666666666666e-01 +2.5070952864734277e+00 

+5.4192473274423936e+00 +1.6666666666666666e-01 +2.5070952857070368e+00 
+5.4246742952779616e+00 +8.3333333333333337e-01 +2.5092090597915537e+00 
+5.4334553136917609e+00 +8.3333333333333337e-01 +2.5126267698959901e+00 
+5.4388822815273290e+00 +1.6666666666666666e-01 +2.5147375178279456e+00 

+5.4388822815273290e+00 +1.6666666666666666e-01 +2.5147375170630664e+00 
+5.4443092493628971e+00 +8.3333333333333337e-01 +2.5168471087759796e+00 
+5.4530902677766981e+00 +8.3333333333333337e-01 +2.5202580442237443e+00 
+5.4585172356122653e+00 +1.6666666666666666e-01 +2.5223646005911320e+00 

+5.4585172356122653e+00 +1.6666666666666666e-01 +2.5223645998277688e+00 
+5.4639442034478325e+00 +8.3333333333333337e-01 +2.5244699964610740e+00 
+5.4727252218616336e+00 +8.3333333333333337e-01 +2.5278741367049462e+00 
+5.4781521896972016e+00 +1.6666666666666666e-01 +2.5299764888180101e+00 

+5.4781521896972016e+00 +1.6666666666666666e-01 +2.5299764880561666e+00 
+5.4835791575327697e+00 +8.3333333333333337e-01 +2.5320776769271296e+00 
+5.4923601759465708e+00 +8.3333333333333337e-01 +2.5354750014608221e+00 
+5.4977871437821380e+00 +1.6666666666666666e-01 +2.5375731366551308e+00 

+5.4977871437821380e+00 +1.6666666666666666e-01 +2.5375731358948124e+00 
+5.5032141116177060e+00 +8.3333333333333337e-01 +2.5396701043460461e+00 
+5.5119951300315062e+00 +8.3333333333333337e-01 +2.5430605927043293e+00 
+5.5174220978670743e+00 +1.6666666666666666e-01 +2.5451544983408554e+00 

+5.5174220978670743e+00 +1.6666666666666666e-01 +2.5451544975820664e+00 
+5.5228490657026423e+00 +8.3333333333333337e-01 +2.5472472329816087e+00 
+5.5316300841164425e+00 +8.3333333333333337e-01 +2.5506308647404330e+00 
+5.5370570519520106e+00 +1.6666666666666666e-01 +2.5527205282056258e+00 

+5.5370570519520106e+00 +1.6666666666666666e-01 +2.5527205274483715e+00 
+5.5424840197875778e+00 +8.3333333333333337e-01 +2.5548090171897573e+00 
+5.5512650382013797e+00 +8.3333333333333337e-01 +2.5581857719663783e+00 
+5.5566920060369469e+00 +1.6666666666666666e-01 +2.5602711806722422e+00 

+5.5566920060369469e+00 +1.6666666666666666e-01 +2.5602711799165263e+00 
+5.5621189738725150e+00 +8.3333333333333337e-01 +2.5623554114188685e+00 
+5.5708999922863143e+00 +8.3333333333333337e-01 +2.5657252688719665e+00 
+5.5763269601218823e+00 +1.6666666666666666e-01 +2.5678064102561384e+00 

+5.5763269601218823e+00 +1.6666666666666666e-01 +2.5678064095019666e+00 
+5.5817539279574495e+00 +8.3333333333333337e-01 +2.5698863702100248e+00 
+5.5905349463712515e+00 +8.3333333333333337e-01 +2.5732493100398299e+00 
+5.5959619142068187e+00 +1.6666666666666666e-01 +2.5753261715656528e+00 

+5.5959619142068187e+00 +1.6666666666666666e-01 +2.5753261708130277e+00 
+5.6013888820423867e+00 +8.3333333333333337e-01 +2.5774018481972933e+00 
+5.6101699004561869e+00 +8.3333333333333337e-01 +2.5807578501457074e+00 
+5.6155968682917550e+00 +1.6666666666666666e-01 +2.5828304193023031e+00 

+5.6155968682917550e+00 +1.6666666666666666e-01 +2.5828304185512323e+00 
+5.6210238361273221e+00 +8.3333333333333337e-01 +2.5849018001079944e+00 
+5.6298048545411241e+00 +8.3333333333333337e-01 +2.5882508439587113e+00 
+5.6352318223766913e+00 +1.6666666666666666e-01 +2.5903191082610615e+00 

+5.6352318223766913e+00 +1.6666666666666666e-01 +2.5903191075115459e+00 
+5.6406587902122594e+00 +8.3333333333333337e-01 +2.5923861807629769e+00 
+5.6494398086260595e+00 +8.3333333333333337e-01 +2.5957282463416065e+00 
+5.6548667764616276e+00 +1.6666666666666666e-01 +2.5977921933306241e+00 

+5.6548667764616276e+00 +1.6666666666666666e-01 +2.5977921925826712e+00 
+5.6602937442971957e+00 +8.3333333333333337e-01 +2.5998549450768906e+00 
+5.6690747627109968e+00 +8.3333333333333337e-01 +2.6031900122510785e+00 
+5.6745017305465639e+00 +1.6666666666666666e-01 +2.6052496294936831e+00 

+5.6745017305465639e+00 +1.6666666666666666e-01 +2.6052496287472966e+00 
+5.6799286983821320e+00 +8.3333333333333337e-01 +2.6073080480584547e+00 
+5.6887097167959322e+00 +8.3333333333333337e-01 +2.6106360967380056e+00 
+5.6941366846315002e+00 +1.6666666666666666e-01 +2.6126913718272000e+00 

+5.6941366846315002e+00 +1.6666666666666666e-01 +2.6126913710823847e+00 
+5.6995636524670683e+00 +8.3333333333333337e-01 +2.6147454448107332e+00 
+5.7083446708808685e+00 +8.3333333333333337e-01 +2.6180664549477290e+00 
+5.7137716387164366e+00 +1.6666666666666666e-01 +2.6201173755026734e+00 

+5.7137716387164366e+00 +1.6666666666666666e-01 +2.6201173747594351e+00 
+5.7191986065520037e+00 +8.3333333333333337e-01 +2.6221670905314025e+00 
+5.7279796249658048e+00 +8.3333333333333337e-01 +2.6254810421203265e+00 
+5.7334065928013729e+00 +1.6666666666666666e-01 +2.6275275957864115e+00 

+5.7334065928013729e+00 +1.6666666666666666e-01 +2.6275275950447519e+00 
+5.7388335606369409e+00 +8.3333333333333337e-01 +2.6295729405130217e+00 
+5.7476145790507411e+00 +8.3333333333333337e-01 +2.6328798135908764e+00 
+5.7530415468863083e+00 +1.6666666666666666e-01 +2.6349219880397987e+00 

+5.7530415468863083e+00 +1.6666666666666666e-01 +2.6349219872997240e+00 
+5.7584685147218764e+00 +8.3333333333333337e-01 +2.6369629501433032e+00 
+5.7672495331356775e+00 +8.3333333333333337e-01 +2.6402627247897317e+00 
+5.7726765009712446e+00 +1.6666666666666666e-01 +2.6423005077195691e+00 

+5.7726765009712446e+00 +1.6666666666666666e-01 +2.6423005069810843e+00 
+5.7781034688068118e+00 +8.3333333333333337e-01 +2.6443370749053789e+00 
+5.7868844872206129e+00 +8.3333333333333337e-01 +2.6476297312427852e+00 
+5.7923114550561809e+00 +1.6666666666666666e-01 +2.6496631103780697e+00 

+5.7923114550561809e+00 +1.6666666666666666e-01 +2.6496631096411787e+00 
+5.7977384228917481e+00 +8.3333333333333337e-01 +2.6516952703780721e+00 
+5.8065194413055501e+00 +8.3333333333333337e-01 +2.6549807885717396e+00 
+5.8119464091411173e+00 +1.6666666666666666e-01 +2.6570097516635314e+00 

+5.8119464091411173e+00 +1.6666666666666666e-01 +2.6570097509282382e+00 
+5.8173733769766853e+00 +8.3333333333333337e-01 +2.6590374922361621e+00 
+5.8261543953904855e+00 +8.3333333333333337e-01 +2.6623158524943737e+00 
+5.8315813632260536e+00 +1.6666666666666666e-01 +2.6643403873203333e+00 

+5.8315813632260536e+00 +1.6666666666666666e-01 +2.6643403865866433e+00 
+5.8370083310616208e+00 +8.3333333333333337e-01 +2.6663636962506501e+00 
+5.8457893494754227e+00 +8.3333333333333337e-01 +2.6696348788248092e+00 
+5.8512163173109899e+00 +1.6666666666666666e-01 +2.6716549731892747e+00 

+5.8512163173109899e+00 +1.6666666666666666e-01 +2.6716549724571919e+00 
+5.8566432851465580e+00 +8.3333333333333337e-01 +2.6736738382890306e+00 
+5.8654243035603582e+00 +8.3333333333333337e-01 +2.6769378234737764e+00 
+5.8708512713959262e+00 +1.6666666666666666e-01 +2.6789534652078353e+00 

+5.8708512713959262e+00 +1.6666666666666666e-01 +2.6789534644773654e+00 
+5.8762782392314934e+00 +8.3333333333333337e-01 +2.6809678743155536e+00 
+5.8850592576452945e+00 +8.3333333333333337e-01 +2.6842246424488825e+00 
+5.8904862254808616e+00 +1.6666666666666666e-01 +2.6862358194104439e+00 

+5.8904862254808616e+00 +1.6666666666666666e-01 +2.6862358186815882e+00 
+5.8959131933164297e+00 +8.3333333333333337e-01 +2.6882457603914878e+00 
+5.9046942117302299e+00 +8.3333333333333337e-01 +2.6914952918548716e+00 
+5.9101211795657980e+00 +1.6666666666666666e-01 +2.6935019919287404e+00 

+5.9101211795657980e+00 +1.6666666666666666e-01 +2.6935019912015066e+00 
+5.9155481474013651e+00 +8.3333333333333337e-01 +2.6955074526753906e+00 
+5.9243291658151671e+00 +8.3333333333333337e-01 +2.6987497278938957e+00 
+5.9297561336507343e+00 +1.6666666666666666e-01 +2.7007519389918451e+00 

+5.9297561336507343e+00 +1.6666666666666666e-01 +2.7007519382662366e+00 
+5.9351831014863023e+00 +8.3333333333333337e-01 +2.7027529074233718e+00 
+5.9439641199001025e+00 +8.3333333333333337e-01 +2.7059879068657708e+00 
+5.9493910877356706e+00 +1.6666666666666666e-01 +2.7079856169266163e+00 

+5.9493910877356706e+00 +1.6666666666666666e-01 +2.7079856162026363e+00 
+5.9548180555712378e+00 +8.3333333333333337e-01 +2.7099820809893487e+00 
+5.9635990739850397e+00 +8.3333333333333337e-01 +2.7132097851682495e+00 
+5.9690260418206069e+00 +1.6666666666666666e-01 +2.7152029821579173e+00 

+5.9690260418206069e+00 +1.6666666666666666e-01 +2.7152029814355729e+00 
+5.9744530096561750e+00 +8.3333333333333337e-01 +2.7171949298253200e+00 
+5.9832340280699761e+00 +8.3333333333333337e-01 +2.7204153192972713e+00 
+5.9886609959055432e+00 +1.6666666666666666e-01 +2.7224039912088807e+00 

+5.9886609959055432e+00 +1.6666666666666666e-01 +2.7224039904881741e+00 
+5.9940879637411104e+00 +8.3333333333333337e-01 +2.7243914104816223e+00 
+6.0028689821549115e+00 +8.3333333333333337e-01 +2.7276044658472385e+00 
+6.0082959499904796e+00 +1.6666666666666666e-01 +2.7295886007011614e+00 

+6.0082959499904796e+00 +1.6666666666666666e-01 +2.7295885999820975e+00 
+6.0137229178260467e+00 +8.3333333333333337e-01 +2.7315714796071924e+00 
+6.0225039362398487e+00 +8.3333333333333337e-01 +2.7347771815112680e+00 
+6.0279309040754159e+00 +1.6666666666666666e-01 +2.7367567673552102e+00 

+6.0279309040754159e+00 +1.6666666666666666e-01 +2.7367567666377930e+00 
+6.0333578719109839e+00 +8.3333333333333337e-01 +2.7387350939498294e+00 
+6.0421388903247841e+00 +8.3333333333333337e-01 +2.7419334230814538e+00 
+6.0475658581603522e+00 +1.6666666666666666e-01 +2.7439084479905240e+00 

+6.0475658581603522e+00 +1.6666666666666666e-01 +2.7439084472747588e+00 
+6.0529928259959194e+00 +8.3333333333333337e-01 +2.7458822103564540e+00 
+6.0617738444097204e+00 +8.3333333333333337e-01 +2.7490731474491321e+00 
+6.0672008122452876e+00 +1.6666666666666666e-01 +2.7510435995259126e+00 

+6.0672008122452876e+00 +1.6666666666666666e-01 +2.7510435988118043e+00 
+6.0726277800808557e+00 +8.3333333333333337e-01 +2.7530127857733708e+00 
+6.0814087984946559e+00 +8.3333333333333337e-01 +2.7561963116051347e+00 
+6.0868357663302239e+00 +1.6666666666666666e-01 +2.7581621789797564e+00 

+6.0868357663302239e+00 +1.6666666666666666e-01 +2.7581621782673080e+00 
+6.0922627341657911e+00 +8.3333333333333337e-01 +2.7601267772465232e+00 
+6.1010437525795922e+00 +8.3333333333333337e-01 +2.7633028726400521e+00 
+6.1064707204151603e+00 +1.6666666666666666e-01 +2.7652641434702625e+00 

+6.1064707204151603e+00 +1.6666666666666666e-01 +2.7652641427594786e+00 
+6.1118976882507283e+00 +8.3333333333333337e-01 +2.7672241419217594e+00 
+6.1206787066645285e+00 +8.3333333333333337e-01 +2.7703927877444903e+00 
+6.1261056745000966e+00 +1.6666666666666666e-01 +2.7723494502157258e+00 

+6.1261056745000966e+00 +1.6666666666666666e-01 +2.7723494495066121e+00 
+6.1315326423356638e+00 +8.3333333333333337e-01 +2.7743048370450820e+00 
+6.1403136607494657e+00 +8.3333333333333337e-01 +2.7774660142093293e+00 
+6.1457406285850329e+00 +1.6666666666666666e-01 +2.7794180565347877e+00 

+6.1457406285850329e+00 +1.6666666666666666e-01 +2.7794180558273465e+00 
+6.1511675964206010e+00 +8.3333333333333337e-01 +2.7813688199629119e+00 
+6.1599486148344011e+00 +8.3333333333333337e-01 +2.7845225094259791e+00 
+6.1653755826699692e+00 +1.6666666666666666e-01 +2.7864699198466902e+00 

+6.1653755826699692e+00 +1.6666666666666666e-01 +2.7864699191409281e+00 
+6.1708025505055364e+00 +8.3333333333333337e-01 +2.7884160481223419e+00 
+6.1795835689193384e+00 +8.3333333333333337e-01 +2.7915622308866399e+00 
+6.1850105367549055e+00 +1.6666666666666666e-01 +2.7935049976715360e+00 

+6.1850105367549055e+00 +1.6666666666666666e-01 +2.7935049969674548e+00 
+6.1904375045904736e+00 +8.3333333333333337e-01 +2.7954464790713978e+00 
+6.1992185230042729e+00 +8.3333333333333337e-01 +2.7985851361845553e+00 
+6.2046454908398410e+00 +1.6666666666666666e-01 +2.8005232476305393e+00 

+6.2046454908398410e+00 +1.6666666666666666e-01 +2.8005232469281456e+00 
+6.2100724586754081e+00 +8.3333333333333337e-01 +2.8024600704592841e+00 
+6.2188534770892101e+00 +8.3333333333333337e-01 +2.8055911830142652e+00 
+6.2242804449247773e+00 +1.6666666666666666e-01 +2.8075246274462868e+00 

+6.2242804449247773e+00 +1.6666666666666666e-01 +2.8075246267455825e+00 
+6.2297074127603453e+00 +8.3333333333333337e-01 +2.8094567800366512e+00 
+6.2384884311741455e+00 +8.3333333333333337e-01 +2.8125803291718672e+00 
+6.2439153990097136e+00 +1.6666666666666666e-01 +2.8145090949429870e+00 

+6.2439153990097136e+00 +1.6666666666666666e-01 +2.8145090942439777e+00 
+6.2493423668452817e+00 +8.3333333333333337e-01 +2.8164365656558417e+00 
+6.2581233852590827e+00 +8.3333333333333337e-01 +2.8195525325552659e+00 
+6.2635503530946499e+00 +1.6666666666666666e-01 +2.8214766080467304e+00 

+6.2635503530946499e+00 +1.6666666666666666e-01 +2.8214766073489930e+00 
+6.2689773209302180e+00 +8.3333333333333337e-01 +2.8233993852712329e+00 
+6.2777583393440182e+00 +8.3333333333333337e-01 +2.8265077511645131e+00 
+6.2831853071795862e+00 +1.6666666666666666e-01 +2.8284271247853097e+00 


