+0.0000000000000000e+00 +6.6666666666666666e-02 +2.7276289640386278e-12 
+3.6905023417161363e-02 +3.7847495629784700e-01 +1.8452446024534986e-02 
+1.1227557084209613e-01 +5.5485837703548635e-01 +5.6135942480526071e-02 
+2.0188369451688315e-01 +5.5485837703548635e-01 +1.0093113381949446e-01 
+2.7725424194181797e-01 +3.7847495629784700e-01 +1.3859937190299543e-01 
+3.1415926535897931e-01 +6.6666666666666666e-02 +1.5703926311829861e-01 

+3.1415926535897931e-01 +6.6666666666666666e-02 +1.5703926313104050e-01 
+3.5106428877614071e-01 +3.7847495629784700e-01 +1.7547581210530838e-01 
+4.2643483620107542e-01 +5.5485837703548635e-01 +2.1311646139920340e-01 
+5.1604295987586246e-01 +5.5485837703548635e-01 +2.5784258172084462e-01 
+5.9141350730079734e-01 +3.7847495629784700e-01 +2.9543747998636910e-01 
+6.2831853071795862e-01 +6.6666666666666666e-02 +3.1383638296537553e-01 

+6.2831853071795862e-01 +6.6666666666666666e-02 +3.1383638298223676e-01 
+6.6522355413512002e-01 +3.7847495629784700e-01 +3.3222860703929269e-01 
+7.4059410156005467e-01 +5.5485837703548635e-01 +3.6976837011091113e-01 
+8.3020222523484177e-01 +5.5485837703548635e-01 +4.1435645505100155e-01 
+9.0557277265977654e-01 +3.7847495629784700e-01 +4.5182004486662053e-01 
+9.4247779607693793e-01 +6.6666666666666666e-02 +4.7014958987003524e-01 

+9.4247779607693793e-01 +6.6666666666666666e-02 +4.7014958988912009e-01 
+9.7938281949409933e-01 +3.7847495629784700e-01 +4.8846912953171867e-01 
+1.0547533669190341e+00 +5.5485837703548635e-01 +5.2585012279155496e-01 
+1.1443614905938211e+00 +5.5485837703548635e-01 +5.7023142076027222e-01 
+1.2197320380187560e+00 +3.7847495629784700e-01 +6.0750593598058078e-01 
+1.2566370614359172e+00 +6.6666666666666666e-02 +6.2573786018983835e-01 

+1.2566370614359172e+00 +6.6666666666666666e-02 +6.2573786021021804e-01 
+1.2935420848530788e+00 +3.7847495629784700e-01 +6.4395646802799644e-01 
+1.3689126322780134e+00 +5.5485837703548635e-01 +6.8112105269573631e-01 
+1.4585207559528004e+00 +5.5485837703548635e-01 +7.2522713094978331e-01 
+1.5338913033777353e+00 +3.7847495629784700e-01 +7.6225509697174654e-01 
+1.5707963267948966e+00 +6.6666666666666666e-02 +7.8036128808665650e-01 

+1.5707963267948966e+00 +6.6666666666666666e-02 +7.8036128810780170e-01 
+1.6077013502120581e+00 +3.7847495629784700e-01 +7.9845087232385525e-01 
+1.6830718976369925e+00 +5.5485837703548635e-01 +8.3534174330472921e-01 
+1.7726800213117797e+00 +5.5485837703548635e-01 +8.7910459346881753e-01 
+1.8480505687367146e+00 +3.7847495629784700e-01 +9.1582891585144355e-01 
+1.8849555921538759e+00 +6.6666666666666666e-02 +9.3378145544081703e-01 

+1.8849555921538759e+00 +6.6666666666666666e-02 +9.3378145546239633e-01 
+1.9218606155710374e+00 +3.7847495629784700e-01 +9.5171412324654270e-01 
+1.9972311629959718e+00 +5.5485837703548635e-01 +9.8827439749205759e-01 
+2.0868392866707586e+00 +5.5485837703548635e-01 +1.0316265404234644e+00 
+2.1622098340956937e+00 +3.7847495629784700e-01 +1.0679905929227231e+00 
+2.1991148575128552e+00 +6.6666666666666666e-02 +1.0857617994737392e+00 

+2.1991148575128552e+00 +6.6666666666666666e-02 +1.0857617994955300e+00 
+2.2360198809300167e+00 +3.7847495629784700e-01 +1.1035098999722175e+00 
+2.3113904283549509e+00 +5.5485837703548635e-01 +1.1396832041898701e+00 
+2.4009985520297379e+00 +5.5485837703548635e-01 +1.1825577940265442e+00 
+2.4763690994546734e+00 +3.7847495629784700e-01 +1.2185055059087084e+00 
+2.5132741228718345e+00 +6.6666666666666666e-02 +1.2360679775103049e+00 

+2.5132741228718345e+00 +6.6666666666666666e-02 +1.2360679775321479e+00 
+2.5501791462889960e+00 +3.7847495629784700e-01 +1.2536041444157340e+00 
+2.6255496937139302e+00 +5.5485837703548635e-01 +1.2893347019926267e+00 
+2.7151578173887172e+00 +5.5485837703548635e-01 +1.3316656292247251e+00 
+2.7905283648136523e+00 +3.7847495629784700e-01 +1.3671415717232704e+00 
+2.8274333882308138e+00 +6.6666666666666666e-02 +1.3844682283181560e+00 

+2.8274333882308138e+00 +6.6666666666666666e-02 +1.3844682283399317e+00 
+2.8643384116479753e+00 +3.7847495629784700e-01 +1.4017654221313216e+00 
+2.9397089590729095e+00 +5.5485837703548635e-01 +1.4369981391377034e+00 
+3.0293170827476965e+00 +5.5485837703548635e-01 +1.4787201325436852e+00 
+3.1046876301726321e+00 +3.7847495629784700e-01 +1.5136696043263764e+00 
+3.1415926535897931e+00 +6.6666666666666666e-02 +1.5307337294666550e+00 

+3.1415926535897931e+00 +6.6666666666666666e-02 +1.5307337294882699e+00 
+3.1784976770069546e+00 +3.7847495629784700e-01 +1.5477652791677590e+00 
+3.2538682244318888e+00 +5.5485837703548635e-01 +1.5824458293078991e+00 
+3.3434763481066758e+00 +5.5485837703548635e-01 +1.6234945565980323e+00 
+3.4188468955316114e+00 +3.7847495629784700e-01 +1.6578636681123813e+00 
+3.4557519189487724e+00 +6.6666666666666666e-02 +1.6746389501544603e+00 

+3.4557519189487724e+00 +6.6666666666666666e-02 +1.6746389501758367e+00 
+3.4926569423659339e+00 +3.7847495629784700e-01 +1.6913785943278270e+00 
+3.5680274897908681e+00 +5.5485837703548635e-01 +1.7254535027072413e+00 
+3.6576356134656551e+00 +5.5485837703548635e-01 +1.7657656697193349e+00 
+3.7330061608905902e+00 +3.7847495629784700e-01 +1.7995014262863644e+00 
+3.7699111843077517e+00 +6.6666666666666666e-02 +1.8159619989616538e+00 

+3.7699111843077517e+00 +6.6666666666666666e-02 +1.8159619989827263e+00 
+3.8068162077249132e+00 +3.7847495629784700e-01 +1.8323839262888828e+00 
+3.8821867551498475e+00 +5.5485837703548635e-01 +1.8658006518687567e+00 
+3.9717948788246344e+00 +5.5485837703548635e-01 +1.9053141001631764e+00 
+4.0471654262495704e+00 +3.7847495629784700e-01 +1.9383644836913621e+00 
+4.0840704496667311e+00 +6.6666666666666666e-02 +1.9544849659902186e+00 

+4.0840704496667311e+00 +6.6666666666666666e-02 +1.9544849660109291e+00 
+4.1209754730838926e+00 +3.7847495629784700e-01 +1.9705638550493390e+00 
+4.1963460205088268e+00 +5.5485837703548635e-01 +2.0032708716610079e+00 
+4.2859541441836138e+00 +5.5485837703548635e-01 +2.0419246743644854e+00 
+4.3613246916085489e+00 +3.7847495629784700e-01 +2.0742387235578752e+00 
+4.3982297150257104e+00 +6.6666666666666666e-02 +2.0899942588652993e+00 

+4.3982297150257104e+00 +6.6666666666666666e-02 +2.0899942588855995e+00 
+4.4351347384428719e+00 +3.7847495629784700e-01 +2.1057053171745448e+00 
+4.5105052858678061e+00 +5.5485837703548635e-01 +2.1376521929691177e+00 
+4.6001134095425931e+00 +5.5485837703548635e-01 +2.1753867487195762e+00 
+4.6754839569675291e+00 +3.7847495629784700e-01 +2.2069146376564057e+00 
+4.7123889803846897e+00 +6.6666666666666666e-02 +2.2222809320791632e+00 

+4.7123889803846897e+00 +6.6666666666666666e-02 +2.2222809320990038e+00 
+4.7492940038018512e+00 +3.7847495629784700e-01 +2.2375999343251678e+00 
+4.8246645512267854e+00 +5.5485837703548635e-01 +2.2687374095357837e+00 
+4.9142726749015724e+00 +5.5485837703548635e-01 +2.3054945343833162e+00 
+4.9896432223265084e+00 +3.7847495629784700e-01 +2.3361876493439708e+00 
+5.0265482457436690e+00 +6.6666666666666666e-02 +2.3511410091700169e+00 

+5.0265482457436690e+00 +6.6666666666666666e-02 +2.3511410091893561e+00 
+5.0634532691608305e+00 +3.7847495629784700e-01 +2.3660443345614826e+00 
+5.1388238165857647e+00 +5.5485837703548635e-01 +2.3963243974583066e+00 
+5.2284319402605517e+00 +5.5485837703548635e-01 +2.4320474145806132e+00 
+5.3038024876854868e+00 +3.7847495629784700e-01 +2.4618584290064534e+00 
+5.3407075111026483e+00 +6.6666666666666666e-02 +2.4763757972389326e+00 

+5.3407075111026483e+00 +6.6666666666666666e-02 +2.4763757972577323e+00 
+5.3776125345198098e+00 +3.7847495629784700e-01 +2.4908404659281715e+00 
+5.4529830819447440e+00 +5.5485837703548635e-01 +2.5202164268490010e+00 
+5.5425912056195310e+00 +5.5485837703548635e-01 +2.5548502539429383e+00 
+5.6179617530444661e+00 +3.7847495629784700e-01 +2.5837332014104191e+00 
+5.6548667764616276e+00 +6.6666666666666666e-02 +2.5977921933198913e+00 

+5.6548667764616276e+00 +6.6666666666666666e-02 +2.5977921933381154e+00 
+5.6917717998787891e+00 +3.7847495629784700e-01 +2.6117959018360764e+00 
+5.7671423473037233e+00 +5.5485837703548635e-01 +2.6402224651784216e+00 
+5.8567504709785112e+00 +5.5485837703548635e-01 +2.6737136993929225e+00 
+5.9321210184034463e+00 +3.7847495629784700e-01 +2.7016240444904898e+00 
+5.9690260418206069e+00 +6.6666666666666666e-02 +2.7152029821305614e+00 

+5.9690260418206069e+00 +6.6666666666666666e-02 +2.7152029821483401e+00 
+6.0059310652377693e+00 +3.7847495629784700e-01 +2.7287241377700049e+00 
+6.0813016126627026e+00 +5.5485837703548635e-01 +2.7561574718336912e+00 
+6.1709097363374896e+00 +5.5485837703548635e-01 +2.7884544721130937e+00 
+6.2462802837624256e+00 +3.7847495629784700e-01 +2.8153491791114860e+00 
+6.2831853071795862e+00 +6.6666666666666666e-02 +2.8284271247448531e+00 


