+0.0000000000000000e+00 +1.6666666666666666e-01 -1.1839600245415753e-05 
+4.3415742684541202e-02 +8.3333333333333337e-01 +2.1706149671573798e-02 
+1.1366388999494845e-01 +8.3333333333333337e-01 +5.6831647131182231e-02 
+1.5707963267948966e-01 +1.6666666666666666e-01 +7.8531160462935234e-02 

+1.5707963267948966e-01 +1.6666666666666666e-01 +7.8530952192483822e-02 
+2.0049537536403084e-01 +8.3333333333333337e-01 +1.0023768573908846e-01 
+2.7074352267443808e-01 +8.3333333333333337e-01 +1.3534657058143165e-01 
+3.1415926535897931e-01 +1.6666666666666666e-01 +1.5703680531417519e-01 

+3.1415926535897931e-01 +1.6666666666666666e-01 +1.5703651330903656e-01 
+3.5757500804352049e-01 +8.3333333333333337e-01 +1.7872845616464975e-01 
+4.2782315535392779e-01 +8.3333333333333337e-01 +2.1381004979630899e-01 
+4.7123889803846897e-01 +1.6666666666666666e-01 +2.3548134142845034e-01 

+4.7123889803846897e-01 +1.6666666666666666e-01 +2.3548099749662027e-01 
+5.1465464072301015e-01 +8.3333333333333337e-01 +2.5715029259550859e-01 
+5.8490278803341744e-01 +8.3333333333333337e-01 +2.9219121510904345e-01 
+6.2831853071795862e-01 +1.6666666666666666e-01 +3.1383488223118711e-01 

+6.2831853071795862e-01 +1.6666666666666666e-01 +3.1383450344076763e-01 
+6.7173427340249980e-01 +8.3333333333333337e-01 +3.3547299848057011e-01 
+7.4198242071290710e-01 +8.3333333333333337e-01 +3.7045977903019989e-01 
+7.8539816339744828e-01 +1.6666666666666666e-01 +3.9206732306360720e-01 

+7.8539816339744828e-01 +1.6666666666666666e-01 +3.9206691991743975e-01 
+8.2881390608198946e-01 +8.3333333333333337e-01 +4.1366638071756584e-01 
+8.9906205339239675e-01 +8.3333333333333337e-01 +4.4858554613089469e-01 
+9.4247779607693793e-01 +1.6666666666666666e-01 +4.7014854749920260e-01 

+9.4247779607693793e-01 +1.6666666666666666e-01 +4.7014812692183766e-01 
+9.8589353876147912e-01 +8.3333333333333337e-01 +4.9170029292632539e-01 
+1.0561416860718864e+00 +8.3333333333333337e-01 +5.2653838832860955e-01 
+1.0995574287564276e+00 +1.6666666666666666e-01 +5.4804847644796784e-01 

+1.0995574287564276e+00 +1.6666666666666666e-01 +5.4804804322058520e-01 
+1.1429731714409688e+00 +8.3333333333333337e-01 +5.6954465015278122e-01 
+1.2132213187513761e+00 +8.3333333333333337e-01 +6.0428824866211661e-01 
+1.2566370614359172e+00 +1.6666666666666666e-01 +6.2573709127041943e-01 

+1.2566370614359172e+00 +1.6666666666666666e-01 +6.2573664881447266e-01 
+1.3000528041204584e+00 +8.3333333333333337e-01 +6.4716944082232575e-01 
+1.3703009514308657e+00 +8.3333333333333337e-01 +6.8180515040790224e-01 
+1.4137166941154069e+00 +1.6666666666666666e-01 +7.0318444989676276e-01 

+1.4137166941154069e+00 +1.6666666666666666e-01 +7.0318400073548593e-01 
+1.4571324367999481e+00 +8.3333333333333337e-01 +7.2454473828466315e-01 
+1.5273805841103554e+00 +8.3333333333333337e-01 +7.5905920766390078e-01 
+1.5707963267948966e+00 +1.6666666666666666e-01 +7.8036070047479655e-01 

+1.5707963267948966e+00 +1.6666666666666666e-01 +7.8036024651922420e-01 
+1.6142120694794377e+00 +8.3333333333333337e-01 +8.0164071228270806e-01 
+1.6844602167898450e+00 +8.3333333333333337e-01 +8.3602063642653346e-01 
+1.7278759594743862e+00 +1.6666666666666666e-01 +8.5723609396610401e-01 

+1.7278759594743862e+00 +1.6666666666666666e-01 +8.5723563669918035e-01 
+1.7712917021589274e+00 +8.3333333333333337e-01 +8.7842764039499599e-01 
+1.8415398494693347e+00 +8.3333333333333337e-01 +9.1265976584693265e-01 
+1.8849555921538759e+00 +1.6666666666666666e-01 +9.3378099622401123e-01 

+1.8849555921538759e+00 +1.6666666666666666e-01 +9.3378053682271944e-01 
+1.9283713348384173e+00 +8.3333333333333337e-01 +9.5487591945213601e-01 
+1.9986194821488243e+00 +8.3333333333333337e-01 +9.8894704954502299e-01 
+2.0420352248333655e+00 +1.6666666666666666e-01 +1.0099658997806535e+00 

+2.0420352248333655e+00 +1.6666666666666666e-01 +1.0099654391990764e+00 
+2.0854509675179069e+00 +8.3333333333333337e-01 +1.0309560769197039e+00 
+2.1556991148283142e+00 +8.3333333333333337e-01 +1.0648530769271294e+00 
+2.1991148575128552e+00 +1.6666666666666666e-01 +1.0857614354489908e+00 

+2.1991148575128552e+00 +1.6666666666666666e-01 +1.0857609744760128e+00 
+2.2425306001973966e+00 +8.3333333333333337e-01 +1.1066387822395800e+00 
+2.3127787475078039e+00 +8.3333333333333337e-01 +1.1403485844792625e+00 
+2.3561944901923448e+00 +1.6666666666666666e-01 +1.1611383837920171e+00 

+2.3561944901923448e+00 +1.6666666666666666e-01 +1.1611379230921739e+00 
+2.3996102328768862e+00 +8.3333333333333337e-01 +1.1818948581226345e+00 
+2.4698583801872931e+00 +8.3333333333333337e-01 +1.2154044670198352e+00 
+2.5132741228718345e+00 +1.6666666666666666e-01 +1.2360676864857467e+00 

+2.5132741228718345e+00 +1.6666666666666666e-01 +1.2360672266286177e+00 
+2.5566898655563755e+00 +8.3333333333333337e-01 +1.2566952917865046e+00 
+2.6269380128667827e+00 +8.3333333333333337e-01 +1.2899917889010619e+00 
+2.6703537555513241e+00 +1.6666666666666666e-01 +1.3105204575893932e+00 

+2.6703537555513241e+00 +1.6666666666666666e-01 +1.3105199990710725e+00 
+2.7137694982358651e+00 +8.3333333333333337e-01 +1.3310112461328576e+00 
+2.7840176455462724e+00 +8.3333333333333337e-01 +1.3640817951510806e+00 
+2.8274333882308138e+00 +1.6666666666666666e-01 +1.3844679947290579e+00 

+2.8274333882308138e+00 +1.6666666666666666e-01 +1.3844675379880502e+00 
+2.8708491309153548e+00 +8.3333333333333337e-01 +1.4048140708589583e+00 
+2.9410972782257625e+00 +8.3333333333333337e-01 +1.4376459225503657e+00 
+2.9845130209103035e+00 +1.6666666666666666e-01 +1.4578817901972279e+00 

+2.9845130209103035e+00 +1.6666666666666666e-01 +1.4578813356263605e+00 
+3.0279287635948449e+00 +8.3333333333333337e-01 +1.4780753134986691e+00 
+3.0981769109052522e+00 +8.3333333333333337e-01 +1.5106558106368269e+00 
+3.1415926535897931e+00 +1.6666666666666666e-01 +1.5307335419680190e+00 

+3.1415926535897931e+00 +1.6666666666666666e-01 +1.5307330899234712e+00 
+3.1850083962743341e+00 +8.3333333333333337e-01 +1.5507667303882195e+00 
+3.2552565435847414e+00 +8.3333333333333337e-01 +1.5830833126345314e+00 
+3.2986722862692828e+00 +1.6666666666666666e-01 +1.6029951646266871e+00 

+3.2986722862692828e+00 +1.6666666666666666e-01 +1.6029947154349009e+00 
+3.3420880289538237e+00 +8.3333333333333337e-01 +1.6228602975522388e+00 
+3.4123361762642315e+00 +8.3333333333333337e-01 +1.6549005063012825e+00 
+3.4557519189487724e+00 +1.6666666666666666e-01 +1.6746388002110457e+00 

+3.4557519189487724e+00 +1.6666666666666666e-01 +1.6746383541740699e+00 
+3.4991676616333134e+00 +8.3333333333333337e-01 +1.6943282215056492e+00 
+3.5694158089437207e+00 +8.3333333333333337e-01 +1.7260797046905192e+00 
+3.6128315516282621e+00 +1.6666666666666666e-01 +1.7456368289618807e+00 

+3.6128315516282621e+00 +1.6666666666666666e-01 +1.7456363863615358e+00 
+3.6562472943128030e+00 +8.3333333333333337e-01 +1.7651429499671192e+00 
+3.7264954416232108e+00 +8.3333333333333337e-01 +1.7965934668231385e+00 
+3.7699111843077517e+00 +1.6666666666666666e-01 +1.8159618799790973e+00 

+3.7699111843077517e+00 +1.6666666666666666e-01 +1.8159614410802469e+00 
+3.8133269269922927e+00 +8.3333333333333337e-01 +1.8352771824798422e+00 
+3.8835750743027000e+00 +8.3333333333333337e-01 +1.8664146082649573e+00 
+3.9269908169872414e+00 +1.6666666666666666e-01 +1.8855868417801191e+00 

+3.9269908169872414e+00 +1.6666666666666666e-01 +1.8855864068332613e+00 
+3.9704065596717824e+00 +8.3333333333333337e-01 +1.9047038809354697e+00 
+4.0406547069821901e+00 +8.3333333333333337e-01 +1.9355162116056162e+00 
+4.0840704496667311e+00 +1.6666666666666666e-01 +1.9544848727569097e+00 

+4.0840704496667311e+00 +1.6666666666666666e-01 +1.9544844420002385e+00 
+4.1274861923512720e+00 +8.3333333333333337e-01 +1.9733962799970859e+00 
+4.1977343396616797e+00 +8.3333333333333337e-01 +2.0038716368347962e+00 
+4.2411500823462207e+00 +1.6666666666666666e-01 +2.0226294115279218e+00 

+4.2411500823462207e+00 +1.6666666666666666e-01 +2.0226289851889803e+00 
+4.2845658250307617e+00 +8.3333333333333337e-01 +2.0413278974171694e+00 
+4.3548139723411694e+00 +8.3333333333333337e-01 +2.0714545316116975e+00 
+4.3982297150257104e+00 +1.6666666666666666e-01 +2.0899941871812135e+00 

+4.3982297150257104e+00 +1.6666666666666666e-01 +2.0899937654782290e+00 
+4.4416454577102513e+00 +8.3333333333333337e-01 +2.1084725442465282e+00 
+4.5118936050206591e+00 +8.3333333333333337e-01 +2.1382388414237554e+00 
+4.5553093477052000e+00 +1.6666666666666666e-01 +2.1565532294049685e+00 

+4.5553093477052000e+00 +1.6666666666666666e-01 +2.1565528125479276e+00 
+4.5987250903897410e+00 +8.3333333333333337e-01 +2.1748043349302457e+00 
+4.6689732377001487e+00 +8.3333333333333337e-01 +2.2041988196306659e+00 
+4.7123889803846897e+00 +1.6666666666666666e-01 +2.2222808785016439e+00 

+4.7123889803846897e+00 +1.6666666666666666e-01 +2.2222804666931664e+00 
+4.7558047230692306e+00 +8.3333333333333337e-01 +2.2402976972867390e+00 
+4.8260528703796384e+00 +8.3333333333333337e-01 +2.2693090373898035e+00 
+4.8694686130641793e+00 +1.6666666666666666e-01 +2.2871517952819840e+00 

+4.8694686130641793e+00 +1.6666666666666666e-01 +2.2871513887180441e+00 
+4.9128843557487203e+00 +8.3333333333333337e-01 +2.3049273823660568e+00 
+4.9831325030591280e+00 +8.3333333333333337e-01 +2.3335443934592024e+00 
+5.0265482457436690e+00 +1.6666666666666666e-01 +2.3511409708351829e+00 

+5.0265482457436690e+00 +1.6666666666666666e-01 +2.3511405697056884e+00 
+5.0699639884282099e+00 +8.3333333333333337e-01 +2.3686684741836110e+00 
+5.1402121357386177e+00 +8.3333333333333337e-01 +2.3968801238742907e+00 
+5.1836278784231586e+00 +1.6666666666666666e-01 +2.4142237361714591e+00 

+5.1836278784231586e+00 +1.6666666666666666e-01 +2.4142233406607354e+00 
+5.2270436211076996e+00 +8.3333333333333337e-01 +2.4314963993255794e+00 
+5.2972917684181073e+00 +8.3333333333333337e-01 +2.4592918114946500e+00 
+5.3407075111026483e+00 +1.6666666666666666e-01 +2.4763757717334021e+00 

+5.3407075111026483e+00 +1.6666666666666666e-01 +2.4763753820205818e+00 
+5.3841232537871893e+00 +8.3333333333333337e-01 +2.4933869364222696e+00 
+5.4543714010975970e+00 +8.3333333333333337e-01 +2.5207553954171011e+00 
+5.4977871437821380e+00 +1.6666666666666666e-01 +2.5375731167724402e+00 

+5.4977871437821380e+00 +1.6666666666666666e-01 +2.5375727330317899e+00 
+5.5412028864666798e+00 +8.3333333333333337e-01 +2.5543162254857914e+00 
+5.6114510337770866e+00 +8.3333333333333337e-01 +2.5812471802514843e+00 
+5.6548667764616276e+00 +1.6666666666666666e-01 +2.5977921785868512e+00 

+5.6548667764616276e+00 +1.6666666666666666e-01 +2.5977918009880354e+00 
+5.6982825191461686e+00 +8.3333333333333337e-01 +2.6142607771084223e+00 
+5.7685306664565763e+00 +8.3333333333333337e-01 +2.6407438452555536e+00 
+5.8119464091411173e+00 +1.6666666666666666e-01 +2.6570097416177805e+00 

+5.8119464091411173e+00 +1.6666666666666666e-01 +2.6570093703259547e+00 
+5.8553621518256591e+00 +8.3333333333333337e-01 +2.6731974815181552e+00 
+5.9256102991360660e+00 +8.3333333333333337e-01 +2.6992224533254818e+00 
+5.9690260418206069e+00 +1.6666666666666666e-01 +2.7152029763996528e+00 

+5.9690260418206069e+00 +1.6666666666666666e-01 +2.7152026115673977e+00 
+6.0124417845051488e+00 +8.3333333333333337e-01 +2.7311036174895023e+00 
+6.0826899318155547e+00 +8.3333333333333337e-01 +2.7566604598401119e+00 
+6.1261056745000966e+00 +1.6666666666666666e-01 +2.7723494483536073e+00 

+6.1261056745000966e+00 +1.6666666666666666e-01 +2.7723490884167963e+00 
+6.1695214171846375e+00 +8.3333333333333337e-01 +2.7879568614392936e+00 
+6.2397695644950453e+00 +8.3333333333333337e-01 +2.8130357216947379e+00 
+6.2831853071795862e+00 +1.6666666666666666e-01 +2.8284271247461867e+00 


