+0.0000000000000000e+00 +6.6666666666666666e-02 +4.8063143722658734e-17 
+4.6131279271451704e-03 +3.7847495629784700e-01 +2.3065638357116173e-03 
+1.4034446355262017e-02 +5.5485837703548635e-01 +7.0172195782636747e-03 
+2.5235461814610394e-02 +5.5485837703548635e-01 +1.2617709981974107e-02 
+3.4656780242727246e-02 +3.7847495629784700e-01 +1.7328335920888161e-02 
+3.9269908169872414e-02 +6.6666666666666666e-02 +1.9634875232005349e-02 

+3.9269908169872414e-02 +6.6666666666666666e-02 +1.9634875232005591e-02 
+4.3883036097017589e-02 +3.7847495629784700e-01 +2.1941408014190242e-02 
+5.3304354525134427e-02 +5.5485837703548635e-01 +2.6651980053950718e-02 
+6.4505369984482808e-02 +5.5485837703548635e-01 +3.2252335510106478e-02 
+7.3926688412599667e-02 +3.7847495629784700e-01 +3.6962818139750830e-02 
+7.8539816339744828e-02 +6.6666666666666666e-02 +3.9269277348608647e-02 

+7.8539816339744828e-02 +6.6666666666666666e-02 +3.9269277348608987e-02 
+8.3152944266890003e-02 +3.7847495629784700e-01 +4.1575723499818008e-02 
+9.2574262695006834e-02 +5.5485837703548635e-01 +4.6286098332431712e-02 
+1.0377527815435522e-01 +5.5485837703548635e-01 +5.1886183896751342e-02 
+1.1319659658247207e-01 +3.7847495629784700e-01 +5.6596409714909070e-02 
+1.1780972450961724e-01 +6.6666666666666666e-02 +5.8902733245842491e-02 

+1.1780972450961724e-01 +6.6666666666666666e-02 +5.8902733245842893e-02 
+1.2242285243676242e-01 +3.7847495629784700e-01 +6.1209037190718622e-02 
+1.3184417086487926e-01 +5.5485837703548635e-01 +6.5919101316569806e-02 
+1.4304518632422764e-01 +5.5485837703548635e-01 +7.1518782051265578e-02 
+1.5246650475234449e-01 +3.7847495629784700e-01 +7.6228637561910340e-02 
+1.5707963267948966e-01 +6.6666666666666666e-02 +7.8534769842520419e-02 

+1.5707963267948966e-01 +6.6666666666666666e-02 +7.8534769842520891e-02 
+1.6169276060663484e-01 +3.7847495629784700e-01 +8.0840876009133922e-02 
+1.7111407903475168e-01 +5.5485837703548635e-01 +8.5550515936093155e-02 
+1.8231509449410005e-01 +5.5485837703548635e-01 +9.1149656913131497e-02 
+1.9173641292221691e-01 +3.7847495629784700e-01 +9.5859028629160140e-02 
+1.9634954084936207e-01 +6.6666666666666666e-02 +9.8164914091655425e-02 

+1.9634954084936207e-01 +6.6666666666666666e-02 +9.8164914091655966e-02 
+2.0096266877650726e-01 +3.7847495629784700e-01 +1.0047076691284305e-01 
+2.1038398720462406e-01 +5.5485837703548635e-01 +1.0517986915900224e-01 
+2.2158500266397246e-01 +5.5485837703548635e-01 +1.1077833546335523e-01 
+2.3100632109208932e-01 +3.7847495629784700e-01 +1.1548710990932209e-01 
+2.3561944901923448e-01 +6.6666666666666666e-02 +1.1779269299185828e-01 

+2.3561944901923448e-01 +6.6666666666666666e-02 +1.1779269299185884e-01 
+2.4023257694637967e-01 +3.7847495629784700e-01 +1.2009823690656143e-01 
+2.4965389537449648e-01 +5.5485837703548635e-01 +1.2480668800296817e-01 
+2.6085491083384482e-01 +5.5485837703548635e-01 +1.3040434473586454e-01 
+2.7027622926196171e-01 +3.7847495629784700e-01 +1.3511240845071559e-01 
+2.7488935718910690e-01 +6.6666666666666666e-02 +1.3741763359873418e-01 

+2.7488935718910690e-01 +6.6666666666666666e-02 +1.3741763359873468e-01 
+2.7950248511625209e-01 +3.7847495629784700e-01 +1.3972281305333770e-01 
+2.8892380354436886e-01 +5.5485837703548635e-01 +1.4443049954672946e-01 
+3.0012481900371724e-01 +5.5485837703548635e-01 +1.5002721182890508e-01 
+3.0954613743183418e-01 +3.7847495629784700e-01 +1.5473445136871200e-01 
+3.1415926535897931e-01 +6.6666666666666666e-02 +1.5703926303627899e-01 

+3.1415926535897931e-01 +6.6666666666666666e-02 +1.5703926303627963e-01 
+3.1877239328612450e-01 +3.7847495629784700e-01 +1.5934402248594984e-01 
+3.2819371171424128e-01 +5.5485837703548635e-01 +1.6405083094148762e-01 
+3.3939472717358965e-01 +5.5485837703548635e-01 +1.6964646391643559e-01 
+3.4881604560170654e-01 +3.7847495629784700e-01 +1.7435276585712897e-01 
+3.5342917352885173e-01 +6.6666666666666666e-02 +1.7665710850827354e-01 

+3.5342917352885173e-01 +6.6666666666666666e-02 +1.7665710850827421e-01 
+3.5804230145599691e-01 +3.7847495629784700e-01 +1.7896139241829881e-01 
+3.6746361988411369e-01 +5.5485837703548635e-01 +1.8366720942230080e-01 
+3.7866463534346206e-01 +5.5485837703548635e-01 +1.8926162825952064e-01 
+3.8808595377157901e-01 +3.7847495629784700e-01 +1.9396687919962319e-01 
+3.9269908169872414e-01 +6.6666666666666666e-02 +1.9627069730967589e-01 

+3.9269908169872414e-01 +6.6666666666666666e-02 +1.9627069730967656e-01 
+3.9731220962586933e-01 +3.7847495629784700e-01 +1.9857445015680114e-01 
+4.0673352805398610e-01 +5.5485837703548635e-01 +2.0327916231947485e-01 
+4.1793454351333448e-01 +5.5485837703548635e-01 +2.0887223221772178e-01 
+4.2735586194145142e-01 +3.7847495629784700e-01 +2.1357631878108077e-01 
+4.3196898986859655e-01 +6.6666666666666666e-02 +2.1587955683801108e-01 

+4.3196898986859655e-01 +6.6666666666666666e-02 +2.1587955683801172e-01 
+4.3658211779574174e-01 +3.7847495629784700e-01 +2.1818272311177833e-01 
+4.4600343622385852e-01 +5.5485837703548635e-01 +2.2288621706995326e-01 
+4.5720445168320689e-01 +5.5485837703548635e-01 +2.2847780326048595e-01 
+4.6662577011132378e-01 +3.7847495629784700e-01 +2.3318061209900520e-01 
+4.7123889803846897e-01 +6.6666666666666666e-02 +2.3548321460475943e-01 

+4.7123889803846897e-01 +6.6666666666666666e-02 +2.3548321460476007e-01 
+4.7585202596561416e-01 +3.7847495629784700e-01 +2.3778573880884452e-01 
+4.8527334439373093e-01 +5.5485837703548635e-01 +2.4248790122870376e-01 
+4.9647435985307931e-01 +5.5485837703548635e-01 +2.4807786897853176e-01 
+5.0589567828119630e-01 +3.7847495629784700e-01 +2.5277928677490252e-01 
+5.1050880620834138e-01 +6.6666666666666666e-02 +2.5508119824674091e-01 

+5.1050880620834138e-01 +6.6666666666666666e-02 +2.5508119824674153e-01 
+5.1512193413548657e-01 +3.7847495629784700e-01 +2.5738302490029091e-01 
+5.2454325256360335e-01 +5.5485837703548635e-01 +2.6208374248010169e-01 
+5.3574426802295172e-01 +5.5485837703548635e-01 +2.6767195709523212e-01 
+5.4516558645106861e-01 +3.7847495629784700e-01 +2.7237187056566398e-01 
+5.4977871437821380e-01 +6.6666666666666666e-02 +2.7467303553749794e-01 

+5.4977871437821380e-01 +6.6666666666666666e-02 +2.7467303553749856e-01 
+5.5439184230535898e-01 +3.7847495629784700e-01 +2.7697410917646748e-01 
+5.6381316073347576e-01 +5.5485837703548635e-01 +2.8167326864931141e-01 
+5.7501417619282413e-01 +5.5485837703548635e-01 +2.8725959547799435e-01 
+5.8443549462094113e-01 +3.7847495629784700e-01 +2.9195789137494427e-01 
+5.8904862254808621e-01 +6.6666666666666666e-02 +2.9425825439867237e-01 

+5.8904862254808621e-01 +6.6666666666666666e-02 +2.9425825439867315e-01 
+5.9366175047523140e-01 +3.7847495629784700e-01 +2.9655851957716101e-01 
+6.0308306890334817e-01 +5.5485837703548635e-01 +3.0125600771366351e-01 
+6.1428408436269655e-01 +5.5485837703548635e-01 +3.0684031214963614e-01 
+6.2370540279081355e-01 +3.7847495629784700e-01 +3.1153687726453805e-01 
+6.2831853071795862e-01 +6.6666666666666666e-02 +3.1383638291138227e-01 

+6.2831853071795862e-01 +6.6666666666666666e-02 +3.1383638291138288e-01 
+6.3293165864510381e-01 +3.7847495629784700e-01 +3.1613578420296973e-01 
+6.4235297707322059e-01 +5.5485837703548635e-01 +3.2083148781402787e-01 
+6.5355399253256896e-01 +5.5485837703548635e-01 +3.2641363529975864e-01 
+6.6297531096068585e-01 +3.7847495629784700e-01 +3.3110835646575054e-01 
+6.6758843888783104e-01 +6.6666666666666666e-02 +3.3340694932759213e-01 

+6.6758843888783104e-01 +6.6666666666666666e-02 +3.3340694932759279e-01 
+6.7220156681497623e-01 +3.7847495629784700e-01 +3.3570543132667402e-01 
+6.8162288524309300e-01 +5.5485837703548635e-01 +3.4039923726618443e-01 
+6.9282390070244138e-01 +5.5485837703548635e-01 +3.4597909329611476e-01 
+7.0224521913055826e-01 +3.7847495629784700e-01 +3.5067185739076595e-01 
+7.0685834705770345e-01 +6.6666666666666666e-02 +3.5296948208148021e-01 

+7.0685834705770345e-01 +6.6666666666666666e-02 +3.5296948208148105e-01 
+7.1147147498484864e-01 +3.7847495629784700e-01 +3.5526698940460300e-01 
+7.2089279341296542e-01 +5.5485837703548635e-01 +3.5995878457218816e-01 
+7.3209380887231390e-01 +5.5485837703548635e-01 +3.6553621469597380e-01 
+7.4151512730043079e-01 +3.7847495629784700e-01 +3.7022690864401014e-01 
+7.4612825522757587e-01 +6.6666666666666666e-02 +3.7252350980080129e-01 

+7.4612825522757587e-01 +6.6666666666666666e-02 +3.7252350980080201e-01 
+7.5074138315472116e-01 +3.7847495629784700e-01 +3.7481998708799713e-01 
+7.6016270158283783e-01 +5.5485837703548635e-01 +3.7950965843172990e-01 
+7.7136371704218620e-01 +5.5485837703548635e-01 +3.8508452825748024e-01 
+7.8078503547030320e-01 +3.7847495629784700e-01 +3.8977303903350968e-01 
+7.8539816339744828e-01 +6.6666666666666666e-02 +3.9206856131824436e-01 

+7.8539816339744828e-01 +6.6666666666666666e-02 +3.9206856131824513e-01 
+7.9001129132459358e-01 +3.7847495629784700e-01 +3.9436395323436474e-01 
+7.9943260975271024e-01 +5.5485837703548635e-01 +3.9905138775349314e-01 
+8.1063362521205873e-01 +5.5485837703548635e-01 +4.0462356295100987e-01 
+8.2005494364017562e-01 +3.7847495629784700e-01 +4.0930977758224513e-01 
+8.2466807156732069e-01 +6.6666666666666666e-02 +4.1160416568278640e-01 

+8.2466807156732069e-01 +6.6666666666666666e-02 +4.1160416568278718e-01 
+8.2928119949446588e-01 +3.7847495629784700e-01 +4.1389841691883533e-01 
+8.3870251792258266e-01 +5.5485837703548635e-01 +4.1858350166650532e-01 
+8.4990353338193103e-01 +5.5485837703548635e-01 +4.2415284797051866e-01 
+8.5932485181004803e-01 +3.7847495629784700e-01 +4.2883665353949968e-01 
+8.6393797973719311e-01 +6.6666666666666666e-02 +4.3112985217103933e-01 

+8.6393797973719311e-01 +6.6666666666666666e-02 +4.3112985217104005e-01 
+8.6855110766433830e-01 +3.7847495629784700e-01 +4.3342290744550666e-01 
+8.7797242609245507e-01 +5.5485837703548635e-01 +4.3810552953148335e-01 
+8.8917344155180356e-01 +5.5485837703548635e-01 +4.4367191274488799e-01 
+8.9859475997992033e-01 +3.7847495629784700e-01 +4.4835319639220222e-01 
+9.0320788790706552e-01 +6.6666666666666666e-02 +4.5064515029859298e-01 

+9.0320788790706552e-01 +6.6666666666666666e-02 +4.5064515029859381e-01 
+9.0782101583421071e-01 +3.7847495629784700e-01 +4.5293695435878600e-01 
+9.1724233426232749e-01 +5.5485837703548635e-01 +4.5761700095217406e-01 
+9.2844334972167575e-01 +5.5485837703548635e-01 +4.6318028694926200e-01 
+9.3786466814979275e-01 +3.7847495629784700e-01 +4.6785893587626481e-01 
+9.4247779607693793e-01 +6.6666666666666666e-02 +4.7014958983135230e-01 

+9.4247779607693793e-01 +6.6666666666666666e-02 +4.7014958983135297e-01 
+9.4709092400408312e-01 +3.7847495629784700e-01 +4.7244008745472682e-01 
+9.5651224243219990e-01 +5.5485837703548635e-01 +4.7711744578668880e-01 
+9.6771325789154827e-01 +5.5485837703548635e-01 +4.8267750051638175e-01 
+9.7713457631966527e-01 +3.7847495629784700e-01 +4.8735340198791388e-01 
+9.8174770424681035e-01 +6.6666666666666666e-02 +4.8964270079686628e-01 

+9.8174770424681035e-01 +6.6666666666666666e-02 +4.8964270079686706e-01 
+9.8636083217395565e-01 +3.7847495629784700e-01 +4.9193183679235802e-01 
+9.9578215060207231e-01 +5.5485837703548635e-01 +4.9660639415883251e-01 
+1.0069831660614206e+00 +5.5485837703548635e-01 +5.0216308364791140e-01 
+1.0164044844895377e+00 +3.7847495629784700e-01 +5.0683612499501496e-01 
+1.0210176124166828e+00 +6.6666666666666666e-02 +5.0912401349565428e-01 

+1.0210176124166828e+00 +6.6666666666666666e-02 +5.0912401349565495e-01 
+1.0256307403438281e+00 +3.7847495629784700e-01 +5.1141173270500795e-01 
+1.0350520587719447e+00 +5.5485837703548635e-01 +5.1608337646942404e-01 
+1.0462530742312932e+00 +5.5485837703548635e-01 +5.2163656682575776e-01 
+1.0556743926594101e+00 +3.7847495629784700e-01 +5.2630663544839185e-01 
+1.0602875205865552e+00 +6.6666666666666666e-02 +5.2859305851252225e-01 

+1.0602875205865552e+00 +6.6666666666666666e-02 +5.2859305851252303e-01 
+1.0649006485137005e+00 +3.7847495629784700e-01 +5.3087930581162035e-01 
+1.0743219669418171e+00 +5.5485837703548635e-01 +5.3554792340761348e-01 
+1.0855229824011654e+00 +5.5485837703548635e-01 +5.4109748082338494e-01 
+1.0949443008292825e+00 +3.7847495629784700e-01 +5.4576446419313751e-01 
+1.0995574287564276e+00 +6.6666666666666666e-02 +5.4804936672787374e-01 

+1.0995574287564276e+00 +6.6666666666666666e-02 +5.4804936672787463e-01 
+1.1041705566835729e+00 +3.7847495629784700e-01 +5.5033408702806674e-01 
+1.1135918751116896e+00 +5.5485837703548635e-01 +5.5499956596218825e-01 
+1.1247928905710380e+00 +5.5485837703548635e-01 +5.6054535671711836e-01 
+1.1342142089991549e+00 +3.7847495629784700e-01 +5.6520914237991993e-01 
+1.1388273369263000e+00 +6.6666666666666666e-02 +5.6749246932901454e-01 

+1.1388273369263000e+00 +6.6666666666666666e-02 +5.6749246932901520e-01 
+1.1434404648534451e+00 +3.7847495629784700e-01 +5.6977560757844647e-01 
+1.1528617832815620e+00 +5.5485837703548635e-01 +5.7443783543287663e-01 
+1.1640627987409102e+00 +5.5485837703548635e-01 +5.7997972589744640e-01 
+1.1734841171690273e+00 +3.7847495629784700e-01 +5.8464020147627782e-01 
+1.1780972450961724e+00 +6.6666666666666666e-02 +5.8692189782144821e-01 

+1.1780972450961724e+00 +6.6666666666666666e-02 +5.8692189782144888e-01 
+1.1827103730233177e+00 +3.7847495629784700e-01 +5.8920339900638341e-01 
+1.1921316914514344e+00 +5.5485837703548635e-01 +5.9386226344163984e-01 
+1.2033327069107829e+00 +5.5485837703548635e-01 +5.9940012008031041e-01 
+1.2127540253388998e+00 +3.7847495629784700e-01 +6.0405717327791086e-01 
+1.2173671532660448e+00 +6.6666666666666666e-02 +6.0633718404016579e-01 

+1.2173671532660448e+00 +6.6666666666666666e-02 +6.0633718404016657e-01 
+1.2219802811931899e+00 +3.7847495629784700e-01 +6.0861699318631490e-01 
+1.2314015996213068e+00 +5.5485837703548635e-01 +6.1327238194395828e-01 
+1.2426026150806551e+00 +5.5485837703548635e-01 +6.1880607131838883e-01 
+1.2520239335087722e+00 +3.7847495629784700e-01 +6.2345958991996231e-01 
+1.2566370614359172e+00 +6.6666666666666666e-02 +6.2573786016092470e-01 

+1.2566370614359172e+00 +6.6666666666666666e-02 +6.2573786016092547e-01 
+1.2612501893630625e+00 +3.7847495629784700e-01 +6.2801592233476933e-01 
+1.2706715077911792e+00 +5.5485837703548635e-01 +6.3266772324010923e-01 
+1.2818725232505277e+00 +5.5485837703548635e-01 +6.3819711201237173e-01 
+1.2912938416786446e+00 +3.7847495629784700e-01 +6.4284698388829087e-01 
+1.2959069696057897e+00 +6.6666666666666666e-02 +6.4512345871152321e-01 

+1.2959069696057897e+00 +6.6666666666666666e-02 +6.4512345871152388e-01 
+1.3005200975329350e+00 +3.7847495629784700e-01 +6.4739971902163884e-01 
+1.3099414159610516e+00 +5.5485837703548635e-01 +6.5204781998643735e-01 
+1.3211424314203999e+00 +5.5485837703548635e-01 +6.5757277492222932e-01 
+1.3305637498485170e+00 +3.7847495629784700e-01 +6.6221888803073670e-01 
+1.3351768777756621e+00 +6.6666666666666666e-02 +6.6449351258306300e-01 

+1.3351768777756621e+00 +6.6666666666666666e-02 +6.6449351258306366e-01 
+1.3397900057028074e+00 +3.7847495629784700e-01 +6.6676791618144293e-01 
+1.3492113241309240e+00 +5.5485837703548635e-01 +6.7141220520661349e-01 
+1.3604123395902725e+00 +5.5485837703548635e-01 +6.7693259317846943e-01 
+1.3698336580183894e+00 +3.7847495629784700e-01 +6.8157483556837772e-01 
+1.3744467859455345e+00 +6.6666666666666666e-02 +6.8384755504120587e-01 

+1.3744467859455345e+00 +6.6666666666666666e-02 +6.8384755504120631e-01 
+1.3790599138726798e+00 +3.7847495629784700e-01 +6.8612004712458186e-01 
+1.3884812323007965e+00 +5.5485837703548635e-01 +6.9076041230289009e-01 
+1.3996822477601447e+00 +5.5485837703548635e-01 +6.9627610029338760e-01 
+1.4091035661882618e+00 +3.7847495629784700e-01 +7.0091436010677699e-01 
+1.4137166941154069e+00 +6.6666666666666666e-02 +7.0318511973741893e-01 

+1.4137166941154069e+00 +6.6666666666666666e-02 +7.0318511973741982e-01 
+1.4183298220425522e+00 +3.7847495629784700e-01 +7.0545564554858187e-01 
+1.4277511404706686e+00 +5.5485837703548635e-01 +7.1009197506734056e-01 
+1.4389521559300174e+00 +5.5485837703548635e-01 +7.1560283017230697e-01 
+1.4483734743581342e+00 +3.7847495629784700e-01 +7.2023699564722088e-01 
+1.4529866022852793e+00 +6.6666666666666666e-02 +7.2250574072021190e-01 

+1.4529866022852793e+00 +6.6666666666666666e-02 +7.2250574072021267e-01 
+1.4575997302124246e+00 +3.7847495629784700e-01 +7.2477424554933156e-01 
+1.4670210486405413e+00 +5.5485837703548635e-01 +7.2940642769309527e-01 
+1.4782220640998895e+00 +5.5485837703548635e-01 +7.3491231712480931e-01 
+1.4876433825280069e+00 +3.7847495629784700e-01 +7.3954227659794691e-01 
+1.4922565104551517e+00 +6.6666666666666666e-02 +7.4180895244636447e-01 

+1.4922565104551517e+00 +6.6666666666666666e-02 +7.4180895244636502e-01 
+1.4968696383822970e+00 +3.7847495629784700e-01 +7.4407538163230691e-01 
+1.5062909568104137e+00 +5.5485837703548635e-01 +7.4870330478556490e-01 
+1.5174919722697622e+00 +5.5485837703548635e-01 +7.5420409587595705e-01 
+1.5269132906978791e+00 +3.7847495629784700e-01 +7.5882973778536267e-01 
+1.5315264186250241e+00 +6.6666666666666666e-02 +7.6109428979214433e-01 

+1.5315264186250241e+00 +6.6666666666666666e-02 +7.6109428979214511e-01 
+1.5361395465521694e+00 +3.7847495629784700e-01 +7.6335858872379003e-01 
+1.5455608649802861e+00 +5.5485837703548635e-01 +7.6798214137365373e-01 
+1.5567618804396344e+00 +5.5485837703548635e-01 +7.7347770157750162e-01 
+1.5661831988677515e+00 +3.7847495629784700e-01 +7.7809891446525570e-01 
+1.5707963267948966e+00 +6.6666666666666666e-02 +7.8036128806451388e-01 

+1.5707963267948966e+00 +6.6666666666666666e-02 +7.8036128806451455e-01 
+1.5754094547220419e+00 +3.7847495629784700e-01 +7.8262340218207338e-01 
+1.5848307731501583e+00 +5.5485837703548635e-01 +7.8724247292096461e-01 
+1.5960317886095070e+00 +5.5485837703548635e-01 +7.9273266981908808e-01 
+1.6054531070376239e+00 +3.7847495629784700e-01 +7.9734934233399080e-01 
+1.6100662349647690e+00 +6.6666666666666666e-02 +7.9960948301232770e-01 

+1.6100662349647690e+00 +6.6666666666666666e-02 +7.9960948301232870e-01 
+1.6146793628919140e+00 +3.7847495629784700e-01 +8.0186935780865598e-01 
+1.6241006813200309e+00 +5.5485837703548635e-01 +8.0648383533699153e-01 
+1.6353016967793792e+00 +5.5485837703548635e-01 +8.1196853663944246e-01 
+1.6447230152074963e+00 +3.7847495629784700e-01 +8.1658055753969738e-01 
+1.6493361431346414e+00 +6.6666666666666666e-02 +8.1883841083751918e-01 

+1.6493361431346414e+00 +6.6666666666666666e-02 +8.1883841083751996e-01 
+1.6539492710617867e+00 +3.7847495629784700e-01 +8.2109599185942894e-01 
+1.6633705894899034e+00 +5.5485837703548635e-01 +8.2570576498830195e-01 
+1.6745716049492518e+00 +5.5485837703548635e-01 +8.3118483853755309e-01 
+1.6839929233773687e+00 +3.7847495629784700e-01 +8.3579209669344678e-01 
+1.6886060513045138e+00 +6.6666666666666666e-02 +8.3804760820627622e-01 

+1.6886060513045138e+00 +6.6666666666666666e-02 +8.3804760820627699e-01 
+1.6932191792316589e+00 +3.7847495629784700e-01 +8.4030284105585018e-01 
+1.7026404976597758e+00 +5.5485837703548635e-01 +8.4490779870970945e-01 
+1.7138415131191240e+00 +5.5485837703548635e-01 +8.5038111248383630e-01 
+1.7232628315472411e+00 +3.7847495629784700e-01 +8.5498349688041819e-01 
+1.7278759594743862e+00 +6.6666666666666666e-02 +8.5723661226020387e-01 

+1.7278759594743862e+00 +6.6666666666666666e-02 +8.5723661226020453e-01 
+1.7324890874015315e+00 +3.7847495629784700e-01 +8.5948944259610605e-01 
+1.7419104058296480e+00 +5.5485837703548635e-01 +8.6408947381543200e-01 
+1.7531114212889967e+00 +5.5485837703548635e-01 +8.6955689593129781e-01 
+1.7625327397171136e+00 +3.7847495629784700e-01 +8.7415429567105218e-01 
+1.7671458676442586e+00 +6.6666666666666666e-02 +8.7640496062747986e-01 

+1.7671458676442586e+00 +6.6666666666666666e-02 +8.7640496062748074e-01 
+1.7717589955714039e+00 +3.7847495629784700e-01 +8.7865533416626429e-01 
+1.7811803139995206e+00 +5.5485837703548635e-01 +8.8325032811024362e-01 
+1.7923813294588689e+00 +5.5485837703548635e-01 +8.8871172682667332e-01 
+1.8018026478869860e+00 +3.7847495629784700e-01 +8.9330403113219492e-01 
+1.8064157758141310e+00 +6.6666666666666666e-02 +8.9555219143399423e-01 

+1.8064157758141310e+00 +6.6666666666666666e-02 +8.9555219143399489e-01 
+1.8110289037412763e+00 +3.7847495629784700e-01 +8.9780005395141260e-01 
+1.8204502221693930e+00 +5.5485837703548635e-01 +9.0238989990060858e-01 
+1.8316512376287415e+00 +5.5485837703548635e-01 +9.0784514362156576e-01 
+1.8410725560568584e+00 +3.7847495629784700e-01 +9.1243224183822547e-01 
+1.8456856839840035e+00 +6.6666666666666666e-02 +9.1467784331447832e-01 

+1.8456856839840035e+00 +6.6666666666666666e-02 +9.1467784331447910e-01 
+1.8502988119111488e+00 +3.7847495629784700e-01 +9.1692314064678715e-01 
+1.8597201303392654e+00 +5.5485837703548635e-01 +9.2150772800580694e-01 
+1.8709211457986137e+00 +5.5485837703548635e-01 +9.2695668528356401e-01 
+1.8803424642267308e+00 +3.7847495629784700e-01 +9.3153846688217823e-01 
+1.8849555921538759e+00 +6.6666666666666666e-02 +9.3378145542362212e-01 

+1.8849555921538759e+00 +6.6666666666666666e-02 +9.3378145542362279e-01 
+1.8895687200810212e+00 +3.7847495629784700e-01 +9.3602413346888846e-01 
+1.8989900385091376e+00 +5.5485837703548635e-01 +9.4060335176904841e-01 
+1.9101910539684861e+00 +5.5485837703548635e-01 +9.4604589130735328e-01 
+1.9196123723966032e+00 +3.7847495629784700e-01 +9.5062224588684519e-01 
+1.9242255003237483e+00 +6.6666666666666666e-02 +9.5286256744717890e-01 

+1.9242255003237483e+00 +6.6666666666666666e-02 +9.5286256744717956e-01 
+1.9288386282508936e+00 +3.7847495629784700e-01 +9.5510257216658256e-01 
+1.9382599466790102e+00 +5.5485837703548635e-01 +9.5967631106857065e-01 
+1.9494609621383585e+00 +5.5485837703548635e-01 +9.6511230172581131e-01 
+1.9588822805664758e+00 +3.7847495629784700e-01 +9.6968311901587134e-01 
+1.9634954084936207e+00 +6.6666666666666666e-02 +9.7192071961305593e-01 

+1.9634954084936207e+00 +6.6666666666666666e-02 +9.7192071961305671e-01 
+1.9681085364207660e+00 +3.7847495629784700e-01 +9.7415799703219241e-01 
+1.9775298548488824e+00 +5.5485837703548635e-01 +9.7872614632872612e-01 
+1.9887308703082307e+00 +5.5485837703548635e-01 +9.8415545712109009e-01 
+1.9981521887363478e+00 +3.7847495629784700e-01 +9.8872062698483387e-01 
+2.0027653166634929e+00 +6.6666666666666666e-02 +9.9095545270239394e-01 

+2.0027653166634929e+00 +6.6666666666666666e-02 +9.9095545270239449e-01 
+2.0073784445906382e+00 +3.7847495629784700e-01 +9.9318994891257539e-01 
+2.0167997630187546e+00 +5.5485837703548635e-01 +9.9775239853105691e-01 
+2.0280007784781033e+00 +5.5485837703548635e-01 +1.0031748986356874e+00 
+2.0374220969062207e+00 +3.7847495629784700e-01 +1.0077343110723098e+00 
+2.0420352248333655e+00 +6.6666666666666666e-02 +1.0099663080606320e+00 

+2.0420352248333655e+00 +6.6666666666666666e-02 +1.0099663080606323e+00 
+2.0466483527605108e+00 +3.7847495629784700e-01 +1.0121979692201848e+00 
+2.0560696711886273e+00 +5.5485837703548635e-01 +1.0167546092253548e+00 
+2.0672706866479760e+00 +5.5485837703548635e-01 +1.0221701679835034e+00 
+2.0766920050760929e+00 +3.7847495629784700e-01 +1.0267237131309266e+00 
+2.0813051330032382e+00 +6.6666666666666666e-02 +1.0289528276085587e+00 

+2.0813051330032382e+00 +6.6666666666666666e-02 +1.0289528276085591e+00 
+2.0859182609303835e+00 +3.7847495629784700e-01 +1.0311815999441223e+00 
+2.0953395793584999e+00 +5.5485837703548635e-01 +1.0357323205407067e+00 
+2.1065405948178482e+00 +5.5485837703548635e-01 +1.0411408074608814e+00 
+2.1159619132459655e+00 +3.7847495629784700e-01 +1.0456883755984054e+00 
+2.1205750411731104e+00 +6.6666666666666666e-02 +1.0479145538533501e+00 

+2.1205750411731104e+00 +6.6666666666666666e-02 +1.0479145538533507e+00 
+2.1251881691002557e+00 +3.7847495629784700e-01 +1.0501403836611711e+00 
+2.1346094875283721e+00 +5.5485837703548635e-01 +1.0546850751965302e+00 
+2.1458105029877204e+00 +5.5485837703548635e-01 +1.0600863599576384e+00 
+2.1552318214158377e+00 +3.7847495629784700e-01 +1.0646278415085824e+00 
+2.1598449493429825e+00 +6.6666666666666666e-02 +1.0668510298995937e+00 

+2.1598449493429825e+00 +6.6666666666666666e-02 +1.0668510298995939e+00 
+2.1644580772701278e+00 +3.7847495629784700e-01 +1.0690738635468224e+00 
+2.1738793956982443e+00 +5.5485837703548635e-01 +1.0736124165135876e+00 
+2.1850804111575930e+00 +5.5485837703548635e-01 +1.0790063689680798e+00 
+2.1945017295857099e+00 +3.7847495629784700e-01 +1.0835416545024232e+00 
+2.1991148575128552e+00 +6.6666666666666666e-02 +1.0857617994602971e+00 

+2.1991148575128552e+00 +6.6666666666666666e-02 +1.0857617994602984e+00 
+2.2037279854400005e+00 +3.7847495629784700e-01 +1.0879815833862772e+00 
+2.2131493038681169e+00 +5.5485837703548635e-01 +1.0925138884249959e+00 
+2.2243503193274656e+00 +5.5485837703548635e-01 +1.0979003786019970e+00 
+2.2337716377555830e+00 +3.7847495629784700e-01 +1.1024293588390164e+00 
+2.2383847656827278e+00 +6.6666666666666666e-02 +1.1046464068678834e+00 

+2.2383847656827278e+00 +6.6666666666666666e-02 +1.1046464068678841e+00 
+2.2429978936098731e+00 +3.7847495629784700e-01 +1.1068630875854437e+00 
+2.2524192120379896e+00 +5.5485837703548635e-01 +1.1113890354872085e+00 
+2.2636202274973378e+00 +5.5485837703548635e-01 +1.1167679335956540e+00 
+2.2730415459254552e+00 +3.7847495629784700e-01 +1.1212904994065576e+00 
+2.2776546738526000e+00 +6.6666666666666666e-02 +1.1235043970851688e+00 

+2.2776546738526000e+00 +6.6666666666666666e-02 +1.1235043970851695e+00 
+2.2822678017797453e+00 +3.7847495629784700e-01 +1.1257179211819122e+00 
+2.2916891202078618e+00 +5.5485837703548635e-01 +1.1302374028909974e+00 
+2.3028901356672100e+00 +5.5485837703548635e-01 +1.1356085793227573e+00 
+2.3123114540953273e+00 +3.7847495629784700e-01 +1.1401246217333112e+00 
+2.3169245820224722e+00 +6.6666666666666666e-02 +1.1423353157163298e+00 

+2.3169245820224722e+00 +6.6666666666666666e-02 +1.1423353157163305e+00 
+2.3215377099496175e+00 +3.7847495629784700e-01 +1.1445456298559207e+00 
+2.3309590283777339e+00 +5.5485837703548635e-01 +1.1490585364724060e+00 
+2.3421600438370827e+00 +5.5485837703548635e-01 +1.1544218618054098e+00 
+2.3515813622652000e+00 +3.7847495629784700e-01 +1.1589312719985674e+00 
+2.3561944901923448e+00 +6.6666666666666666e-02 +1.1611387090178500e+00 

+2.3561944901923448e+00 +6.6666666666666666e-02 +1.1611387090178502e+00 
+2.3608076181194901e+00 +3.7847495629784700e-01 +1.1633457599412982e+00 
+2.3702289365476066e+00 +5.5485837703548635e-01 +1.1678519827236959e+00 
+2.3814299520069553e+00 +5.5485837703548635e-01 +1.1732073277250501e+00 
+2.3908512704350722e+00 +3.7847495629784700e-01 +1.1777099970435720e+00 
+2.3954643983622175e+00 +6.6666666666666666e-02 +1.1799141239094546e+00 

+2.3954643983622175e+00 +6.6666666666666666e-02 +1.1799141239094557e+00 
+2.4000775262893628e+00 +3.7847495629784700e-01 +1.1821178584363989e+00 
+2.4094988447174792e+00 +5.5485837703548635e-01 +1.1866172888042728e+00 
+2.4206998601768275e+00 +5.5485837703548635e-01 +1.1919645244333759e+00 
+2.4301211786049444e+00 +3.7847495629784700e-01 +1.1964603443824477e+00 
+2.4347343065320897e+00 +6.6666666666666666e-02 +1.1986611079850271e+00 

+2.4347343065320897e+00 +6.6666666666666666e-02 +1.1986611079850278e+00 
+2.4393474344592350e+00 +3.7847495629784700e-01 +1.2008614730150176e+00 
+2.4487687528873514e+00 +5.5485837703548635e-01 +1.2053540025515981e+00 
+2.4599697683466997e+00 +5.5485837703548635e-01 +1.2106929999632494e+00 
+2.4693910867748170e+00 +3.7847495629784700e-01 +1.2151818622130979e+00 
+2.4740042147019619e+00 +6.6666666666666666e-02 +1.2173792095235101e+00 

+2.4740042147019619e+00 +6.6666666666666666e-02 +1.2173792095235112e+00 
+2.4786173426291072e+00 +3.7847495629784700e-01 +1.2195761520372872e+00 
+2.4880386610572236e+00 +5.5485837703548635e-01 +1.2240616724920850e+00 
+2.4992396765165723e+00 +5.5485837703548635e-01 +1.2293923030395890e+00 
+2.5086609949446896e+00 +3.7847495629784700e-01 +1.2338740994280910e+00 
+2.5132741228718345e+00 +6.6666666666666666e-02 +1.2360679774997902e+00 

+2.5132741228718345e+00 +6.6666666666666666e-02 +1.2360679774997905e+00 
+2.5178872507989798e+00 +3.7847495629784700e-01 +1.2382614445605629e+00 
+2.5273085692270962e+00 +5.5485837703548635e-01 +1.2427398478519776e+00 
+2.5385095846864449e+00 +5.5485837703548635e-01 +1.2480619830902433e+00 
+2.5479309031145618e+00 +3.7847495629784700e-01 +1.2525366056255327e+00 
+2.5525440310417071e+00 +6.6666666666666666e-02 +1.2547269615955663e+00 

+2.5525440310417071e+00 +6.6666666666666666e-02 +1.2547269615955674e+00 
+2.5571571589688524e+00 +3.7847495629784700e-01 +1.2569169003502847e+00 
+2.5665784773969689e+00 +5.5485837703548635e-01 +1.2613880785682099e+00 
+2.5777794928563171e+00 +5.5485837703548635e-01 +1.2667015902568466e+00 
+2.5872008112844345e+00 +3.7847495629784700e-01 +1.2711689311199148e+00 
+2.5918139392115793e+00 +6.6666666666666666e-02 +1.2733557122101997e+00 

+2.5918139392115793e+00 +6.6666666666666666e-02 +1.2733557122101999e+00 
+2.5964270671387246e+00 +3.7847495629784700e-01 +1.2755420698908320e+00 
+2.6058483855668411e+00 +5.5485837703548635e-01 +1.2800059152992520e+00 
+2.6170494010261893e+00 +5.5485837703548635e-01 +1.2853106754056602e+00 
+2.6264707194543067e+00 +3.7847495629784700e-01 +1.2897706269529565e+00 
+2.6310838473814515e+00 +6.6666666666666666e-02 +1.2919537804715457e+00 

+2.6310838473814515e+00 +6.6666666666666666e-02 +1.2919537804715460e+00 
+2.6356969753085968e+00 +3.7847495629784700e-01 +1.2941365043963500e+00 
+2.6451182937367133e+00 +5.5485837703548635e-01 +1.2985929094359392e+00 
+2.6563193091960620e+00 +5.5485837703548635e-01 +1.3038887901383938e+00 
+2.6657406276241788e+00 +3.7847495629784700e-01 +1.3083412449044176e+00 
+2.6703537555513241e+00 +6.6666666666666666e-02 +1.3105207182467744e+00 

+2.6703537555513241e+00 +6.6666666666666666e-02 +1.3105207182467753e+00 
+2.6749668834784694e+00 +3.7847495629784700e-01 +1.3126997558215647e+00 
+2.6843882019065859e+00 +5.5485837703548635e-01 +1.3171486131122776e+00 
+2.6955892173659346e+00 +5.5485837703548635e-01 +1.3224354868030090e+00 
+2.7050105357940515e+00 +3.7847495629784700e-01 +1.3268803375028999e+00 
+2.7096236637211968e+00 +6.6666666666666666e-02 +1.3290560781531640e+00 

+2.7096236637211968e+00 +6.6666666666666666e-02 +1.3290560781531644e+00 
+2.7142367916483421e+00 +3.7847495629784700e-01 +1.3312313768725788e+00 
+2.7236581100764585e+00 +5.5485837703548635e-01 +1.3356725792162387e+00 
+2.7348591255358068e+00 +5.5485837703548635e-01 +1.3409503185045060e+00 
+2.7442804439639241e+00 +3.7847495629784700e-01 +1.3453874580366285e+00 
+2.7488935718910690e+00 +6.6666666666666666e-02 +1.3475594135688804e+00 

+2.7488935718910690e+00 +6.6666666666666666e-02 +1.3475594135688813e+00 
+2.7535066998182143e+00 +3.7847495629784700e-01 +1.3497309210176507e+00 
+2.7629280182463307e+00 +5.5485837703548635e-01 +1.3541643614005321e+00 
+2.7741290337056790e+00 +5.5485837703548635e-01 +1.3594328391156958e+00 
+2.7835503521337963e+00 +3.7847495629784700e-01 +1.3638621605642192e+00 
+2.7881634800609412e+00 +6.6666666666666666e-02 +1.3660302786437453e+00 

+2.7881634800609412e+00 +6.6666666666666666e-02 +1.3660302786437459e+00 
+2.7927766079880865e+00 +3.7847495629784700e-01 +1.3681979424979538e+00 
+2.8021979264162029e+00 +5.5485837703548635e-01 +1.3726235140933591e+00 
+2.8133989418755512e+00 +5.5485837703548635e-01 +1.3778826032879421e+00 
+2.8228202603036685e+00 +3.7847495629784700e-01 +1.3823039999254201e+00 
+2.8274333882308138e+00 +6.6666666666666666e-02 +1.3844682283099725e+00 

+2.8274333882308138e+00 +6.6666666666666666e-02 +1.3844682283099730e+00 
+2.8320465161579591e+00 +3.7847495629784700e-01 +1.3866319963383156e+00 
+2.8414678345860755e+00 +5.5485837703548635e-01 +1.3910495925091528e+00 
+2.8526688500454243e+00 +5.5485837703548635e-01 +1.3962991664619011e+00 
+2.8620901684735416e+00 +3.7847495629784700e-01 +1.4007125317518381e+00 
+2.8667032964006864e+00 +6.6666666666666666e-02 +1.4028728182928931e+00 

+2.8667032964006864e+00 +6.6666666666666666e-02 +1.4028728182928942e+00 
+2.8713164243278317e+00 +3.7847495629784700e-01 +1.4050326383579403e+00 
+2.8807377427559482e+00 +5.5485837703548635e-01 +1.4094421526592900e+00 
+2.8919387582152964e+00 +5.5485837703548635e-01 +1.4146820848782260e+00 
+2.9013600766434138e+00 +3.7847495629784700e-01 +1.4190873124776480e+00 
+2.9059732045705586e+00 +6.6666666666666666e-02 +1.4212436051216648e+00 

+2.9059732045705586e+00 +6.6666666666666666e-02 +1.4212436051216655e+00 
+2.9105863324977039e+00 +3.7847495629784700e-01 +1.4233994251811142e+00 
+2.9200076509258204e+00 +5.5485837703548635e-01 +1.4278007513627948e+00 
+2.9312086663851686e+00 +5.5485837703548635e-01 +1.4330309155882643e+00 
+2.9406299848132855e+00 +3.7847495629784700e-01 +1.4374278993502809e+00 
+2.9452431127404308e+00 +6.6666666666666666e-02 +1.4395801461399527e+00 

+2.9452431127404308e+00 +6.6666666666666666e-02 +1.4395801461399531e+00 
+2.9498562406675761e+00 +3.7847495629784700e-01 +1.4417319142478857e+00 
+2.9592775590956926e+00 +5.5485837703548635e-01 +1.4461249462570136e+00 
+2.9704785745550413e+00 +5.5485837703548635e-01 +1.4513452164647287e+00 
+2.9798998929831586e+00 +3.7847495629784700e-01 +1.4557338504410906e+00 
+2.9845130209103035e+00 +6.6666666666666666e-02 +1.4578819995165986e+00 

+2.9845130209103035e+00 +6.6666666666666666e-02 +1.4578819995165995e+00 
+2.9891261488374492e+00 +3.7847495629784700e-01 +1.4600296638247305e+00 
+2.9985474672655652e+00 +5.5485837703548635e-01 +1.4644142958082764e+00 
+3.0097484827249139e+00 +5.5485837703548635e-01 +1.4696245462123527e+00 
+3.0191698011530312e+00 +3.7847495629784700e-01 +1.4740047246560029e+00 
+3.0237829290801761e+00 +6.6666666666666666e-02 +1.4761487242562665e+00 

+3.0237829290801761e+00 +6.6666666666666666e-02 +1.4761487242562670e+00 
+3.0283960570073214e+00 +3.7847495629784700e-01 +1.4782922330151964e+00 
+3.0378173754354378e+00 +5.5485837703548635e-01 +1.4826683593225334e+00 
+3.0490183908947861e+00 +5.5485837703548635e-01 +1.4878684643785205e+00 
+3.0584397093229034e+00 +3.7847495629784700e-01 +1.4922400817461456e+00 
+3.0630528372500483e+00 +6.6666666666666666e-02 +1.4943798802100658e+00 

+3.0630528372500483e+00 +6.6666666666666666e-02 +1.4943798802100665e+00 
+3.0676659651771936e+00 +3.7847495629784700e-01 +1.4965191817705235e+00 
+3.0770872836053100e+00 +5.5485837703548635e-01 +1.5008866969559771e+00 
+3.0882882990646583e+00 +5.5485837703548635e-01 +1.5060765313638833e+00 
+3.0977096174927752e+00 +3.7847495629784700e-01 +1.5104394823184519e+00 
+3.1023227454199205e+00 +6.6666666666666666e-02 +1.5125750280861623e+00 

+3.1023227454199205e+00 +6.6666666666666666e-02 +1.5125750280861636e+00 
+3.1069358733470658e+00 +3.7847495629784700e-01 +1.5147100709002534e+00 
+3.1163571917751822e+00 +5.5485837703548635e-01 +1.5190688697256387e+00 
+3.1275582072345305e+00 +5.5485837703548635e-01 +1.5242483084329492e+00 
+3.1369795256626483e+00 +3.7847495629784700e-01 +1.5286024878462561e+00 
+3.1415926535897931e+00 +6.6666666666666666e-02 +1.5307337294603593e+00 

+3.1415926535897931e+00 +6.6666666666666666e-02 +1.5307337294603602e+00 
+3.1462057815169384e+00 +3.7847495629784700e-01 +1.5328644620828062e+00 
+3.1556270999450549e+00 +5.5485837703548635e-01 +1.5372144395199649e+00 
+3.1668281154044031e+00 +5.5485837703548635e-01 +1.5423833577246575e+00 
+3.1762494338325209e+00 +3.7847495629784700e-01 +1.5467286606798512e+00 
+3.1808625617596658e+00 +6.6666666666666666e-02 +1.5488555467866632e+00 

+3.1808625617596658e+00 +6.6666666666666666e-02 +1.5488555467866638e+00 
+3.1854756896868111e+00 +3.7847495629784700e-01 +1.5509819178760449e+00 
+3.1948970081149275e+00 +5.5485837703548635e-01 +1.5553229691093751e+00 
+3.2060980235742758e+00 +5.5485837703548635e-01 +1.5604812422629264e+00 
+3.2155193420023931e+00 +3.7847495629784700e-01 +1.5648175640570408e+00 
+3.2201324699295379e+00 +6.6666666666666666e-02 +1.5669400434078249e+00 

+3.2201324699295379e+00 +6.6666666666666666e-02 +1.5669400434078249e+00 
+3.2247455978566832e+00 +3.7847495629784700e-01 +1.5690620017278154e+00 
+3.2341669162847997e+00 +5.5485837703548635e-01 +1.5733940221567988e+00 
+3.2453679317441484e+00 +5.5485837703548635e-01 +1.5785415259671838e+00 
+3.2547892501722653e+00 +3.7847495629784700e-01 +1.5828687621136595e+00 
+3.2594023780994101e+00 +6.6666666666666666e-02 +1.5849867835658629e+00 

+3.2594023780994101e+00 +6.6666666666666666e-02 +1.5849867835658642e+00 
+3.2640155060265554e+00 +3.7847495629784700e-01 +1.5871042779864644e+00 
+3.2734368244546723e+00 +5.5485837703548635e-01 +1.5914271632281867e+00 
+3.2846378399140206e+00 +5.5485837703548635e-01 +1.5965637736628759e+00 
+3.2940591583421379e+00 +3.7847495629784700e-01 +1.6008818198940777e+00 
+3.2986722862692828e+00 +6.6666666666666666e-02 +1.6029953324125643e+00 

+3.2986722862692828e+00 +6.6666666666666666e-02 +1.6029953324125652e+00 
+3.3032854141964281e+00 +3.7847495629784700e-01 +1.6051083119113401e+00 
+3.3127067326245445e+00 +5.5485837703548635e-01 +1.6094219578030038e+00 
+3.3239077480838932e+00 +5.5485837703548635e-01 +1.6145475510919500e+00 
+3.3333290665120101e+00 +3.7847495629784700e-01 +1.6188563033616810e+00 
+3.3379421944391554e+00 +6.6666666666666666e-02 +1.6209652560199601e+00 

+3.3379421944391554e+00 +6.6666666666666666e-02 +1.6209652560199603e+00 
+3.3425553223663007e+00 +3.7847495629784700e-01 +1.6230736696832626e+00 
+3.3519766407944172e+00 +5.5485837703548635e-01 +1.6273779722846990e+00 
+3.3631776562537654e+00 +5.5485837703548635e-01 +1.6324924249233208e+00 
+3.3725989746818823e+00 +3.7847495629784700e-01 +1.6367917794093281e+00 
+3.3772121026090276e+00 +6.6666666666666666e-02 +1.6388961213907818e+00 

+3.3772121026090276e+00 +6.6666666666666666e-02 +1.6388961213907824e+00 
+3.3818252305361729e+00 +3.7847495629784700e-01 +1.6409999184149802e+00 
+3.3912465489642898e+00 +5.5485837703548635e-01 +1.6452947740111545e+00 
+3.4024475644236376e+00 +5.5485837703548635e-01 +1.6503979627633121e+00 
+3.4118688828517549e+00 +3.7847495629784700e-01 +1.6546878158697873e+00 
+3.4164820107788998e+00 +6.6666666666666666e-02 +1.6567874964688956e+00 

+3.4164820107788998e+00 +6.6666666666666666e-02 +1.6567874964688962e+00 
+3.4210951387060451e+00 +3.7847495629784700e-01 +1.6588866261616011e+00 
+3.4305164571341615e+00 +5.5485837703548635e-01 +1.6631719312651096e+00 
+3.4417174725935098e+00 +5.5485837703548635e-01 +1.6682637331660737e+00 
+3.4511387910216276e+00 +3.7847495629784700e-01 +1.6725439815261514e+00 
+3.4557519189487724e+00 +6.6666666666666666e-02 +1.6746389501497125e+00 

+3.4557519189487724e+00 +6.6666666666666666e-02 +1.6746389501497130e+00 
+3.4603650468759177e+00 +3.7847495629784700e-01 +1.6767333619309985e+00 
+3.4697863653040342e+00 +5.5485837703548635e-01 +1.6810090132845619e+00 
+3.4809873807633824e+00 +5.5485837703548635e-01 +1.6860893056439781e+00 
+3.4904086991914998e+00 +3.7847495629784700e-01 +1.6903598461222265e+00 
+3.4950218271186451e+00 +6.6666666666666666e-02 +1.6924500522905768e+00 

+3.4950218271186451e+00 +6.6666666666666666e-02 +1.6924500522905774e+00 
+3.4996349550457904e+00 +3.7847495629784700e-01 +1.6945396956941967e+00 
+3.5090562734739068e+00 +5.5485837703548635e-01 +1.6988055902731511e+00 
+3.5202572889332551e+00 +5.5485837703548635e-01 +1.7038742506779934e+00 
+3.5296786073613724e+00 +3.7847495629784700e-01 +1.7081349803728967e+00 
+3.5342917352885173e+00 +6.6666666666666666e-02 +1.7102203737211286e+00 

+3.5342917352885173e+00 +6.6666666666666666e-02 +1.7102203737211288e+00 
+3.5389048632156630e+00 +3.7847495629784700e-01 +1.7123051983957345e+00 
+3.5483261816437790e+00 +5.5485837703548635e-01 +1.7165612334105109e+00 
+3.5595271971031277e+00 +5.5485837703548635e-01 +1.7216181397280343e+00 
+3.5689485155312446e+00 +3.7847495629784700e-01 +1.7258689559744751e+00 
+3.5735616434583894e+00 +6.6666666666666666e-02 +1.7279494862536473e+00 

+3.5735616434583894e+00 +6.6666666666666666e-02 +1.7279494862536477e+00 
+3.5781747713855347e+00 +3.7847495629784700e-01 +1.7300294419640014e+00 
+3.5875960898136512e+00 +5.5485837703548635e-01 +1.7342755148626037e+00 
+3.5987971052729999e+00 +5.5485837703548635e-01 +1.7393205452432845e+00 
+3.6082184237011168e+00 +3.7847495629784700e-01 +1.7435613456150172e+00 
+3.6128315516282621e+00 +6.6666666666666666e-02 +1.7456369626933688e+00 

+3.6128315516282621e+00 +6.6666666666666666e-02 +1.7456369626933692e+00 
+3.6174446795554074e+00 +3.7847495629784700e-01 +1.7477119993215533e+00 
+3.6268659979835238e+00 +5.5485837703548635e-01 +1.7519480077920295e+00 
+3.6380670134428721e+00 +5.5485837703548635e-01 +1.7569810406725037e+00 
+3.6474883318709894e+00 +3.7847495629784700e-01 +1.7612117229846205e+00 
+3.6521014597981347e+00 +6.6666666666666666e-02 +1.7632823768487764e+00 

+3.6521014597981347e+00 +6.6666666666666666e-02 +1.7632823768487766e+00 
+3.6567145877252800e+00 +3.7847495629784700e-01 +1.7653524443954032e+00 
+3.6661359061533965e+00 +5.5485837703548635e-01 +1.7695782863683100e+00 
+3.6773369216127447e+00 +5.5485837703548635e-01 +1.7745992004743005e+00 
+3.6867582400408621e+00 +3.7847495629784700e-01 +1.7788196627856958e+00 
+3.6913713679680069e+00 +6.6666666666666666e-02 +1.7808853035418728e+00 

+3.6913713679680069e+00 +6.6666666666666666e-02 +1.7808853035418737e+00 
+3.6959844958951522e+00 +3.7847495629784700e-01 +1.7829503521272878e+00 
+3.7054058143232691e+00 +5.5485837703548635e-01 +1.7871659257781507e+00 
+3.7166068297826169e+00 +5.5485837703548635e-01 +1.7921746001273913e+00 
+3.7260281482107342e+00 +3.7847495629784700e-01 +1.7963847407432170e+00 
+3.7306412761378791e+00 +6.6666666666666666e-02 +1.7984453186184262e+00 

+3.7306412761378791e+00 +6.6666666666666666e-02 +1.7984453186184270e+00 
+3.7352544040650244e+00 +3.7847495629784700e-01 +1.8005052984839085e+00 
+3.7446757224931408e+00 +5.5485837703548635e-01 +1.8047105022356749e+00 
+3.7558767379524891e+00 +5.5485837703548635e-01 +1.8097068161408232e+00 
+3.7652980563806064e+00 +3.7847495629784700e-01 +1.8139065336149400e+00 
+3.7699111843077517e+00 +6.6666666666666666e-02 +1.8159619989581877e+00 

+3.7699111843077517e+00 +6.6666666666666666e-02 +1.8159619989581881e+00 
+3.7745243122348970e+00 +3.7847495629784700e-01 +1.8180168604671512e+00 
+3.7839456306630135e+00 +5.5485837703548635e-01 +1.8222115929926379e+00 
+3.7951466461223622e+00 +5.5485837703548635e-01 +1.8271954260641861e+00 
+3.8045679645504795e+00 +3.7847495629784700e-01 +1.8313846192016059e+00 
+3.8091810924776244e+00 +6.6666666666666666e-02 +1.8334349224850854e+00 

+3.8091810924776244e+00 +6.6666666666666666e-02 +1.8334349224850863e+00 
+3.8137942204047697e+00 +3.7847495629784700e-01 +1.8354846161242753e+00 
+3.8232155388328861e+00 +5.5485837703548635e-01 +1.8396687763486117e+00 
+3.8344165542922344e+00 +5.5485837703548635e-01 +1.8446400084977850e+00 
+3.8438378727203517e+00 +3.7847495629784700e-01 +1.8488185763571108e+00 
+3.8484510006474966e+00 +6.6666666666666666e-02 +1.8508636681774007e+00 

+3.8484510006474966e+00 +6.6666666666666666e-02 +1.8508636681774009e+00 
+3.8530641285746419e+00 +3.7847495629784700e-01 +1.8529081445580842e+00 
+3.8624854470027583e+00 +5.5485837703548635e-01 +1.8570816316611440e+00 
+3.8736864624621070e+00 +5.5485837703548635e-01 +1.8620401431027960e+00 
+3.8831077808902235e+00 +3.7847495629784700e-01 +1.8662079849986555e+00 
+3.8877209088173688e+00 +6.6666666666666666e-02 +1.8682478160779064e+00 

+3.8877209088173688e+00 +6.6666666666666666e-02 +1.8682478160779075e+00 
+3.8923340367445141e+00 +3.7847495629784700e-01 +1.8702870259370648e+00 
+3.9017553551726305e+00 +5.5485837703548635e-01 +1.8744497393558999e+00 
+3.9129563706319792e+00 +5.5485837703548635e-01 +1.8793954106113968e+00 
+3.9223776890600965e+00 +3.7847495629784700e-01 +1.8835524261168650e+00 
+3.9269908169872414e+00 +6.6666666666666666e-02 +1.8855869473039906e+00 

+3.9269908169872414e+00 +6.6666666666666666e-02 +1.8855869473039910e+00 
+3.9316039449143871e+00 +3.7847495629784700e-01 +1.8876208415055051e+00 
+3.9410252633425031e+00 +5.5485837703548635e-01 +1.8917726809367648e+00 
+3.9522262788018514e+00 +5.5485837703548635e-01 +1.8967053928368665e+00 
+3.9616475972299692e+00 +3.7847495629784700e-01 +1.9008514817858897e+00 
+3.9662607251571140e+00 +6.6666666666666666e-02 +1.9028806440577475e+00 

+3.9662607251571140e+00 +6.6666666666666666e-02 +1.9028806440577481e+00 
+3.9708738530842593e+00 +3.7847495629784700e-01 +1.9049091735935839e+00 
+3.9802951715123758e+00 +5.5485837703548635e-01 +1.9090500389959337e+00 
+3.9914961869717240e+00 +5.5485837703548635e-01 +1.9139696726836646e+00 
+4.0009175053998405e+00 +3.7847495629784700e-01 +1.9181047351734692e+00 
+4.0055306333269858e+00 +6.6666666666666666e-02 +1.9201284896360442e+00 

+4.0055306333269858e+00 +6.6666666666666666e-02 +1.9201284896360453e+00 
+4.0101437612541311e+00 +3.7847495629784700e-01 +1.9221516056274337e+00 
+4.0195650796822475e+00 +5.5485837703548635e-01 +1.9262813972239665e+00 
+4.0307660951415958e+00 +5.5485837703548635e-01 +1.9311878341574789e+00 
+4.0401874135697140e+00 +3.7847495629784700e-01 +1.9353117705509832e+00 
+4.0448005414968584e+00 +6.6666666666666666e-02 +1.9373300684405648e+00 

+4.0448005414968584e+00 +6.6666666666666666e-02 +1.9373300684405654e+00 
+4.0494136694240037e+00 +3.7847495629784700e-01 +1.9393477221391808e+00 
+4.0588349878521202e+00 +5.5485837703548635e-01 +1.9434663404198198e+00 
+4.0700360033114684e+00 +5.5485837703548635e-01 +1.9483594623752509e+00 
+4.0794573217395858e+00 +3.7847495629784700e-01 +1.9524721733034622e+00 
+4.0840704496667311e+00 +6.6666666666666666e-02 +1.9544849659878194e+00 

+4.0840704496667311e+00 +6.6666666666666666e-02 +1.9544849659878198e+00 
+4.0886835775938764e+00 +3.7847495629784700e-01 +1.9564971087769538e+00 
+4.0981048960219928e+00 +5.5485837703548635e-01 +1.9606044545008505e+00 
+4.1093059114813411e+00 +5.5485837703548635e-01 +1.9654841435751698e+00 
+4.1187272299094584e+00 +3.7847495629784700e-01 +1.9695855299395824e+00 
+4.1233403578366037e+00 +6.6666666666666666e-02 +1.9715927689191357e+00 

+4.1233403578366037e+00 +6.6666666666666666e-02 +1.9715927689191364e+00 
+4.1279534857637490e+00 +3.7847495629784700e-01 +1.9735993523148687e+00 
+4.1373748041918654e+00 +5.5485837703548635e-01 +1.9776953265127946e+00 
+4.1485758196512137e+00 +5.5485837703548635e-01 +1.9825614651266472e+00 
+4.1579971380793310e+00 +3.7847495629784700e-01 +1.9866514281016261e+00 
+4.1626102660064763e+00 +6.6666666666666666e-02 +1.9886530650106173e+00 

+4.1626102660064763e+00 +6.6666666666666666e-02 +1.9886530650106178e+00 
+4.1672233939336216e+00 +3.7847495629784700e-01 +1.9906540406629860e+00 
+4.1766447123617381e+00 +5.5485837703548635e-01 +1.9947385446397170e+00 
+4.1878457278210863e+00 +5.5485837703548635e-01 +1.9995910155402543e+00 
+4.1972670462492037e+00 +3.7847495629784700e-01 +2.0036694565754205e+00 
+4.2018801741763481e+00 +6.6666666666666666e-02 +2.0056654431830760e+00 

+4.2018801741763481e+00 +6.6666666666666666e-02 +2.0056654431830765e+00 
+4.2064933021034934e+00 +3.7847495629784700e-01 +2.0076607628772400e+00 
+4.2159146205316098e+00 +5.5485837703548635e-01 +2.0117336982139351e+00 
+4.2271156359909590e+00 +5.5485837703548635e-01 +2.0165723844776426e+00 
+4.2365369544190754e+00 +3.7847495629784700e-01 +2.0206392053002435e+00 
+4.2411500823462207e+00 +6.6666666666666666e-02 +2.0226294935119382e+00 

+4.2411500823462207e+00 +6.6666666666666666e-02 +2.0226294935119391e+00 
+4.2457632102733660e+00 +3.7847495629784700e-01 +2.0246191091693433e+00 
+4.2551845287014824e+00 +5.5485837703548635e-01 +2.0286803777259141e+00 
+4.2663855441608307e+00 +5.5485837703548635e-01 +2.0335051627614242e+00 
+4.2758068625889480e+00 +3.7847495629784700e-01 +2.0375602653787084e+00 
+4.2804199905160933e+00 +6.6666666666666666e-02 +2.0395448072371218e+00 

+4.2804199905160933e+00 +6.6666666666666666e-02 +2.0395448072371232e+00 
+4.2850331184432386e+00 +3.7847495629784700e-01 +2.0415286709166547e+00 
+4.2944544368713551e+00 +5.5485837703548635e-01 +2.0455781748341328e+00 
+4.3056554523307033e+00 +5.5485837703548635e-01 +2.0503889423850401e+00 
+4.3150767707588207e+00 +3.7847495629784700e-01 +2.0544322290866104e+00 
+4.3196898986859651e+00 +6.6666666666666666e-02 +2.0564109767728866e+00 

+4.3196898986859651e+00 +6.6666666666666666e-02 +2.0564109767728866e+00 
+4.3243030266131104e+00 +3.7847495629784700e-01 +2.0583890406720307e+00 
+4.3337243450412268e+00 +5.5485837703548635e-01 +2.0624266823749244e+00 
+4.3449253605005751e+00 +5.5485837703548635e-01 +2.0672233165225835e+00 
+4.3543466789286924e+00 +3.7847495629784700e-01 +2.0712546898827555e+00 
+4.3589598068558377e+00 +6.6666666666666666e-02 +2.0732275957176518e+00 

+4.3589598068558377e+00 +6.6666666666666666e-02 +2.0732275957176531e+00 
+4.3635729347829830e+00 +3.7847495629784700e-01 +2.0751998121736408e+00 
+4.3729942532110995e+00 +5.5485837703548635e-01 +2.0792254943722877e+00 
+4.3841952686704477e+00 +5.5485837703548635e-01 +2.0840078795386061e+00 
+4.3936165870985651e+00 +3.7847495629784700e-01 +2.0880272424187565e+00 
+4.3982297150257104e+00 +6.6666666666666666e-02 +2.0899942588637952e+00 

+4.3982297150257104e+00 +6.6666666666666666e-02 +2.0899942588637952e+00 
+4.4028428429528557e+00 +3.7847495629784700e-01 +2.0919605803547623e+00 
+4.4122641613809721e+00 +5.5485837703548635e-01 +2.0959742060476678e+00 
+4.4234651768403204e+00 +5.5485837703548635e-01 +2.1007422269978933e+00 
+4.4328864952684377e+00 +3.7847495629784700e-01 +2.1047494825487987e+00 
+4.4374996231955830e+00 +6.6666666666666666e-02 +2.1067105622074083e+00 

+4.4374996231955830e+00 +6.6666666666666666e-02 +2.1067105622074087e+00 
+4.4421127511227283e+00 +3.7847495629784700e-01 +2.1086709413535272e+00 
+4.4515340695508447e+00 +5.5485837703548635e-01 +2.1126724138297122e+00 
+4.4627350850101930e+00 +5.5485837703548635e-01 +2.1174259556752060e+00 
+4.4721564034383112e+00 +3.7847495629784700e-01 +2.1214210073393760e+00 
+4.4767695313654556e+00 +6.6666666666666666e-02 +2.1233761029580376e+00 

+4.4767695313654556e+00 +6.6666666666666666e-02 +2.1233761029580385e+00 
+4.4813826592926009e+00 +3.7847495629784700e-01 +2.1253304925226697e+00 
+4.4908039777207174e+00 +5.5485837703548635e-01 +2.1293197153639900e+00 
+4.5020049931800656e+00 +5.5485837703548635e-01 +2.1340586635649981e+00 
+4.5114263116081830e+00 +3.7847495629784700e-01 +2.1380414150790057e+00 
+4.5160394395353274e+00 +6.6666666666666666e-02 +2.1399904795483882e+00 

+4.5160394395353274e+00 +6.6666666666666666e-02 +2.1399904795483877e+00 
+4.5206525674624727e+00 +3.7847495629784700e-01 +2.1419388324392155e+00 
+4.5300738858905891e+00 +5.5485837703548635e-01 +2.1459157095226926e+00 
+4.5412749013499374e+00 +5.5485837703548635e-01 +2.1506399498911049e+00 
+4.5506962197780547e+00 +3.7847495629784700e-01 +2.1546103052879020e+00 
+4.5553093477052000e+00 +6.6666666666666666e-02 +2.1565532916440002e+00 

+4.5553093477052000e+00 +6.6666666666666666e-02 +2.1565532916440007e+00 
+4.5599224756323453e+00 +3.7847495629784700e-01 +2.1584955609141629e+00 
+4.5693437940604618e+00 +5.5485837703548635e-01 +2.1624599964142974e+00 
+4.5805448095198100e+00 +5.5485837703548635e-01 +2.1671694151163985e+00 
+4.5899661279479274e+00 +3.7847495629784700e-01 +2.1711272787276283e+00 
+4.5945792558750727e+00 +6.6666666666666666e-02 +2.1730641401528943e+00 

+4.5945792558750727e+00 +6.6666666666666666e-02 +2.1730641401528952e+00 
+4.5991923838022180e+00 +3.7847495629784700e-01 +2.1750002790021221e+00 
+4.6086137022303344e+00 +5.5485837703548635e-01 +2.1789521773932012e+00 
+4.6198147176896827e+00 +5.5485837703548635e-01 +2.1836466609524123e+00 
+4.6292360361178000e+00 +3.7847495629784700e-01 +2.1875919374107182e+00 
+4.6338491640449444e+00 +6.6666666666666666e-02 +2.1895226272351853e+00 

+4.6338491640449444e+00 +6.6666666666666666e-02 +2.1895226272351858e+00 
+4.6384622919720906e+00 +3.7847495629784700e-01 +2.1914525890109244e+00 
+4.6478836104002061e+00 +5.5485837703548635e-01 +2.1953918550693290e+00 
+4.6590846258595544e+00 +5.5485837703548635e-01 +2.2000712903689448e+00 
+4.6685059442876726e+00 +3.7847495629784700e-01 +2.2040038846102634e+00 
+4.6731190722148170e+00 +6.6666666666666666e-02 +2.2059283563126773e+00 

+4.6731190722148170e+00 +6.6666666666666666e-02 +2.2059283563126790e+00 
+4.6777322001419623e+00 +3.7847495629784700e-01 +2.2078520945112139e+00 
+4.6871535185700788e+00 +5.5485837703548635e-01 +2.2117786333177039e+00 
+4.6983545340294270e+00 +5.5485837703548635e-01 +2.2164429076036183e+00 
+4.7077758524575453e+00 +3.7847495629784700e-01 +2.2203627248694757e+00 
+4.7123889803846897e+00 +6.6666666666666666e-02 +2.2222809320784087e+00 

+4.7123889803846897e+00 +6.6666666666666666e-02 +2.2222809320784092e+00 
+4.7170021083118350e+00 +3.7847495629784700e-01 +2.2241984003459914e+00 
+4.7264234267399514e+00 +5.5485837703548635e-01 +2.2281121172880018e+00 
+4.7376244421992997e+00 +5.5485837703548635e-01 +2.2327611181714206e+00 
+4.7470457606274170e+00 +3.7847495629784700e-01 +2.2366680640112113e+00 
+4.7516588885545623e+00 +6.6666666666666666e-02 +2.2385799605061840e+00 

+4.7516588885545623e+00 +6.6666666666666666e-02 +2.2385799605061845e+00 
+4.7562720164817076e+00 +3.7847495629784700e-01 +2.2404911126401377e+00 
+4.7656933349098241e+00 +5.5485837703548635e-01 +2.2443919134140558e+00 
+4.7768943503691723e+00 +5.5485837703548635e-01 +2.2490255288742085e+00 
+4.7863156687972896e+00 +3.7847495629784700e-01 +2.2529195091474712e+00 
+4.7909287967244349e+00 +6.6666666666666666e-02 +2.2548250488600674e+00 

+4.7909287967244349e+00 +6.6666666666666666e-02 +2.2548250488600683e+00 
+4.7955419246515802e+00 +3.7847495629784700e-01 +2.2567298388099095e+00 
+4.8049632430796967e+00 +5.5485837703548635e-01 +2.2606176294233431e+00 
+4.8161642585390450e+00 +5.5485837703548635e-01 +2.2652357478101828e+00 
+4.8255855769671614e+00 +3.7847495629784700e-01 +2.2691166686888726e+00 
+4.8301987048943067e+00 +6.6666666666666666e-02 +2.2710158057038417e+00 

+4.8301987048943067e+00 +6.6666666666666666e-02 +2.2710158057038430e+00 
+4.8348118328214520e+00 +3.7847495629784700e-01 +2.2729141875723924e+00 
+4.8442331512495684e+00 +5.5485837703548635e-01 +2.2767888743464400e+00 
+4.8554341667089167e+00 +5.5485837703548635e-01 +2.2813913843833298e+00 
+4.8648554851370340e+00 +3.7847495629784700e-01 +2.2852591523540751e+00 
+4.8694686130641793e+00 +6.6666666666666666e-02 +2.2871518409104490e+00 

+4.8694686130641793e+00 +6.6666666666666666e-02 +2.2871518409104499e+00 
+4.8740817409913246e+00 +3.7847495629784700e-01 +2.2890437689549326e+00 
+4.8835030594194411e+00 +5.5485837703548635e-01 +2.2929052585264378e+00 
+4.8947040748787893e+00 +5.5485837703548635e-01 +2.2974920493128361e+00 
+4.9041253933069067e+00 +3.7847495629784700e-01 +2.3013465711791938e+00 
+4.9087385212340520e+00 +6.6666666666666666e-02 +2.3032327656713814e+00 

+4.9087385212340520e+00 +6.6666666666666666e-02 +2.3032327656713827e+00 
+4.9133516491611973e+00 +3.7847495629784700e-01 +2.3051181943045322e+00 
+4.9227729675893137e+00 +5.5485837703548635e-01 +2.3089663936283356e+00 
+4.9339739830486620e+00 +5.5485837703548635e-01 +2.3135373546424645e+00 
+4.9433953014767793e+00 +3.7847495629784700e-01 +2.3173785375271643e+00 
+4.9480084294039237e+00 +6.6666666666666666e-02 +2.3192581925060551e+00 

+4.9480084294039237e+00 +6.6666666666666666e-02 +2.3192581925060551e+00 
+4.9526215573310690e+00 +3.7847495629784700e-01 +2.3211370762972163e+00 
+4.9620428757591855e+00 +5.5485837703548635e-01 +2.3249718926483913e+00 
+4.9732438912185337e+00 +5.5485837703548635e-01 +2.3295269137499051e+00 
+4.9826652096466519e+00 +3.7847495629784700e-01 +2.3333546650970902e+00 
+4.9872783375737963e+00 +6.6666666666666666e-02 +2.3352277352711450e+00 

+4.9872783375737963e+00 +6.6666666666666666e-02 +2.3352277352711455e+00 
+4.9918914655009416e+00 +3.7847495629784700e-01 +2.3371000289473618e+00 
+5.0013127839290581e+00 +5.5485837703548635e-01 +2.3409213699234579e+00 
+5.0125137993884064e+00 +5.5485837703548635e-01 +2.3454603413560915e+00 
+5.0219351178165237e+00 +3.7847495629784700e-01 +2.3492745689335464e+00 
+5.0265482457436690e+00 +6.6666666666666666e-02 +2.3511410091698930e+00 

+5.0265482457436690e+00 +6.6666666666666666e-02 +2.3511410091698939e+00 
+5.0311613736708143e+00 +3.7847495629784700e-01 +2.3530066676170018e+00 
+5.0405826920989307e+00 +5.5485837703548635e-01 +2.3568144411402652e+00 
+5.0517837075582790e+00 +5.5485837703548635e-01 +2.3613372535344812e+00 
+5.0612050259863963e+00 +3.7847495629784700e-01 +2.3651378654358521e+00 
+5.0658181539135416e+00 +6.6666666666666666e-02 +2.3669976307613720e+00 

+5.0658181539135416e+00 +6.6666666666666666e-02 +2.3669976307613729e+00 
+5.0704312818406869e+00 +3.7847495629784700e-01 +2.3688566090250922e+00 
+5.0798526002688034e+00 +5.5485837703548635e-01 +2.3726507233446856e+00 
+5.0910536157281516e+00 +5.5485837703548635e-01 +2.3771572677203090e+00 
+5.1004749341562690e+00 +3.7847495629784700e-01 +2.3809441723673239e+00 
+5.1050880620834143e+00 +6.6666666666666666e-02 +2.3827972179697334e+00 

+5.1050880620834143e+00 +6.6666666666666666e-02 +2.3827972179697343e+00 
+5.1097011900105596e+00 +3.7847495629784700e-01 +2.3846494712567461e+00 
+5.1191225084386760e+00 +5.5485837703548635e-01 +2.3884298349509603e+00 
+5.1303235238980243e+00 +5.5485837703548635e-01 +2.3929200027198059e+00 
+5.1397448423261407e+00 +3.7847495629784700e-01 +2.3966931088644774e+00 
+5.1443579702532860e+00 +6.6666666666666666e-02 +2.3985393900934091e+00 

+5.1443579702532860e+00 +6.6666666666666666e-02 +2.3985393900934091e+00 
+5.1489710981804313e+00 +3.7847495629784700e-01 +2.4003848737724391e+00 
+5.1583924166085477e+00 +5.5485837703548635e-01 +2.4041513957508940e+00 
+5.1695934320678960e+00 +5.5485837703548635e-01 +2.4086250787193806e+00 
+5.1790147504960142e+00 +3.7847495629784700e-01 +2.4123842954462065e+00 
+5.1836278784231586e+00 +6.6666666666666666e-02 +2.4142237678142862e+00 

+5.1836278784231586e+00 +6.6666666666666666e-02 +2.4142237678142862e+00 
+5.1882410063503048e+00 +3.7847495629784700e-01 +2.4160624374171760e+00 
+5.1976623247784204e+00 +5.5485837703548635e-01 +2.4198150269230179e+00 
+5.2088633402377686e+00 +5.5485837703548635e-01 +2.4242721172947785e+00 
+5.2182846586658869e+00 +3.7847495629784700e-01 +2.4280173540229284e+00 
+5.2228977865930313e+00 +6.6666666666666666e-02 +2.4298499732068444e+00 

+5.2228977865930313e+00 +6.6666666666666666e-02 +2.4298499732068453e+00 
+5.2275109145201766e+00 +3.7847495629784700e-01 +2.4316817844296246e+00 
+5.2369322329482930e+00 +5.5485837703548635e-01 +2.4354203510417158e+00 
+5.2481332484076404e+00 +5.5485837703548635e-01 +2.4398607414201900e+00 
+5.2575545668357586e+00 +3.7847495629784700e-01 +2.4435919079056916e+00 
+5.2621676947629030e+00 +6.6666666666666666e-02 +2.4454176297472663e+00 

+5.2621676947629030e+00 +6.6666666666666666e-02 +2.4454176297472663e+00 
+5.2667808226900483e+00 +3.7847495629784700e-01 +2.4472425384512291e+00 
+5.2762021411181648e+00 +5.5485837703548635e-01 +2.4509669920863151e+00 
+5.2874031565775130e+00 +5.5485837703548635e-01 +2.4553905754773422e+00 
+5.2968244750056304e+00 +3.7847495629784700e-01 +2.4591075818152581e+00 
+5.3014376029327757e+00 +6.6666666666666666e-02 +2.4609263623225073e+00 

+5.3014376029327757e+00 +6.6666666666666666e-02 +2.4609263623225086e+00 
+5.3060507308599210e+00 +3.7847495629784700e-01 +2.4627443245352620e+00 
+5.3154720492880374e+00 +5.5485837703548635e-01 +2.4664545754501539e+00 
+5.3266730647473857e+00 +5.5485837703548635e-01 +2.4708612452645498e+00 
+5.3360943831755030e+00 +3.7847495629784700e-01 +2.4745640018911383e+00 
+5.3407075111026483e+00 +6.6666666666666666e-02 +2.4763757972393359e+00 

+5.3407075111026483e+00 +6.6666666666666666e-02 +2.4763757972393363e+00 
+5.3453206390297936e+00 +3.7847495629784700e-01 +2.4781867691558728e+00 
+5.3547419574579100e+00 +5.5485837703548635e-01 +2.4818827279496074e+00 
+5.3659429729172583e+00 +5.5485837703548635e-01 +2.4862723780057294e+00 
+5.3753642913453756e+00 +3.7847495629784700e-01 +2.4899607957006045e+00 
+5.3799774192725209e+00 +6.6666666666666666e-02 +2.4917655622333359e+00 

+5.3799774192725209e+00 +6.6666666666666666e-02 +2.4917655622333372e+00 
+5.3845905471996662e+00 +3.7847495629784700e-01 +2.4935695002170823e+00 
+5.3940118656277827e+00 +5.5485837703548635e-01 +2.4972510778330732e+00 
+5.4052128810871309e+00 +5.5485837703548635e-01 +2.5016236023593805e+00 
+5.4146341995152483e+00 +3.7847495629784700e-01 +2.5052975922476635e+00 
+5.4192473274423936e+00 +6.6666666666666666e-02 +2.5070952864778784e+00 

+5.4192473274423936e+00 +6.6666666666666666e-02 +2.5070952864778788e+00 
+5.4238604553695389e+00 +3.7847495629784700e-01 +2.5088921470617471e+00 
+5.4332817737976553e+00 +5.5485837703548635e-01 +2.5125592547899296e+00 
+5.4444827892570036e+00 +5.5485837703548635e-01 +2.5169145484275357e+00 
+5.4539041076851209e+00 +3.7847495629784700e-01 +2.5205740219819961e+00 
+5.4585172356122653e+00 +6.6666666666666666e-02 +2.5223646005930553e+00 

+5.4585172356122653e+00 +6.6666666666666666e-02 +2.5223646005930549e+00 
+5.4631303635394115e+00 +3.7847495629784700e-01 +2.5241543404804956e+00 
+5.4725516819675271e+00 +5.5485837703548635e-01 +2.5278068899594697e+00 
+5.4837526974268753e+00 +5.5485837703548635e-01 +2.5321448477646755e+00 
+5.4931740158549935e+00 +3.7847495629784700e-01 +2.5357897168078614e+00 
+5.4977871437821380e+00 +6.6666666666666666e-02 +2.5375731366545820e+00 

+5.4977871437821380e+00 +6.6666666666666666e-02 +2.5375731366545820e+00 
+5.5024002717092841e+00 +3.7847495629784700e-01 +2.5393557127206203e+00 
+5.5118215901373997e+00 +5.5485837703548635e-01 +2.5429936159397757e+00 
+5.5230226055967480e+00 +5.5485837703548635e-01 +2.5473141333866010e+00 
+5.5324439240248662e+00 +3.7847495629784700e-01 +2.5509443100929681e+00 
+5.5370570519520106e+00 +6.6666666666666666e-02 +2.5527205282026610e+00 

+5.5370570519520106e+00 +6.6666666666666666e-02 +2.5527205282026619e+00 
+5.5416701798791559e+00 +3.7847495629784700e-01 +2.5544958974949390e+00 
+5.5510914983072723e+00 +5.5485837703548635e-01 +2.5581190667965767e+00 
+5.5622925137666197e+00 +5.5485837703548635e-01 +2.5624220397792787e+00 
+5.5717138321947370e+00 +3.7847495629784700e-01 +2.5660374366773029e+00 
+5.5763269601218823e+00 +6.6666666666666666e-02 +2.5678064102508120e+00 

+5.5763269601218823e+00 +6.6666666666666666e-02 +2.5678064102508129e+00 
+5.5809400880490276e+00 +3.7847495629784700e-01 +2.5695745299906276e+00 
+5.5903614064771441e+00 +5.5485837703548635e-01 +2.5731828780720716e+00 
+5.6015624219364923e+00 +5.5485837703548635e-01 +2.5774682029076521e+00 
+5.6109837403646097e+00 +3.7847495629784700e-01 +2.5810687328819393e+00 
+5.6155968682917550e+00 +6.6666666666666666e-02 +2.5828304192946687e+00 

+5.6155968682917550e+00 +6.6666666666666666e-02 +2.5828304192946692e+00 
+5.6202099962189003e+00 +3.7847495629784700e-01 +2.5845912468779990e+00 
+5.6296313146470167e+00 +5.5485837703548635e-01 +2.5881846867937015e+00 
+5.6408323301063650e+00 +5.5485837703548635e-01 +2.5924522602244071e+00 
+5.6502536485344823e+00 +3.7847495629784700e-01 +2.5960378365177914e+00 
+5.6548667764616276e+00 +6.6666666666666666e-02 +2.5977921933207351e+00 

+5.6548667764616276e+00 +6.6666666666666666e-02 +2.5977921933207351e+00 
+5.6594799043887729e+00 +3.7847495629784700e-01 +2.5995456863192663e+00 
+5.6689012228168894e+00 +5.5485837703548635e-01 +2.6031241314829021e+00 
+5.6801022382762376e+00 +5.5485837703548635e-01 +2.6073738506787101e+00 
+5.6895235567043549e+00 +3.7847495629784700e-01 +2.6109443868943449e+00 
+5.6941366846315002e+00 +6.6666666666666666e-02 +2.6126913718151070e+00 

+5.6941366846315002e+00 +6.6666666666666666e-02 +2.6126913718151079e+00 
+5.6987498125586455e+00 +3.7847495629784700e-01 +2.6144374879772596e+00 
+5.7081711309867620e+00 +5.5485837703548635e-01 +2.6180008521638101e+00 
+5.7193721464461102e+00 +5.5485837703548635e-01 +2.6222326147249095e+00 
+5.7287934648742285e+00 +3.7847495629784700e-01 +2.6257880248283478e+00 
+5.7334065928013729e+00 +6.6666666666666666e-02 +2.6275275957721651e+00 

+5.7334065928013729e+00 +6.6666666666666666e-02 +2.6275275957721655e+00 
+5.7380197207285191e+00 +3.7847495629784700e-01 +2.6292662930241089e+00 
+5.7474410391566337e+00 +5.5485837703548635e-01 +2.6328144903719415e+00 
+5.7586420546159829e+00 +5.5485837703548635e-01 +2.6370281943311964e+00 
+5.7680633730441002e+00 +3.7847495629784700e-01 +2.6405683926524670e+00 
+5.7726765009712446e+00 +6.6666666666666666e-02 +2.6423005077032204e+00 

+5.7726765009712446e+00 +6.6666666666666666e-02 +2.6423005077032204e+00 
+5.7772896288983908e+00 +3.7847495629784700e-01 +2.6440317441498866e+00 
+5.7867109473265064e+00 +5.5485837703548635e-01 +2.6475646891628264e+00 
+5.7979119627858546e+00 +5.5485837703548635e-01 +2.6517602329882366e+00 
+5.8073332812139729e+00 +3.7847495629784700e-01 +2.6552851342239041e+00 
+5.8119464091411173e+00 +6.6666666666666666e-02 +2.6570097516451270e+00 

+5.8119464091411173e+00 +6.6666666666666666e-02 +2.6570097516451283e+00 
+5.8165595370682626e+00 +3.7847495629784700e-01 +2.6587334855712221e+00 
+5.8259808554963790e+00 +5.5485837703548635e-01 +2.6622510931206076e+00 
+5.8371818709557273e+00 +5.5485837703548635e-01 +2.6664283757177523e+00 
+5.8466031893838455e+00 +3.7847495629784700e-01 +2.6699378949329753e+00 
+5.8512163173109899e+00 +6.6666666666666666e-02 +2.6716549731688644e+00 

+5.8512163173109899e+00 +6.6666666666666666e-02 +2.6716549731688661e+00 
+5.8558294452381352e+00 +3.7847495629784700e-01 +2.6733711630398727e+00 
+5.8652507636662516e+00 +5.5485837703548635e-01 +2.6768733483666090e+00 
+5.8764517791255990e+00 +5.5485837703548635e-01 +2.6810322690810846e+00 
+5.8858730975537163e+00 +3.7847495629784700e-01 +2.6845263217116617e+00 
+5.8904862254808616e+00 +6.6666666666666666e-02 +2.6862358193880733e+00 

+5.8904862254808616e+00 +6.6666666666666666e-02 +2.6862358193880729e+00 
+5.8950993534080069e+00 +3.7847495629784700e-01 +2.6879444238512575e+00 
+5.9045206718361234e+00 +5.5485837703548635e-01 +2.6914311025678574e+00 
+5.9157216872954717e+00 +5.5485837703548635e-01 +2.6955715611877000e+00 
+5.9251430057235890e+00 +3.7847495629784700e-01 +2.6990500630421104e+00 
+5.9297561336507343e+00 +6.6666666666666666e-02 +2.7007519389675609e+00 

+5.9297561336507343e+00 +6.6666666666666666e-02 +2.7007519389675632e+00 
+5.9343692615778796e+00 +3.7847495629784700e-01 +2.7024529168529594e+00 
+5.9437905800059960e+00 +5.5485837703548635e-01 +2.7059240049455813e+00 
+5.9549915954653443e+00 +5.5485837703548635e-01 +2.7100459017036860e+00 
+5.9644129138934625e+00 +3.7847495629784700e-01 +2.7135087689651098e+00 
+5.9690260418206069e+00 +6.6666666666666666e-02 +2.7152029821317671e+00 

+5.9690260418206069e+00 +6.6666666666666666e-02 +2.7152029821317680e+00 
+5.9736391697477531e+00 +3.7847495629784700e-01 +2.7168962924531850e+00 
+5.9830604881758696e+00 +5.5485837703548635e-01 +2.7203517062836493e+00 
+5.9942615036352169e+00 +5.5485837703548635e-01 +2.7244549418601709e+00 
+6.0036828220633351e+00 +3.7847495629784700e-01 +2.7279020910885179e+00 
+6.0082959499904796e+00 +6.6666666666666666e-02 +2.7295886006731878e+00 

+6.0082959499904796e+00 +6.6666666666666666e-02 +2.7295886006731878e+00 
+6.0129090779176257e+00 +3.7847495629784700e-01 +2.7312742026291854e+00 
+6.0223303963457413e+00 +5.5485837703548635e-01 +2.7347138589369977e+00 
+6.0335314118050896e+00 +5.5485837703548635e-01 +2.7387983344617437e+00 
+6.0429527302332078e+00 +3.7847495629784700e-01 +2.7422296825956591e+00 
+6.0475658581603522e+00 +6.6666666666666666e-02 +2.7439084479607714e+00 

+6.0475658581603522e+00 +6.6666666666666666e-02 +2.7439084479607714e+00 
+6.0521789860874975e+00 +3.7847495629784700e-01 +2.7455863009356500e+00 
+6.0616003045156130e+00 +5.5485837703548635e-01 +2.7490101168400010e+00 
+6.0728013199749622e+00 +5.5485837703548635e-01 +2.7530757338948160e+00 
+6.0822226384030795e+00 +3.7847495629784700e-01 +2.7564911982536833e+00 
+6.0868357663302239e+00 +6.6666666666666666e-02 +2.7581621789482678e+00 

+6.0868357663302239e+00 +6.6666666666666666e-02 +2.7581621789482682e+00 
+6.0914488942573692e+00 +3.7847495629784700e-01 +2.7598322425130424e+00 
+6.1008702126854857e+00 +5.5485837703548635e-01 +2.7632401355148106e+00 
+6.1120712281448339e+00 +5.5485837703548635e-01 +2.7672867961359464e+00 
+6.1214925465729513e+00 +3.7847495629784700e-01 +2.7706862944218789e+00 
+6.1261056745000966e+00 +6.6666666666666666e-02 +2.7723494501825430e+00 

+6.1261056745000966e+00 +6.6666666666666666e-02 +2.7723494501825439e+00 
+6.1307188024272419e+00 +3.7847495629784700e-01 +2.7740116840959215e+00 
+6.1401401208553583e+00 +5.5485837703548635e-01 +2.7774035720796562e+00 
+6.1513411363147066e+00 +5.5485837703548635e-01 +2.7814311787601311e+00 
+6.1607624547428239e+00 +3.7847495629784700e-01 +2.7848146290599556e+00 
+6.1653755826699692e+00 +6.6666666666666666e-02 +2.7864699198118572e+00 

+6.1653755826699692e+00 +6.6666666666666666e-02 +2.7864699198118581e+00 
+6.1699887105971145e+00 +3.7847495629784700e-01 +2.7881242840212050e+00 
+6.1794100290252310e+00 +5.5485837703548635e-01 +2.7915000852571081e+00 
+6.1906110444845783e+00 +5.5485837703548635e-01 +2.7955085409490601e+00 
+6.2000323629126957e+00 +3.7847495629784700e-01 +2.7988758617362897e+00 
+6.2046454908398410e+00 +6.6666666666666666e-02 +2.8005232475940955e+00 

+6.2046454908398410e+00 +6.6666666666666666e-02 +2.8005232475940960e+00 
+6.2092586187669863e+00 +3.7847495629784700e-01 +2.8021697022364065e+00 
+6.2186799371951027e+00 +5.5485837703548635e-01 +2.8055293353823023e+00 
+6.2298809526544510e+00 +5.5485837703548635e-01 +2.8095185434993222e+00 
+6.2393022710825692e+00 +3.7847495629784700e-01 +2.8128696536361213e+00 
+6.2439153990097136e+00 +6.6666666666666666e-02 +2.8145090949049725e+00 

+6.2439153990097136e+00 +6.6666666666666666e-02 +2.8145090949049738e+00 
+6.2485285269368598e+00 +3.7847495629784700e-01 +2.8161476003078274e+00 
+6.2579498453649762e+00 +5.5485837703548635e-01 +2.8194909844111180e+00 
+6.2691508608243236e+00 +5.5485837703548635e-01 +2.8234608488305835e+00 
+6.2785721792524418e+00 +3.7847495629784700e-01 +2.8267956675697223e+00 
+6.2831853071795862e+00 +6.6666666666666666e-02 +2.8284271247461898e+00 


