+0.0000000000000000e+00 +1.0000000000000001e-01 +4.3214910668922404e-16 
+6.7808593190501294e-03 +5.4444444444444440e-01 +3.3904292535566773e-03 
+1.9634954084936207e-02 +7.1111111111111114e-01 +9.8174671858398052e-03 
+3.2489048850822287e-02 +5.4444444444444440e-01 +1.6244479772539872e-02 
+3.9269908169872414e-02 +1.0000000000000001e-01 +1.9634875231985371e-02 

+3.9269908169872414e-02 +1.0000000000000001e-01 +1.9634875231985281e-02 
+4.6050767488922548e-02 +5.4444444444444440e-01 +2.3025256585003723e-02 
+5.8904862254808621e-02 +7.1111111111111114e-01 +2.9452164999114433e-02 
+7.1758957020694708e-02 +5.4444444444444440e-01 +3.5878997377085727e-02 
+7.8539816339744828e-02 +1.0000000000000001e-01 +3.9269277348584944e-02 

+7.8539816339744828e-02 +1.0000000000000001e-01 +3.9269277348584555e-02 
+8.5320675658794962e-02 +5.4444444444444440e-01 +4.2659529107570676e-02 
+9.8174770424681035e-02 +7.1111111111111114e-01 +4.9086153142873366e-02 
+1.1102886519056711e-01 +5.4444444444444440e-01 +5.5512650453312620e-02 
+1.1780972450961724e-01 +1.0000000000000001e-01 +5.8902733245814159e-02 

+1.1780972450961724e-01 +1.0000000000000001e-01 +5.8902733245813299e-02 
+1.2459058382866738e-01 +5.4444444444444440e-01 +6.2292773720394351e-02 
+1.3744467859455345e-01 +7.1111111111111114e-01 +6.8718958523106125e-02 
+1.5029877336043954e-01 +5.4444444444444440e-01 +7.5144965915284037e-02 
+1.5707963267948966e-01 +1.0000000000000001e-01 +7.8534769842486613e-02 

+1.5707963267948966e-01 +1.0000000000000001e-01 +7.8534769842485072e-02 
+1.6386049199853980e-01 +5.4444444444444440e-01 +8.1924517347380377e-02 
+1.7671458676442586e-01 +7.1111111111111114e-01 +8.8350108074301756e-02 
+1.8956868153031192e-01 +5.4444444444444440e-01 +9.4775470709293652e-02 
+1.9634954084936207e-01 +1.0000000000000001e-01 +9.8164914091616276e-02 

+1.9634954084936207e-01 +1.0000000000000001e-01 +9.8164914091613917e-02 
+2.0313040016841219e-01 +5.4444444444444440e-01 +1.0155428694860122e-01 
+2.1598449493429828e-01 +7.1111111111111114e-01 +1.0797912877084755e-01 
+2.2883858970018436e-01 +5.4444444444444440e-01 +1.1440369182526477e-01 
+2.3561944901923448e-01 +1.0000000000000001e-01 +1.1779269299181329e-01 

+2.3561944901923448e-01 +1.0000000000000001e-01 +1.1779269299180983e-01 
+2.4240030833828463e-01 +5.4444444444444440e-01 +1.2118160953169514e-01 
+2.5525440310417069e-01 +7.1111111111111114e-01 +1.2760554763842696e-01 
+2.6810849787005675e-01 +5.4444444444444440e-01 +1.3402915630814718e-01 
+2.7488935718910690e-01 +1.0000000000000001e-01 +1.3741763359868370e-01 

+2.7488935718910690e-01 +1.0000000000000001e-01 +1.3741763359867906e-01 
+2.8167021650815699e-01 +5.4444444444444440e-01 +1.4080601216326266e-01 
+2.9452431127404310e-01 +7.1111111111111114e-01 +1.4722889176541631e-01 
+3.0737840603992922e-01 +5.4444444444444440e-01 +1.5365139126931388e-01 
+3.1415926535897931e-01 +1.0000000000000001e-01 +1.5703926303622276e-01 

+3.1415926535897931e-01 +1.0000000000000001e-01 +1.5703926303621668e-01 
+3.2094012467802946e-01 +5.4444444444444440e-01 +1.6042702198026271e-01 
+3.3379421944391552e-01 +7.1111111111111114e-01 +1.6684868831427974e-01 
+3.4664831420980158e-01 +5.4444444444444440e-01 +1.7326992389795492e-01 
+3.5342917352885173e-01 +1.0000000000000001e-01 +1.7665710850821187e-01 

+3.5342917352885173e-01 +1.0000000000000001e-01 +1.7665710850820418e-01 
+3.6021003284790187e-01 +5.4444444444444440e-01 +1.8004416620140620e-01 
+3.7306412761378793e-01 +7.1111111111111114e-01 +1.8646446453296281e-01 
+3.8591822237967399e-01 +5.4444444444444440e-01 +1.9288428147247097e-01 
+3.9269908169872414e-01 +1.0000000000000001e-01 +1.9627069730960847e-01 

+3.9269908169872414e-01 +1.0000000000000001e-01 +1.9627069730959892e-01 
+3.9947994101777429e-01 +5.4444444444444440e-01 +1.9965697213854827e-01 
+4.1233403578366035e-01 +7.1111111111111114e-01 +2.0607574776628335e-01 
+4.2518813054954646e-01 +5.4444444444444440e-01 +2.1249399137186295e-01 
+4.3196898986859655e-01 +1.0000000000000001e-01 +2.1587955683793827e-01 

+4.3196898986859655e-01 +1.0000000000000001e-01 +2.1587955683792678e-01 
+4.3874984918764670e-01 +5.4444444444444440e-01 +2.1926496720807748e-01 
+4.5160394395353276e-01 +7.1111111111111114e-01 +2.2568206546732084e-01 
+4.6445803871941882e-01 +5.4444444444444440e-01 +2.3209858108712106e-01 
+4.7123889803846897e-01 +1.0000000000000001e-01 +2.3548321460468088e-01 

+4.7123889803846897e-01 +1.0000000000000001e-01 +2.3548321460466720e-01 
+4.7801975735751912e-01 +5.4444444444444440e-01 +2.3886767894230423e-01 
+4.9087385212340517e-01 +7.1111111111111114e-01 +2.4528294520880267e-01 
+5.0372794688929123e-01 +5.4444444444444440e-01 +2.5169757823260930e-01 
+5.1050880620834138e-01 +1.0000000000000001e-01 +2.5508119824665737e-01 

+5.1050880620834138e-01 +1.0000000000000001e-01 +2.5508119824664127e-01 
+5.1728966552739153e-01 +5.4444444444444440e-01 +2.5846463500084360e-01 
+5.3014376029327759e-01 +7.1111111111111114e-01 +2.6487791469448713e-01 
+5.4299785505916365e-01 +5.4444444444444440e-01 +2.7129051055744891e-01 
+5.4977871437821380e-01 +1.0000000000000001e-01 +2.7467303553740879e-01 

+5.4977871437821380e-01 +1.0000000000000001e-01 +2.7467303553739009e-01 
+5.5655957369726394e-01 +5.4444444444444440e-01 +2.7805536318199803e-01 
+5.6941366846315000e-01 +7.1111111111111114e-01 +2.8446650177054456e-01 
+5.8226776322903606e-01 +5.4444444444444440e-01 +2.9087690595689636e-01 
+5.8904862254808621e-01 +1.0000000000000001e-01 +2.9425825439857800e-01 

+5.8904862254808621e-01 +1.0000000000000001e-01 +2.9425825439855657e-01 
+5.9582948186713636e-01 +5.4444444444444440e-01 +2.9763939143413459e-01 
+6.0868357663302242e-01 +7.1111111111111114e-01 +3.0404823443693318e-01 
+6.2153767139890859e-01 +5.4444444444444440e-01 +3.1045629248372020e-01 
+6.2831853071795862e-01 +1.0000000000000001e-01 +3.1383638291128269e-01 

+6.2831853071795862e-01 +1.0000000000000001e-01 +3.1383638291125837e-01 
+6.3509939003700877e-01 +5.4444444444444440e-01 +3.1721624786705971e-01 
+6.4795348480289483e-01 +7.1111111111111114e-01 +3.2362264085877318e-01 
+6.6080757956878089e-01 +5.4444444444444440e-01 +3.3002819835957220e-01 
+6.6758843888783104e-01 +1.0000000000000001e-01 +3.3340694932748760e-01 

+6.6758843888783104e-01 +1.0000000000000001e-01 +3.3340694932746012e-01 
+6.7436929820688118e-01 +5.4444444444444440e-01 +3.3678546076338939e-01 
+6.8722339297276724e-01 +7.1111111111111114e-01 +3.4318924937771528e-01 
+7.0007748773865330e-01 +5.4444444444444440e-01 +3.4959215198635546e-01 
+7.0685834705770345e-01 +1.0000000000000001e-01 +3.5296948208137052e-01 

+7.0685834705770345e-01 +1.0000000000000001e-01 +3.5296948208133977e-01 
+7.1363920637675360e-01 +5.4444444444444440e-01 +3.5634655858991576e-01 
+7.2649330114263966e-01 +7.1111111111111114e-01 +3.6274758852330580e-01 
+7.3934739590852572e-01 +5.4444444444444440e-01 +3.6914768195758790e-01 
+7.4612825522757587e-01 +1.0000000000000001e-01 +3.7252350980068666e-01 

+7.4612825522757587e-01 +1.0000000000000001e-01 +3.7252350980065235e-01 
+7.5290911454662601e-01 +5.4444444444444440e-01 +3.7589907000896938e-01 
+7.6576320931251207e-01 +7.1111111111111114e-01 +3.8229718702434728e-01 
+7.7861730407839813e-01 +5.4444444444444440e-01 +3.8869431706976065e-01 
+7.8539816339744828e-01 +1.0000000000000001e-01 +3.9206856131812501e-01 

+7.8539816339744828e-01 +1.0000000000000001e-01 +3.9206856131808704e-01 
+7.9217902271649843e-01 +5.4444444444444440e-01 +3.9544252388977541e-01 
+8.0503311748238449e-01 +7.1111111111111114e-01 +4.0183757382025403e-01 
+8.1788721224827055e-01 +5.4444444444444440e-01 +4.0823158633369305e-01 
+8.2466807156732069e-01 +1.0000000000000001e-01 +4.1160416568266206e-01 

+8.2466807156732069e-01 +1.0000000000000001e-01 +4.1160416568262015e-01 
+8.3144893088637084e-01 +5.4444444444444440e-01 +4.1497644931980682e-01 
+8.4430302565225690e-01 +7.1111111111111114e-01 +4.2136827807240212e-01 
+8.5715712041814307e-01 +5.4444444444444440e-01 +4.2775901898588015e-01 
+8.6393797973719311e-01 +1.0000000000000001e-01 +4.3112985217091027e-01 

+8.6393797973719311e-01 +1.0000000000000001e-01 +4.3112985217086441e-01 
+8.7071883905624325e-01 +5.4444444444444440e-01 +4.3450037561613081e-01 
+8.8357293382212931e-01 +7.1111111111111114e-01 +4.4088882917547528e-01 
+8.9642702858801537e-01 +5.4444444444444440e-01 +4.4727614449983694e-01 
+9.0320788790706552e-01 +1.0000000000000001e-01 +4.5064515029845953e-01 

+9.0320788790706552e-01 +1.0000000000000001e-01 +4.5064515029840940e-01 
+9.0998874722611567e-01 +5.4444444444444440e-01 +4.5401383233675019e-01 
+9.2284284199200173e-01 +7.1111111111111114e-01 +4.6039875676880393e-01 
+9.3569693675788779e-01 +5.4444444444444440e-01 +4.6678249259743587e-01 
+9.4247779607693793e-01 +1.0000000000000001e-01 +4.7014958983121419e-01 

+9.4247779607693793e-01 +1.0000000000000001e-01 +4.7014958983115973e-01 
+9.4925865539598808e-01 +5.4444444444444440e-01 +4.7351634929193953e-01 
+9.6211275016187414e-01 +7.1111111111111114e-01 +4.7989759074769933e-01 
+9.7496684492776020e-01 +5.4444444444444440e-01 +4.8627759326023845e-01 
+9.8174770424681035e-01 +1.0000000000000001e-01 +4.8964270079672401e-01 

+9.8174770424681035e-01 +1.0000000000000001e-01 +4.8964270079666478e-01 
+9.8852856356586050e-01 +5.4444444444444440e-01 +4.9300745655557421e-01 
+1.0013826583317464e+00 +7.1111111111111114e-01 +4.9938486127478021e-01 
+1.0142367530976326e+00 +5.4444444444444440e-01 +5.0576097674081999e-01 
+1.0210176124166828e+00 +1.0000000000000001e-01 +5.0912401349550762e-01 

+1.0210176124166828e+00 +1.0000000000000001e-01 +5.0912401349544378e-01 
+1.0277984717357329e+00 +5.4444444444444440e-01 +5.1248668447645340e-01 
+1.0406525665016191e+00 +7.1111111111111114e-01 +5.1886009879129502e-01 
+1.0535066612675050e+00 +5.4444444444444440e-01 +5.2523217357409024e-01 
+1.0602875205865552e+00 +1.0000000000000001e-01 +5.2859305851237104e-01 

+1.0602875205865552e+00 +1.0000000000000001e-01 +5.2859305851230209e-01 
+1.0670683799056053e+00 +5.4444444444444440e-01 +5.3195356368961721e-01 
+1.0799224746714913e+00 +7.1111111111111114e-01 +5.3832283402843517e-01 
+1.0927765694373774e+00 +5.4444444444444440e-01 +5.4469071458860319e-01 
+1.0995574287564276e+00 +1.0000000000000001e-01 +5.4804936672771853e-01 

+1.0995574287564276e+00 +1.0000000000000001e-01 +5.4804936672764448e-01 
+1.1063382880754777e+00 +5.4444444444444440e-01 +5.5140762512765606e-01 
+1.1191923828413639e+00 +7.1111111111111114e-01 +5.5777259801864298e-01 
+1.1320464776072499e+00 +5.4444444444444440e-01 +5.6413613091786430e-01 
+1.1388273369263000e+00 +1.0000000000000001e-01 +5.6749246932885522e-01 

+1.1388273369263000e+00 +1.0000000000000001e-01 +5.6749246932877573e-01 
+1.1456081962453502e+00 +5.4444444444444440e-01 +5.7084840003201376e-01 
+1.1584622910112361e+00 +7.1111111111111114e-01 +5.7720892210691155e-01 
+1.1713163857771223e+00 +5.4444444444444440e-01 +5.8356795401162564e-01 
+1.1780972450961724e+00 +1.0000000000000001e-01 +5.8692189782128534e-01 

+1.1780972450961724e+00 +1.0000000000000001e-01 +5.8692189782120041e-01 
+1.1848781044152226e+00 +5.4444444444444440e-01 +5.9027541996428046e-01 
+1.1977321991811087e+00 +7.1111111111111114e-01 +5.9663133796207724e-01 
+1.2105862939469947e+00 +5.4444444444444440e-01 +6.0298571564717884e-01 
+1.2173671532660448e+00 +1.0000000000000001e-01 +6.0633718403999881e-01 

+1.2173671532660448e+00 +1.0000000000000001e-01 +6.0633718403990811e-01 
+1.2241480125850948e+00 +5.4444444444444440e-01 +6.0968821681748331e-01 
+1.2370021073509809e+00 +7.1111111111111114e-01 +6.1603937758810490e-01 
+1.2498562021168671e+00 +5.4444444444444440e-01 +6.2238894794063448e-01 
+1.2566370614359172e+00 +1.0000000000000001e-01 +6.2573786016075417e-01 

+1.2566370614359172e+00 +1.0000000000000001e-01 +6.2573786016065758e-01 
+1.2634179207549674e+00 +5.4444444444444440e-01 +6.2908632282736265e-01 
+1.2762720155208536e+00 +7.1111111111111114e-01 +6.3543257333536374e-01 
+1.2891261102867395e+00 +5.4444444444444440e-01 +6.4177718335819867e-01 
+1.2959069696057897e+00 +1.0000000000000001e-01 +6.4512345871134880e-01 

+1.2959069696057897e+00 +1.0000000000000001e-01 +6.4512345871124599e-01 
+1.3026878289248398e+00 +5.4444444444444440e-01 +6.4846927058364523e-01 
+1.3155419236907258e+00 +7.1111111111111114e-01 +6.5481045791189640e-01 
+1.3283960184566119e+00 +5.4444444444444440e-01 +6.6114995472743554e-01 
+1.3351768777756621e+00 +1.0000000000000001e-01 +6.6449351258288503e-01 

+1.3351768777756621e+00 +1.0000000000000001e-01 +6.6449351258277600e-01 
+1.3419577370947122e+00 +5.4444444444444440e-01 +6.6783659304130538e-01 
+1.3548118318605984e+00 +7.1111111111111114e-01 +6.7417256439467832e-01 
+1.3676659266264843e+00 +5.4444444444444440e-01 +6.8050679524852720e-01 
+1.3744467859455345e+00 +1.0000000000000001e-01 +6.8384755504102457e-01 

+1.3744467859455345e+00 +1.0000000000000001e-01 +6.8384755504090922e-01 
+1.3812276452645846e+00 +5.4444444444444440e-01 +6.8718782353182073e-01 
+1.3940817400304706e+00 +7.1111111111111114e-01 +6.9351842624086868e-01 
+1.4069358347963568e+00 +5.4444444444444440e-01 +6.9984723850551922e-01 
+1.4137166941154069e+00 +1.0000000000000001e-01 +7.0318511973723441e-01 

+1.4137166941154069e+00 +1.0000000000000001e-01 +7.0318511973711240e-01 
+1.4204975534344570e+00 +5.4444444444444440e-01 +7.0652249577441373e-01 
+1.4333516482003432e+00 +7.1111111111111114e-01 +7.1284757729905157e-01 
+1.4462057429662292e+00 +5.4444444444444440e-01 +7.1917081847756081e-01 
+1.4529866022852793e+00 +1.0000000000000001e-01 +7.2250574072002394e-01 

+1.4529866022852793e+00 +1.0000000000000001e-01 +7.2250574071989482e-01 
+1.4597674616043295e+00 +5.4444444444444440e-01 +7.2584014388729012e-01 
+1.4726215563702154e+00 +7.1111111111111114e-01 +7.3215955182046921e-01 
+1.4854756511361016e+00 +5.4444444444444440e-01 +7.3847706955013259e-01 
+1.4922565104551517e+00 +1.0000000000000001e-01 +7.4180895244617362e-01 

+1.4922565104551517e+00 +1.0000000000000001e-01 +7.4180895244603773e-01 
+1.4990373697742019e+00 +5.4444444444444440e-01 +7.4514030239886286e-01 
+1.5118914645400880e+00 +7.1111111111111114e-01 +7.5145388447024375e-01 
+1.5247455593059740e+00 +5.4444444444444440e-01 +7.5776552652626761e-01 
+1.5315264186250241e+00 +1.0000000000000001e-01 +7.6109428979195026e-01 

+1.5315264186250241e+00 +1.0000000000000001e-01 +7.6109428979180715e-01 
+1.5383072779440743e+00 +5.4444444444444440e-01 +7.6442250625896879e-01 
+1.5511613727099602e+00 +7.1111111111111114e-01 +7.7073011033858951e-01 
+1.5640154674758464e+00 +5.4444444444444440e-01 +7.7703572463775805e-01 
+1.5707963267948966e+00 +1.0000000000000001e-01 +7.8036128806431670e-01 

+1.5707963267948966e+00 +1.0000000000000001e-01 +7.8036128806416638e-01 
+1.5775771861139467e+00 +5.4444444444444440e-01 +7.8368629085007391e-01 
+1.5904312808798329e+00 +7.1111111111111114e-01 +7.8998776495201672e-01 
+1.6032853756457188e+00 +5.4444444444444440e-01 +7.9628719955635696e-01 
+1.6100662349647690e+00 +1.0000000000000001e-01 +7.9960948301212764e-01 

+1.6100662349647690e+00 +1.0000000000000001e-01 +7.9960948301196977e-01 
+1.6168470942838191e+00 +5.4444444444444440e-01 +8.0293119199846819e-01 
+1.6297011890497051e+00 +7.1111111111111114e-01 +8.0922638428452121e-01 
+1.6425552838155912e+00 +5.4444444444444440e-01 +8.1551948740496438e-01 
+1.6493361431346414e+00 +1.0000000000000001e-01 +8.1883841083731634e-01 

+1.6493361431346414e+00 +1.0000000000000001e-01 +8.1883841083715081e-01 
+1.6561170024536915e+00 +5.4444444444444440e-01 +8.2215674598545174e-01 
+1.6689710972195777e+00 +7.1111111111111114e-01 +8.2844550476876722e-01 
+1.6818251919854637e+00 +5.4444444444444440e-01 +8.3473212476880554e-01 
+1.6886060513045138e+00 +1.0000000000000001e-01 +8.3804760820607027e-01 

+1.6886060513045138e+00 +1.0000000000000001e-01 +8.3804760820589697e-01 
+1.6953869106235637e+00 +5.4444444444444440e-01 +8.4136248955850701e-01 
+1.7082410053894499e+00 +7.1111111111111114e-01 +8.4764466330725685e-01 
+1.7210951001553361e+00 +5.4444444444444440e-01 +8.5392464870659757e-01 
+1.7278759594743862e+00 +1.0000000000000001e-01 +8.5723661225999548e-01 

+1.7278759594743862e+00 +1.0000000000000001e-01 +8.5723661225981407e-01 
+1.7346568187934364e+00 +5.4444444444444440e-01 +8.6054795994246081e-01 
+1.7475109135593225e+00 +7.1111111111111114e-01 +8.6682339728348812e-01 
+1.7603650083252087e+00 +5.4444444444444440e-01 +8.7309659676170426e-01 
+1.7671458676442586e+00 +1.0000000000000001e-01 +8.7640496062726903e-01 

+1.7671458676442586e+00 +1.0000000000000001e-01 +8.7640496062707940e-01 
+1.7739267269633088e+00 +5.4444444444444440e-01 +8.7971269485063719e-01 
+1.7867808217291947e+00 +7.1111111111111114e-01 +8.8598124457310290e-01 
+1.7996349164950809e+00 +5.4444444444444440e-01 +8.9224750697327770e-01 
+1.8064157758141310e+00 +1.0000000000000001e-01 +8.9555219143378095e-01 

+1.8064157758141310e+00 +1.0000000000000001e-01 +8.9555219143358289e-01 
+1.8131966351331812e+00 +5.4444444444444440e-01 +8.9885623249599444e-01 
+1.8260507298990674e+00 +7.1111111111111114e-01 +9.0511774355502106e-01 
+1.8389048246649533e+00 +5.4444444444444440e-01 +9.1137691788739217e-01 
+1.8456856839840035e+00 +1.0000000000000001e-01 +9.1467784331426283e-01 

+1.8456856839840035e+00 +1.0000000000000001e-01 +9.1467784331405633e-01 
+1.8524665433030536e+00 +5.4444444444444440e-01 +9.1797811160225318e-01 
+1.8653206380689396e+00 +7.1111111111111114e-01 +9.2423243312256509e-01 
+1.8781747328348257e+00 +5.4444444444444440e-01 +9.3048436856816141e-01 
+1.8849555921538759e+00 +1.0000000000000001e-01 +9.3378145542340429e-01 

+1.8849555921538759e+00 +1.0000000000000001e-01 +9.3378145542318880e-01 
+1.8917364514729260e+00 +5.4444444444444440e-01 +9.3707787141501109e-01 
+1.9045905462388122e+00 +7.1111111111111114e-01 +9.4332485269456900e-01 
+1.9174446410046981e+00 +5.4444444444444440e-01 +9.4956939860884548e-01 
+1.9242255003237483e+00 +1.0000000000000001e-01 +9.5286256744695896e-01 

+1.9242255003237483e+00 +1.0000000000000001e-01 +9.5286256744673481e-01 
+1.9310063596427984e+00 +5.4444444444444440e-01 +9.5615505171284498e-01 
+1.9438604544086844e+00 +7.1111111111111114e-01 +9.6239454222647747e-01 
+1.9567145491745705e+00 +5.4444444444444440e-01 +9.6863154814294461e-01 
+1.9634954084936207e+00 +1.0000000000000001e-01 +9.7192071961283411e-01 

+1.9634954084936207e+00 +1.0000000000000001e-01 +9.7192071961260096e-01 
+1.9702762678126708e+00 +5.4444444444444440e-01 +9.7520919281839979e-01 
+1.9831303625785568e+00 +7.1111111111111114e-01 +9.8144104222143080e-01 
+1.9959844573444427e+00 +5.4444444444444440e-01 +9.8767035785528023e-01 
+2.0027653166634929e+00 +1.0000000000000001e-01 +9.9095545270217000e-01 

+2.0027653166634929e+00 +1.0000000000000001e-01 +9.9095545270192720e-01 
+2.0095461759825430e+00 +5.4444444444444440e-01 +9.9423983560946494e-01 
+2.0224002707484292e+00 +7.1111111111111114e-01 +1.0004638937413357e+00 
+2.0352543655143154e+00 +5.4444444444444440e-01 +1.0066853689930615e+00 
+2.0420352248333655e+00 +1.0000000000000001e-01 +1.0099663080604064e+00 

+2.0420352248333655e+00 +1.0000000000000001e-01 +1.0099663080601549e+00 
+2.0488160841524157e+00 +5.4444444444444440e-01 +1.0132465215300388e+00 
+2.0616701789183018e+00 +7.1111111111111114e-01 +1.0194626384179268e+00 
+2.0745242736841880e+00 +5.4444444444444440e-01 +1.0256761233769431e+00 
+2.0813051330032382e+00 +1.0000000000000001e-01 +1.0289528276083313e+00 

+2.0813051330032382e+00 +1.0000000000000001e-01 +1.0289528276080697e+00 
+2.0880859923222883e+00 +5.4444444444444440e-01 +1.0322287926013747e+00 
+2.1009400870881745e+00 +7.1111111111111114e-01 +1.0384368184638064e+00 
+2.1137941818540602e+00 +5.4444444444444440e-01 +1.0446421634120573e+00 
+2.1205750411731104e+00 +1.0000000000000001e-01 +1.0479145538531209e+00 

+2.1205750411731104e+00 +1.0000000000000001e-01 +1.0479145538528500e+00 
+2.1273559004921605e+00 +5.4444444444444440e-01 +1.0511861914330178e+00 
+2.1402099952580462e+00 +7.1111111111111114e-01 +1.0573859766834794e+00 
+2.1530640900239324e+00 +5.4444444444444440e-01 +1.0635830320990496e+00 
+2.1598449493429825e+00 +1.0000000000000001e-01 +1.0668510298993625e+00 

+2.1598449493429825e+00 +1.0000000000000001e-01 +1.0668510298990819e+00 
+2.1666258086620327e+00 +5.4444444444444440e-01 +1.0701182612338291e+00 
+2.1794799034279189e+00 +7.1111111111111114e-01 +1.0763096564843686e+00 
+2.1923339981938050e+00 +5.4444444444444440e-01 +1.0824982730450836e+00 
+2.1991148575128552e+00 +1.0000000000000001e-01 +1.0857617994600648e+00 

+2.1991148575128552e+00 +1.0000000000000001e-01 +1.0857617994597739e+00 
+2.2058957168319053e+00 +5.4444444444444440e-01 +1.0890245458229875e+00 
+2.2187498115977915e+00 +7.1111111111111114e-01 +1.0952074018878160e+00 
+2.2316039063636777e+00 +5.4444444444444440e-01 +1.1013874304748406e+00 
+2.2383847656827278e+00 +1.0000000000000001e-01 +1.1046464068676494e+00 

+2.2383847656827278e+00 +1.0000000000000001e-01 +1.1046464068673483e+00 
+2.2451656250017780e+00 +5.4444444444444440e-01 +1.1079045896409827e+00 
+2.2580197197676641e+00 +7.1111111111111114e-01 +1.1140787575400686e+00 
+2.2708738145335499e+00 +5.4444444444444440e-01 +1.1202500492415020e+00 
+2.2776546738526000e+00 +1.0000000000000001e-01 +1.1235043970849332e+00 

+2.2776546738526000e+00 +1.0000000000000001e-01 +1.1235043970846219e+00 
+2.2844355331716502e+00 +5.4444444444444440e-01 +1.1267579377605952e+00 
+2.2972896279375359e+00 +7.1111111111111114e-01 +1.1329232687232544e+00 
+2.3101437227034221e+00 +5.4444444444444440e-01 +1.1390856748377163e+00 
+2.3169245820224722e+00 +1.0000000000000001e-01 +1.1423353157160927e+00 

+2.3169245820224722e+00 +1.0000000000000001e-01 +1.1423353157157712e+00 
+2.3237054413415223e+00 +5.4444444444444440e-01 +1.1455841358978560e+00 
+2.3365595361074085e+00 +7.1111111111111114e-01 +1.1517404813663357e+00 
+2.3494136308732947e+00 +5.4444444444444440e-01 +1.1578938534065490e+00 
+2.3561944901923448e+00 +1.0000000000000001e-01 +1.1611387090176117e+00 

+2.3561944901923448e+00 +1.0000000000000001e-01 +1.1611387090172791e+00 
+2.3629753495113950e+00 +5.4444444444444440e-01 +1.1643827304229917e+00 
+2.3758294442772812e+00 +7.1111111111111114e-01 +1.1705299420560509e+00 
+2.3886835390431673e+00 +5.4444444444444440e-01 +1.1766741317524212e+00 
+2.3954643983622175e+00 +1.0000000000000001e-01 +1.1799141239092157e+00 

+2.3954643983622175e+00 +1.0000000000000001e-01 +1.1799141239088726e+00 
+2.4022452576812676e+00 +5.4444444444444440e-01 +1.1831532683713573e+00 
+2.4150993524471538e+00 +7.1111111111111114e-01 +1.1892911980478407e+00 
+2.4279534472130395e+00 +5.4444444444444440e-01 +1.1954260573520290e+00 
+2.4347343065320897e+00 +1.0000000000000001e-01 +1.1986611079847869e+00 

+2.4347343065320897e+00 +1.0000000000000001e-01 +1.1986611079844320e+00 
+2.4415151658511394e+00 +5.4444444444444440e-01 +1.2018952974543486e+00 
+2.4543692606170255e+00 +7.1111111111111114e-01 +1.2080237972767562e+00 
+2.4672233553829122e+00 +5.4444444444444440e-01 +1.2141491783652447e+00 
+2.4740042147019619e+00 +1.0000000000000001e-01 +1.2173792095232687e+00 

+2.4740042147019619e+00 +1.0000000000000001e-01 +1.2173792095229032e+00 
+2.4807850740210120e+00 +5.4444444444444440e-01 +1.2206083660703031e+00 
+2.4936391687868982e+00 +7.1111111111111114e-01 +1.2267272883683535e+00 
+2.5064932635527843e+00 +5.4444444444444440e-01 +1.2328430436460087e+00 
+2.5132741228718345e+00 +1.0000000000000001e-01 +1.2360679774995482e+00 

+2.5132741228718345e+00 +1.0000000000000001e-01 +1.2360679774991707e+00 
+2.5200549821908851e+00 +5.4444444444444440e-01 +1.2392920233153797e+00 
+2.5329090769567708e+00 +7.1111111111111114e-01 +1.2454012206495675e+00 
+2.5457631717226570e+00 +5.4444444444444440e-01 +1.2515072027531955e+00 
+2.5525440310417071e+00 +1.0000000000000001e-01 +1.2547269615953240e+00 

+2.5525440310417071e+00 +1.0000000000000001e-01 +1.2547269615949355e+00 
+2.5593248903607573e+00 +5.4444444444444440e-01 +1.2579458189944224e+00 
+2.5721789851266434e+00 +7.1111111111111114e-01 +1.2640451441595721e+00 
+2.5850330798925292e+00 +5.4444444444444440e-01 +1.2701412059614707e+00 
+2.5918139392115793e+00 +1.0000000000000001e-01 +1.2733557122099564e+00 

+2.5918139392115793e+00 +1.0000000000000001e-01 +1.2733557122095562e+00 
+2.5985947985306295e+00 +5.4444444444444440e-01 +1.2765693036318104e+00 
+2.6114488932965152e+00 +7.1111111111111114e-01 +1.2826586096606236e+00 
+2.6243029880624014e+00 +5.4444444444444440e-01 +1.2887446042721271e+00 
+2.6310838473814515e+00 +1.0000000000000001e-01 +1.2919537804713022e+00 

+2.6310838473814515e+00 +1.0000000000000001e-01 +1.2919537804708909e+00 
+2.6378647067005017e+00 +5.4444444444444440e-01 +1.2951620284822885e+00 
+2.6507188014663878e+00 +7.1111111111111114e-01 +1.3012411686488836e+00 
+2.6635728962322740e+00 +5.4444444444444440e-01 +1.3073169494239019e+00 
+2.6703537555513241e+00 +1.0000000000000001e-01 +1.3105207182465302e+00 

+2.6703537555513241e+00 +1.0000000000000001e-01 +1.3105207182461061e+00 
+2.6771346148703743e+00 +5.4444444444444440e-01 +1.3137235455417777e+00 
+2.6899887096362605e+00 +7.1111111111111114e-01 +1.3197923733652273e+00 
+2.7028428044021466e+00 +5.4444444444444440e-01 +1.3258577939037786e+00 
+2.7096236637211968e+00 +1.0000000000000001e-01 +1.3290560781529193e+00 

+2.7096236637211968e+00 +1.0000000000000001e-01 +1.3290560781524836e+00 
+2.7164045230402469e+00 +5.4444444444444440e-01 +1.3322534075581718e+00 
+2.7292586178061331e+00 +7.1111111111111114e-01 +1.3383117768060306e+00 
+2.7421127125720188e+00 +5.4444444444444440e-01 +1.3443666909577714e+00 
+2.7488935718910690e+00 +1.0000000000000001e-01 +1.3475594135686353e+00 

+2.7488935718910690e+00 +1.0000000000000001e-01 +1.3475594135681872e+00 
+2.7556744312101191e+00 +5.4444444444444440e-01 +1.3507511680421147e+00 
+2.7685285259760049e+00 +7.1111111111111114e-01 +1.3567989327339440e+00 
+2.7813826207418910e+00 +5.4444444444444440e-01 +1.3628431946016870e+00 
+2.7881634800609412e+00 +1.0000000000000001e-01 +1.3660302786435001e+00 

+2.7881634800609412e+00 +1.0000000000000001e-01 +1.3660302786430394e+00 
+2.7949443393799913e+00 +5.4444444444444440e-01 +1.3692163812777576e+00 
+2.8077984341458775e+00 +7.1111111111111114e-01 +1.3752533956886419e+00 
+2.8206525289117637e+00 +5.4444444444444440e-01 +1.3812868596318761e+00 
+2.8274333882308138e+00 +1.0000000000000001e-01 +1.3844682283097274e+00 

+2.8274333882308138e+00 +1.0000000000000001e-01 +1.3844682283092546e+00 
+2.8342142475498640e+00 +5.4444444444444440e-01 +1.3876486023334988e+00 
+2.8470683423157501e+00 +7.1111111111111114e-01 +1.3936747209975586e+00 
+2.8599224370816363e+00 +5.4444444444444440e-01 +1.3996972416359548e+00 
+2.8667032964006864e+00 +1.0000000000000001e-01 +1.4028728182926478e+00 

+2.8667032964006864e+00 +1.0000000000000001e-01 +1.4028728182921624e+00 
+2.8734841557197366e+00 +5.4444444444444440e-01 +1.4060473870727055e+00 
+2.8863382504856228e+00 +7.1111111111111114e-01 +1.4120624647866014e+00 
+2.8991923452515085e+00 +5.4444444444444440e-01 +1.4180738970035169e+00 
+2.9059732045705586e+00 +1.0000000000000001e-01 +1.4212436051214197e+00 

+2.9059732045705586e+00 +1.0000000000000001e-01 +1.4212436051209210e+00 
+2.9127540638896088e+00 +5.4444444444444440e-01 +1.4244122921644156e+00 
+2.9256081586554945e+00 +7.1111111111111114e-01 +1.4304161839908467e+00 
+2.9384622534213807e+00 +5.4444444444444440e-01 +1.4364163829368217e+00 
+2.9452431127404308e+00 +1.0000000000000001e-01 +1.4395801461397078e+00 

+2.9452431127404308e+00 +1.0000000000000001e-01 +1.4395801461391964e+00 
+2.9520239720594810e+00 +5.4444444444444440e-01 +1.4427428750940190e+00 
+2.9648780668253671e+00 +7.1111111111111114e-01 +1.4487354363652167e+00 
+2.9777321615912533e+00 +5.4444444444444440e-01 +1.4547242574614647e+00 
+2.9845130209103035e+00 +1.0000000000000001e-01 +1.4578819995163539e+00 

+2.9845130209103035e+00 +1.0000000000000001e-01 +1.4578819995158299e+00 
+2.9912938802293536e+00 +5.4444444444444440e-01 +1.4610386941739220e+00 
+3.0041479749952398e+00 +7.1111111111111114e-01 +1.4670197804951344e+00 
+3.0170020697611259e+00 +5.4444444444444440e-01 +1.4729970794370251e+00 
+3.0237829290801761e+00 +1.0000000000000001e-01 +1.4761487242560218e+00 

+3.0237829290801761e+00 +1.0000000000000001e-01 +1.4761487242554845e+00 
+3.0305637883992262e+00 +5.4444444444444440e-01 +1.4792993085541870e+00 
+3.0434178831651124e+00 +7.1111111111111114e-01 +1.4852687758071585e+00 
+3.0562719779309981e+00 +5.4444444444444440e-01 +1.4912344085676967e+00 
+3.0630528372500483e+00 +1.0000000000000001e-01 +1.4943798802098212e+00 

+3.0630528372500483e+00 +1.0000000000000001e-01 +1.4943798802092703e+00 
+3.0698336965690984e+00 +5.4444444444444440e-01 +1.4975242782331590e+00 
+3.0826877913349842e+00 +7.1111111111111114e-01 +1.5034819825796040e+00 
+3.0955418861008703e+00 +5.4444444444444440e-01 +1.5094358054128980e+00 
+3.1023227454199205e+00 +1.0000000000000001e-01 +1.5125750280859185e+00 

+3.1023227454199205e+00 +1.0000000000000001e-01 +1.5125750280853536e+00 
+3.1091036047389706e+00 +5.4444444444444440e-01 +1.5157131640680661e+00 
+3.1219576995048568e+00 +7.1111111111111114e-01 +1.5216589619531329e+00 
+3.1348117942707430e+00 +5.4444444444444440e-01 +1.5276008313978586e+00 
+3.1415926535897931e+00 +1.0000000000000001e-01 +1.5307337294601164e+00 

+3.1415926535897931e+00 +1.0000000000000001e-01 +1.5307337294595380e+00 
+3.1483735129088433e+00 +5.4444444444444440e-01 +1.5338655277855979e+00 
+3.1612276076747294e+00 +7.1111111111111114e-01 +1.5397992759413304e+00 
+3.1740817024406156e+00 +5.4444444444444440e-01 +1.5457290488241902e+00 
+3.1808625617596658e+00 +1.0000000000000001e-01 +1.5488555467864200e+00 

+3.1808625617596658e+00 +1.0000000000000001e-01 +1.5488555467858283e+00 
+3.1876434210787159e+00 +5.4444444444444440e-01 +1.5519809319924716e+00 
+3.2004975158446021e+00 +7.1111111111111114e-01 +1.5579024874412584e+00 
+3.2133516106104878e+00 +5.4444444444444440e-01 +1.5638200208804283e+00 
+3.2201324699295379e+00 +1.0000000000000001e-01 +1.5669400434075822e+00 

+3.2201324699295379e+00 +1.0000000000000001e-01 +1.5669400434069765e+00 
+3.2269133292485881e+00 +5.4444444444444440e-01 +1.5700589401859668e+00 
+3.2397674240144738e+00 +7.1111111111111114e-01 +1.5759681602439892e+00 
+3.2526215187803600e+00 +5.4444444444444440e-01 +1.5818733116525627e+00 
+3.2594023780994101e+00 +1.0000000000000001e-01 +1.5849867835656215e+00 

+3.2594023780994101e+00 +1.0000000000000001e-01 +1.5849867835650013e+00 
+3.2661832374184603e+00 +5.4444444444444440e-01 +1.5880991167644456e+00 
+3.2790373321843465e+00 +7.1111111111111114e-01 +1.5939958590451135e+00 
+3.2918914269502322e+00 +5.4444444444444440e-01 +1.5998884861345375e+00 
+3.2986722862692828e+00 +1.0000000000000001e-01 +1.6029953324123236e+00 

+3.2986722862692828e+00 +1.0000000000000001e-01 +1.6029953324116890e+00 
+3.3054531455883329e+00 +5.4444444444444440e-01 +1.6061010270378480e+00 
+3.3183072403542191e+00 +7.1111111111111114e-01 +1.6119851494552322e+00 
+3.3311613351201053e+00 +5.4444444444444440e-01 +1.6178651102387354e+00 
+3.3379421944391554e+00 +1.0000000000000001e-01 +1.6209652560197203e+00 

+3.3379421944391554e+00 +1.0000000000000001e-01 +1.6209652560190722e+00 
+3.3447230537582051e+00 +5.4444444444444440e-01 +1.6240642372381655e+00 
+3.3575771485240917e+00 +7.1111111111111114e-01 +1.6299355980104202e+00 
+3.3704312432899775e+00 +5.4444444444444440e-01 +1.6358027508064352e+00 
+3.3772121026090276e+00 +1.0000000000000001e-01 +1.6388961213905429e+00 

+3.3772121026090276e+00 +1.0000000000000001e-01 +1.6388961213898801e+00 
+3.3839929619280777e+00 +5.4444444444444440e-01 +1.6419883145298946e+00 
+3.3968470566939635e+00 +7.1111111111111114e-01 +1.6478467721826744e+00 
+3.4097011514598501e+00 +5.4444444444444440e-01 +1.6537009756182497e+00 
+3.4164820107788998e+00 +1.0000000000000001e-01 +1.6567874964686575e+00 

+3.4164820107788998e+00 +1.0000000000000001e-01 +1.6567874964679801e+00 
+3.4232628700979504e+00 +5.4444444444444440e-01 +1.6598728270204646e+00 
+3.4361169648638361e+00 +7.1111111111111114e-01 +1.6657182403903341e+00 
+3.4489710596297227e+00 +5.4444444444444440e-01 +1.6715593534045419e+00 
+3.4557519189487724e+00 +1.0000000000000001e-01 +1.6746389501494763e+00 

+3.4557519189487724e+00 +1.0000000000000001e-01 +1.6746389501487844e+00 
+3.4625327782678230e+00 +5.4444444444444440e-01 +1.6777173437706441e+00 
+3.4753868730337087e+00 +7.1111111111111114e-01 +1.6835495720084785e+00 
+3.4882409677995945e+00 +5.4444444444444440e-01 +1.6893774538558139e+00 
+3.4950218271186451e+00 +1.0000000000000001e-01 +1.6924500522903418e+00 

+3.4950218271186451e+00 +1.0000000000000001e-01 +1.6924500522896353e+00 
+3.5018026864376948e+00 +5.4444444444444440e-01 +1.6955214348049283e+00 
+3.5146567812035814e+00 +7.1111111111111114e-01 +1.7013403373793061e+00 
+3.5275108759694671e+00 +5.4444444444444440e-01 +1.7071548476330769e+00 
+3.5342917352885173e+00 +1.0000000000000001e-01 +1.7102203737208947e+00 

+3.5342917352885173e+00 +1.0000000000000001e-01 +1.7102203737201729e+00 
+3.5410725946075674e+00 +5.4444444444444440e-01 +1.7132846711218945e+00 
+3.5539266893734531e+00 +7.1111111111111114e-01 +1.7190901078224861e+00 
+3.5667807841393397e+00 +5.4444444444444440e-01 +1.7248911063781986e+00 
+3.5735616434583894e+00 +1.0000000000000001e-01 +1.7279494862534148e+00 

+3.5735616434583894e+00 +1.0000000000000001e-01 +1.7279494862526787e+00 
+3.5803425027774396e+00 +5.4444444444444440e-01 +1.7310066247045426e+00 
+3.5931965975433258e+00 +7.1111111111111114e-01 +1.7367984556454874e+00 
+3.6060506923092119e+00 +5.4444444444444440e-01 +1.7425858027242214e+00 
+3.6128315516282621e+00 +1.0000000000000001e-01 +1.7456369626931374e+00 

+3.6128315516282621e+00 +1.0000000000000001e-01 +1.7456369626923853e+00 
+3.6196124109473122e+00 +5.4444444444444440e-01 +1.7486868685306074e+00 
+3.6324665057131984e+00 +7.1111111111111114e-01 +1.7544649541538841e+00 
+3.6453206004790846e+00 +5.4444444444444440e-01 +1.7602385103056595e+00 
+3.6521014597981347e+00 +1.0000000000000001e-01 +1.7632823768485466e+00 

+3.6521014597981347e+00 +1.0000000000000001e-01 +1.7632823768477794e+00 
+3.6588823191171849e+00 +5.4444444444444440e-01 +1.7663249765828479e+00 
+3.6717364138830710e+00 +7.1111111111111114e-01 +1.7720891776616383e+00 
+3.6845905086489568e+00 +5.4444444444444440e-01 +1.7778488037687779e+00 
+3.6913713679680069e+00 +1.0000000000000001e-01 +1.7808853035416452e+00 

+3.6913713679680069e+00 +1.0000000000000001e-01 +1.7808853035408627e+00 
+3.6981522272870571e+00 +5.4444444444444440e-01 +1.7839205238593130e+00 
+3.7110063220529428e+00 +7.1111111111111114e-01 +1.7896707015013558e+00 
+3.7238604168188290e+00 +5.4444444444444440e-01 +1.7954162587818350e+00 
+3.7306412761378791e+00 +1.0000000000000001e-01 +1.7984453186182003e+00 

+3.7306412761378791e+00 +1.0000000000000001e-01 +1.7984453186174021e+00 
+3.7374221354569293e+00 +5.4444444444444440e-01 +1.8014730863835806e+00 
+3.7502762302228154e+00 +7.1111111111111114e-01 +1.8072091020345196e+00 
+3.7631303249887016e+00 +5.4444444444444440e-01 +1.8129404520453123e+00 
+3.7699111843077517e+00 +1.0000000000000001e-01 +1.8159619989579630e+00 

+3.7699111843077517e+00 +1.0000000000000001e-01 +1.8159619989571496e+00 
+3.7766920436268019e+00 +5.4444444444444440e-01 +1.8189822412149765e+00 
+3.7895461383926881e+00 +7.1111111111111114e-01 +1.8247039566616967e+00 
+3.8024002331585742e+00 +5.4444444444444440e-01 +1.8304209613021105e+00 
+3.8091810924776244e+00 +1.0000000000000001e-01 +1.8334349224848627e+00 

+3.8091810924776244e+00 +1.0000000000000001e-01 +1.8334349224840338e+00 
+3.8159619517966745e+00 +5.4444444444444440e-01 +1.8364475664587625e+00 
+3.8288160465625607e+00 +7.1111111111111114e-01 +1.8421548438327224e+00 
+3.8416701413284464e+00 +5.4444444444444440e-01 +1.8478573653477259e+00 
+3.8484510006474966e+00 +1.0000000000000001e-01 +1.8508636681771795e+00 

+3.8484510006474966e+00 +1.0000000000000001e-01 +1.8508636681763349e+00 
+3.8552318599665467e+00 +5.4444444444444440e-01 +1.8538686412763039e+00 
+3.8680859547324324e+00 +7.1111111111111114e-01 +1.8595613430568576e+00 
+3.8809400494983186e+00 +5.4444444444444440e-01 +1.8652492440403998e+00 
+3.8877209088173688e+00 +1.0000000000000001e-01 +1.8682478160776872e+00 

+3.8877209088173688e+00 +1.0000000000000001e-01 +1.8682478160768270e+00 
+3.8945017681364189e+00 +5.4444444444444440e-01 +1.8712450458952099e+00 
+3.9073558629023051e+00 +7.1111111111111114e-01 +1.8769230349129191e+00 
+3.9202099576681912e+00 +5.4444444444444440e-01 +1.8825961783112408e+00 
+3.9269908169872414e+00 +1.0000000000000001e-01 +1.8855869473037739e+00 

+3.9269908169872414e+00 +1.0000000000000001e-01 +1.8855869473028966e+00 
+3.9337716763062915e+00 +5.4444444444444440e-01 +1.8885763616194478e+00 
+3.9466257710721777e+00 +7.1111111111111114e-01 +1.8942395010593880e+00 
+3.9594798658380639e+00 +5.4444444444444440e-01 +1.8998977501743228e+00 
+3.9662607251571140e+00 +1.0000000000000001e-01 +1.9028806440575332e+00 

+3.9662607251571140e+00 +1.0000000000000001e-01 +1.9028806440566397e+00 
+3.9730415844761642e+00 +5.4444444444444440e-01 +1.9058621708394292e+00 
+3.9858956792420499e+00 +7.1111111111111114e-01 +1.9115103242444882e+00 
+3.9987497740079356e+00 +5.4444444444444440e-01 +1.9171535427367594e+00 
+4.0055306333269858e+00 +1.0000000000000001e-01 +1.9201284896358319e+00 

+4.0055306333269858e+00 +1.0000000000000001e-01 +1.9201284896349229e+00 
+4.0123114926460355e+00 +5.4444444444444440e-01 +1.9231020570420798e+00 
+4.0251655874119221e+00 +7.1111111111111114e-01 +1.9287350883162422e+00 
+4.0380196821778078e+00 +5.4444444444444440e-01 +1.9343631402087438e+00 
+4.0448005414968584e+00 +1.0000000000000001e-01 +1.9373300684403545e+00 

+4.0448005414968584e+00 +1.0000000000000001e-01 +1.9373300684394286e+00 
+4.0515814008159081e+00 +5.4444444444444440e-01 +1.9402956048208686e+00 
+4.0644354955817947e+00 +7.1111111111111114e-01 +1.9459133782324964e+00 
+4.0772895903476805e+00 +5.4444444444444440e-01 +1.9515261279135727e+00 
+4.0840704496667311e+00 +1.0000000000000001e-01 +1.9544849659876116e+00 

+4.0840704496667311e+00 +1.0000000000000001e-01 +1.9544849659866701e+00 
+4.0908513089857808e+00 +5.4444444444444440e-01 +1.9574423998858188e+00 
+4.1037054037516674e+00 +7.1111111111111114e-01 +1.9630447800709232e+00 
+4.1165594985175531e+00 +5.4444444444444440e-01 +1.9686420922976362e+00 
+4.1233403578366037e+00 +1.0000000000000001e-01 +1.9715927689189305e+00 

+4.1233403578366037e+00 +1.0000000000000001e-01 +1.9715927689179720e+00 
+4.1301212171556543e+00 +5.4444444444444440e-01 +1.9745420290734932e+00 
+4.1429753119215400e+00 +7.1111111111111114e-01 +1.9801288810389952e+00 
+4.1558294066874257e+00 +5.4444444444444440e-01 +1.9857106209403812e+00 
+4.1626102660064763e+00 +1.0000000000000001e-01 +1.9886530650104139e+00 

+4.1626102660064763e+00 +1.0000000000000001e-01 +1.9886530650094387e+00 
+4.1693911253255260e+00 +5.4444444444444440e-01 +1.9915940803569463e+00 
+4.1822452200914118e+00 +7.1111111111111114e-01 +1.9971652694839295e+00 
+4.1950993148572984e+00 +5.4444444444444440e-01 +2.0027313025642512e+00 
+4.2018801741763481e+00 +1.0000000000000001e-01 +2.0056654431828753e+00 

+4.2018801741763481e+00 +1.0000000000000001e-01 +2.0056654431818832e+00 
+4.2086610334953978e+00 +5.4444444444444440e-01 +2.0085981428556536e+00 
+4.2215151282612844e+00 +7.1111111111111114e-01 +2.0141535349026105e+00 
+4.2343692230271701e+00 +5.4444444444444440e-01 +2.0197037270445963e+00 
+4.2411500823462207e+00 +1.0000000000000001e-01 +2.0226294935117406e+00 

+4.2411500823462207e+00 +1.0000000000000001e-01 +2.0226294935107316e+00 
+4.2479309416652704e+00 +5.4444444444444440e-01 +2.0255538068454153e+00 
+4.2607850364311570e+00 +7.1111111111111114e-01 +2.0310932679514759e+00 
+4.2736391311970428e+00 +5.4444444444444440e-01 +2.0366274854195527e+00 
+4.2804199905160933e+00 +1.0000000000000001e-01 +2.0395448072369269e+00 

+4.2804199905160933e+00 +1.0000000000000001e-01 +2.0395448072359010e+00 
+4.2872008498351430e+00 +5.4444444444444440e-01 +2.0424606637682232e+00 
+4.3000549446010297e+00 +7.1111111111111114e-01 +2.0479840604563853e+00 
+4.3129090393669154e+00 +5.4444444444444440e-01 +2.0535021698999008e+00 
+4.3196898986859651e+00 +1.0000000000000001e-01 +2.0564109767726930e+00 

+4.3196898986859651e+00 +1.0000000000000001e-01 +2.0564109767716499e+00 
+4.3264707580050157e+00 +5.4444444444444440e-01 +2.0593183062421079e+00 
+4.3393248527709014e+00 +7.1111111111111114e-01 +2.0648255054224527e+00 
+4.3521789475367880e+00 +5.4444444444444440e-01 +2.0703273738788868e+00 
+4.3589598068558377e+00 +1.0000000000000001e-01 +2.0732275957174622e+00 

+4.3589598068558377e+00 +1.0000000000000001e-01 +2.0732275957164030e+00 
+4.3657406661748883e+00 +5.4444444444444440e-01 +2.0761263280709548e+00 
+4.3785947609407740e+00 +7.1111111111111114e-01 +2.0816171970438537e+00 
+4.3914488557066598e+00 +5.4444444444444440e-01 +2.0871026919420252e+00 
+4.3982297150257104e+00 +1.0000000000000001e-01 +2.0899942588636073e+00 

+4.3982297150257104e+00 +1.0000000000000001e-01 +2.0899942588625313e+00 
+4.4050105743447601e+00 +5.4444444444444440e-01 +2.0928843242542943e+00 
+4.4178646691106467e+00 +7.1111111111111114e-01 +2.0983587307136053e+00 
+4.4307187638765324e+00 +5.4444444444444440e-01 +2.1038277198768633e+00 
+4.4374996231955830e+00 +1.0000000000000001e-01 +2.1067105622072235e+00 

+4.4374996231955830e+00 +1.0000000000000001e-01 +2.1067105622061288e+00 
+4.4442804825146327e+00 +5.4444444444444440e-01 +2.1095918909970548e+00 
+4.4571345772805193e+00 +7.1111111111111114e-01 +2.1150497030333102e+00 
+4.4699886720464050e+00 +5.4444444444444440e-01 +2.1205020546827220e+00 
+4.4767695313654556e+00 +1.0000000000000001e-01 +2.1233761029578564e+00 

+4.4767695313654556e+00 +1.0000000000000001e-01 +2.1233761029567448e+00 
+4.4835503906845053e+00 +5.4444444444444440e-01 +2.1262486257192972e+00 
+4.4964044854503911e+00 +7.1111111111111114e-01 +2.1316897118228844e+00 
+4.5092585802162777e+00 +5.4444444444444440e-01 +2.1371252945804082e+00 
+4.5160394395353274e+00 +1.0000000000000001e-01 +2.1399904795482092e+00 

+4.5160394395353274e+00 +1.0000000000000001e-01 +2.1399904795470803e+00 
+4.5228202988543780e+00 +5.4444444444444440e-01 +2.1428541270659127e+00 
+4.5356743936202637e+00 +7.1111111111111114e-01 +2.1482783561302417e+00 
+4.5485284883861503e+00 +5.4444444444444440e-01 +2.1536970390218944e+00 
+4.5553093477052000e+00 +1.0000000000000001e-01 +2.1565532916438244e+00 

+4.5553093477052000e+00 +1.0000000000000001e-01 +2.1565532916426773e+00 
+4.5620902070242506e+00 +5.4444444444444440e-01 +2.1594079949162981e+00 
+4.5749443017901363e+00 +7.1111111111111114e-01 +2.1648152362409592e+00 
+4.5877983965560230e+00 +5.4444444444444440e-01 +2.1702168886999695e+00 
+4.5945792558750727e+00 +1.0000000000000001e-01 +2.1730641401527211e+00 

+4.5945792558750727e+00 +1.0000000000000001e-01 +2.1730641401515576e+00 
+4.6013601151941224e+00 +5.4444444444444440e-01 +2.1759098303939890e+00 
+4.6142142099600090e+00 +7.1111111111111114e-01 +2.1812999536879043e+00 
+4.6270683047258947e+00 +5.4444444444444440e-01 +2.1866844455578613e+00 
+4.6338491640449444e+00 +1.0000000000000001e-01 +2.1895226272350166e+00 

+4.6338491640449444e+00 +1.0000000000000001e-01 +2.1895226272338344e+00 
+4.6406300233639950e+00 +5.4444444444444440e-01 +2.1923592358762782e+00 
+4.6534841181298807e+00 +7.1111111111111114e-01 +2.1977321112608394e+00 
+4.6663382128957664e+00 +5.4444444444444440e-01 +2.2030993127988285e+00 
+4.6731190722148170e+00 +1.0000000000000001e-01 +2.2059283563125107e+00 

+4.6731190722148170e+00 +1.0000000000000001e-01 +2.2059283563113108e+00 
+4.6798999315338676e+00 +5.4444444444444440e-01 +2.2087558150037951e+00 
+4.6927540262997534e+00 +7.1111111111111114e-01 +2.2141113130159944e+00 
+4.7056081210656400e+00 +5.4444444444444440e-01 +2.2194610948957223e+00 
+4.7123889803846897e+00 +1.0000000000000001e-01 +2.2222809320782457e+00 

+4.7123889803846897e+00 +1.0000000000000001e-01 +2.2222809320770276e+00 
+4.7191698397037403e+00 +5.4444444444444440e-01 +2.2250991726900518e+00 
+4.7320239344696260e+00 +7.1111111111111114e-01 +2.2304371642856009e+00 
+4.7448780292355126e+00 +5.4444444444444440e-01 +2.2357693976005142e+00 
+4.7516588885545623e+00 +1.0000000000000001e-01 +2.2385799605060237e+00 

+4.7516588885545623e+00 +1.0000000000000001e-01 +2.2385799605047882e+00 
+4.7584397478736129e+00 +5.4444444444444440e-01 +2.2413889151309703e+00 
+4.7712938426394986e+00 +7.1111111111111114e-01 +2.2467092716874082e+00 
+4.7841479374053852e+00 +5.4444444444444440e-01 +2.2520238279537956e+00 
+4.7909287967244349e+00 +1.0000000000000001e-01 +2.2548250488599102e+00 

+4.7909287967244349e+00 +1.0000000000000001e-01 +2.2548250488586565e+00 
+4.7977096560434855e+00 +5.4444444444444440e-01 +2.2576246498143653e+00 
+4.8105637508093704e+00 +7.1111111111111114e-01 +2.2629272431341612e+00 
+4.8234178455752570e+00 +5.4444444444444440e-01 +2.2682239942942530e+00 
+4.8301987048943067e+00 +1.0000000000000001e-01 +2.2710158057036893e+00 

+4.8301987048943067e+00 +1.0000000000000001e-01 +2.2710158057024179e+00 
+4.8369795642133564e+00 +5.4444444444444440e-01 +2.2738059855294033e+00 
+4.8498336589792430e+00 +7.1111111111111114e-01 +2.2790906878430426e+00 
+4.8626877537451287e+00 +5.4444444444444440e-01 +2.2843695062680953e+00 
+4.8694686130641793e+00 +1.0000000000000001e-01 +2.2871518409102993e+00 

+4.8694686130641793e+00 +1.0000000000000001e-01 +2.2871518409090101e+00 
+4.8762494723832290e+00 +5.4444444444444440e-01 +2.2899325323760342e+00 
+4.8891035671491156e+00 +7.1111111111111114e-01 +2.2951992163450976e+00 
+4.9019576619150023e+00 +5.4444444444444440e-01 +2.3004599748384678e+00 
+4.9087385212340520e+00 +1.0000000000000001e-01 +2.3032327656712348e+00 

+4.9087385212340520e+00 +1.0000000000000001e-01 +2.3032327656699274e+00 
+4.9155193805531017e+00 +5.4444444444444440e-01 +2.3060039017743801e+00 
+4.9283734753189883e+00 +7.1111111111111114e-01 +2.3112524404946111e+00 
+4.9412275700848740e+00 +5.4444444444444440e-01 +2.3164950122948209e+00 
+4.9480084294039237e+00 +1.0000000000000001e-01 +2.3192581925059117e+00 

+4.9480084294039237e+00 +1.0000000000000001e-01 +2.3192581925045852e+00 
+4.9547892887229743e+00 +5.4444444444444440e-01 +2.3220197064740971e+00 
+4.9676433834888600e+00 +7.1111111111111114e-01 +2.3272499734784637e+00 
+4.9804974782547458e+00 +5.4444444444444440e-01 +2.3324742322622578e+00 
+4.9872783375737963e+00 +1.0000000000000001e-01 +2.3352277352710065e+00 

+4.9872783375737963e+00 +1.0000000000000001e-01 +2.3352277352696622e+00 
+4.9940591968928461e+00 +5.4444444444444440e-01 +2.3379795605637148e+00 
+5.0069132916587327e+00 +7.1111111111111114e-01 +2.3431914298254530e+00 
+5.0197673864246193e+00 +5.4444444444444440e-01 +2.3483972497108394e+00 
+5.0265482457436690e+00 +1.0000000000000001e-01 +2.3511410091697571e+00 

+5.0265482457436690e+00 +1.0000000000000001e-01 +2.3511410091683946e+00 
+5.0333291050627196e+00 +5.4444444444444440e-01 +2.3538830794799286e+00 
+5.0461831998286053e+00 +7.1111111111111114e-01 +2.3590764254155787e+00 
+5.0590372945944910e+00 +5.4444444444444440e-01 +2.3642636809648621e+00 
+5.0658181539135416e+00 +1.0000000000000001e-01 +2.3669976307612397e+00 

+5.0658181539135416e+00 +1.0000000000000001e-01 +2.3669976307598595e+00 
+5.0725990132325922e+00 +5.4444444444444440e-01 +2.3697298800168642e+00 
+5.0854531079984779e+00 +7.1111111111111114e-01 +2.3749045774893012e+00 
+5.0983072027643646e+00 +5.4444444444444440e-01 +2.3800731437121079e+00 
+5.1050880620834143e+00 +1.0000000000000001e-01 +2.3827972179696055e+00 

+5.1050880620834143e+00 +1.0000000000000001e-01 +2.3827972179682062e+00 
+5.1118689214024648e+00 +5.4444444444444440e-01 +2.3855195803353184e+00 
+5.1247230161683497e+00 +7.1111111111111114e-01 +2.3906755046567625e+00 
+5.1375771109342363e+00 +5.4444444444444440e-01 +2.3958252570130494e+00 
+5.1443579702532860e+00 +1.0000000000000001e-01 +2.3985393900932852e+00 

+5.1443579702532860e+00 +1.0000000000000001e-01 +2.3985393900918672e+00 
+5.1511388295723357e+00 +5.4444444444444440e-01 +2.4012517999719543e+00 
+5.1639929243382223e+00 +7.1111111111111114e-01 +2.4063888269069773e+00 
+5.1768470191041089e+00 +5.4444444444444440e-01 +2.4115196413100342e+00 
+5.1836278784231586e+00 +1.0000000000000001e-01 +2.4142237678141654e+00 

+5.1836278784231586e+00 +1.0000000000000001e-01 +2.4142237678127296e+00 
+5.1904087377422092e+00 +5.4444444444444440e-01 +2.4169261598484684e+00 
+5.2032628325080950e+00 +7.1111111111111114e-01 +2.4220441656169891e+00 
+5.2161169272739807e+00 +5.4444444444444440e-01 +2.4271559184364286e+00 
+5.2228977865930313e+00 +1.0000000000000001e-01 +2.4298499732067267e+00 

+5.2228977865930313e+00 +1.0000000000000001e-01 +2.4298499732052714e+00 
+5.2296786459120810e+00 +5.4444444444444440e-01 +2.4325422822807310e+00 
+5.2425327406779676e+00 +7.1111111111111114e-01 +2.4376411435609939e+00 
+5.2553868354438533e+00 +5.4444444444444440e-01 +2.4427337116257295e+00 
+5.2621676947629030e+00 +1.0000000000000001e-01 +2.4454176297471535e+00 

+5.2621676947629030e+00 +1.0000000000000001e-01 +2.4454176297456796e+00 
+5.2689485540819536e+00 +5.4444444444444440e-01 +2.4480997909878792e+00 
+5.2818026488478393e+00 +7.1111111111111114e-01 +2.4531793849194270e+00 
+5.2946567436137251e+00 +5.4444444444444440e-01 +2.4582526455206426e+00 
+5.3014376029327757e+00 +1.0000000000000001e-01 +2.4609263623223985e+00 

+5.3014376029327757e+00 +1.0000000000000001e-01 +2.4609263623209068e+00 
+5.3082184622518254e+00 +5.4444444444444440e-01 +2.4635983111013853e+00 
+5.3210725570177120e+00 +7.1111111111111114e-01 +2.4686585152880229e+00 
+5.3339266517835986e+00 +5.4444444444444440e-01 +2.4737123461821287e+00 
+5.3407075111026483e+00 +1.0000000000000001e-01 +2.4763757972392315e+00 

+5.3407075111026483e+00 +1.0000000000000001e-01 +2.4763757972377203e+00 
+5.3474883704216989e+00 +5.4444444444444440e-01 +2.4790374691740960e+00 
+5.3603424651875846e+00 +7.1111111111111114e-01 +2.4840781616868357e+00 
+5.3731965599534703e+00 +5.4444444444444440e-01 +2.4891124410984125e+00 
+5.3799774192725209e+00 +1.0000000000000001e-01 +2.4917655622332360e+00 

+5.3799774192725209e+00 +1.0000000000000001e-01 +2.4917655622317052e+00 
+5.3867582785915706e+00 +5.4444444444444440e-01 +2.4944168931892201e+00 
+5.3996123733574573e+00 +7.1111111111111114e-01 +2.4994379525692230e+00 
+5.4124664681233439e+00 +5.4444444444444440e-01 +2.5044525591939570e+00 
+5.4192473274423936e+00 +1.0000000000000001e-01 +2.5070952864777811e+00 

+5.4192473274423936e+00 +1.0000000000000001e-01 +2.5070952864762335e+00 
+5.4260281867614442e+00 +5.4444444444444440e-01 +2.5097362125693046e+00 
+5.4388822815273290e+00 +7.1111111111111114e-01 +2.5147375178308007e+00 
+5.4517363762932147e+00 +5.4444444444444440e-01 +2.5197323308384094e+00 
+5.4585172356122653e+00 +1.0000000000000001e-01 +2.5223646005929634e+00 

+5.4585172356122653e+00 +1.0000000000000001e-01 +2.5223646005913953e+00 
+5.4652980949313150e+00 +5.4444444444444440e-01 +2.5249950581851497e+00 
+5.4781521896972016e+00 +7.1111111111111114e-01 +2.5299764888183631e+00 
+5.4910062844630882e+00 +5.4444444444444440e-01 +2.5349513878555037e+00 
+5.4977871437821380e+00 +1.0000000000000001e-01 +2.5375731366544936e+00 

+5.4977871437821380e+00 +1.0000000000000001e-01 +2.5375731366529068e+00 
+5.5045680031011885e+00 +5.4444444444444440e-01 +2.5401930623647204e+00 
+5.5174220978670743e+00 +7.1111111111111114e-01 +2.5451544983387628e+00 
+5.5302761926329600e+00 +5.4444444444444440e-01 +2.5501093635319303e+00 
+5.5370570519520106e+00 +1.0000000000000001e-01 +2.5527205282025776e+00 

+5.5370570519520106e+00 +1.0000000000000001e-01 +2.5527205282009717e+00 
+5.5438379112710603e+00 +5.4444444444444440e-01 +2.5553298589019890e+00 
+5.5566920060369469e+00 +7.1111111111111114e-01 +2.5602711806677600e+00 
+5.5695461008028326e+00 +5.4444444444444440e-01 +2.5652058926261816e+00 
+5.5763269601218823e+00 +1.0000000000000001e-01 +2.5678064102507330e+00 

+5.5763269601218823e+00 +1.0000000000000001e-01 +2.5678064102491076e+00 
+5.5831078194409329e+00 +5.4444444444444440e-01 +2.5704050830657699e+00 
+5.5959619142068187e+00 +7.1111111111111114e-01 +2.5753261715588329e+00 
+5.6088160089727044e+00 +5.4444444444444440e-01 +2.5802406113773402e+00 
+5.6155968682917550e+00 +1.0000000000000001e-01 +2.5828304192945941e+00 

+5.6155968682917550e+00 +1.0000000000000001e-01 +2.5828304192929501e+00 
+5.6223777276108047e+00 +5.4444444444444440e-01 +2.5854183716085068e+00 
+5.6352318223766913e+00 +7.1111111111111114e-01 +2.5903191082519590e+00 
+5.6480859171425779e+00 +5.4444444444444440e-01 +2.5952131575138524e+00 
+5.6548667764616276e+00 +1.0000000000000001e-01 +2.5977921933206645e+00 

+5.6548667764616276e+00 +1.0000000000000001e-01 +2.5977921933190005e+00 
+5.6616476357806782e+00 +5.4444444444444440e-01 +2.6003693627750177e+00 
+5.6745017305465639e+00 +7.1111111111111114e-01 +2.6052496294823491e+00 
+5.6873558253124497e+00 +5.4444444444444440e-01 +2.6101231702622565e+00 
+5.6941366846315002e+00 +1.0000000000000001e-01 +2.6126913718150413e+00 

+5.6941366846315002e+00 +1.0000000000000001e-01 +2.6126913718133582e+00 
+5.7009175439505499e+00 +5.4444444444444440e-01 +2.6152576963112226e+00 
+5.7137716387164366e+00 +7.1111111111111114e-01 +2.6201173754891594e+00 
+5.7266257334823232e+00 +5.4444444444444440e-01 +2.6249702903558720e+00 
+5.7334065928013729e+00 +1.0000000000000001e-01 +2.6275275957721038e+00 

+5.7334065928013729e+00 +1.0000000000000001e-01 +2.6275275957704043e+00 
+5.7401874521204235e+00 +5.4444444444444440e-01 +2.6300830134728175e+00 
+5.7530415468863083e+00 +7.1111111111111114e-01 +2.6349219880241548e+00 
+5.7658956416521940e+00 +5.4444444444444440e-01 +2.6397541600434593e+00 
+5.7726765009712446e+00 +1.0000000000000001e-01 +2.6423005077031618e+00 

+5.7726765009712446e+00 +1.0000000000000001e-01 +2.6423005077014428e+00 
+5.7794573602902943e+00 +5.4444444444444440e-01 +2.6448449570339188e+00 
+5.7923114550561809e+00 +7.1111111111111114e-01 +2.6496631103603447e+00 
+5.8051655498220676e+00 +5.4444444444444440e-01 +2.6544744230978399e+00 
+5.8119464091411173e+00 +1.0000000000000001e-01 +2.6570097516450741e+00 

+5.8119464091411173e+00 +1.0000000000000001e-01 +2.6570097516433346e+00 
+5.8187272684601670e+00 +5.4444444444444440e-01 +2.6595431712956721e+00 
+5.8315813632260536e+00 +7.1111111111111114e-01 +2.6643403873005762e+00 
+5.8444354579919393e+00 +5.4444444444444440e-01 +2.6691307248244791e+00 
+5.8512163173109899e+00 +1.0000000000000001e-01 +2.6716549731688159e+00 

+5.8512163173109899e+00 +1.0000000000000001e-01 +2.6716549731670582e+00 
+5.8579971766300396e+00 +5.4444444444444440e-01 +2.6741773020948232e+00 
+5.8708512713959262e+00 +7.1111111111111114e-01 +2.6789534651860936e+00 
+5.8837053661618111e+00 +5.4444444444444440e-01 +2.6837227120700358e+00 
+5.8904862254808616e+00 +1.0000000000000001e-01 +2.6862358193880302e+00 

+5.8904862254808616e+00 +1.0000000000000001e-01 +2.6862358193862521e+00 
+5.8972670847999122e+00 +5.4444444444444440e-01 +2.6887469968122519e+00 
+5.9101211795657980e+00 +7.1111111111111114e-01 +2.6935019919050602e+00 
+5.9229752743316846e+00 +5.4444444444444440e-01 +2.6982500332308628e+00 
+5.9297561336507343e+00 +1.0000000000000001e-01 +2.7007519389675219e+00 

+5.9297561336507343e+00 +1.0000000000000001e-01 +2.7007519389657269e+00 
+5.9365369929697849e+00 +5.4444444444444440e-01 +2.7032519043814687e+00 
+5.9493910877356706e+00 +7.1111111111111114e-01 +2.7079856169010439e+00 
+5.9622451825015563e+00 +5.4444444444444440e-01 +2.7127123382614919e+00 
+5.9690260418206069e+00 +1.0000000000000001e-01 +2.7152029821317321e+00 

+5.9690260418206069e+00 +1.0000000000000001e-01 +2.7152029821299157e+00 
+5.9758069011396575e+00 +5.4444444444444440e-01 +2.7176916752970728e+00 
+5.9886609959055432e+00 +7.1111111111111114e-01 +2.7224039911814604e+00 
+6.0015150906714299e+00 +5.4444444444444440e-01 +2.7271092786830571e+00 
+6.0082959499904796e+00 +1.0000000000000001e-01 +2.7295886006731580e+00 

+6.0082959499904796e+00 +1.0000000000000001e-01 +2.7295886006713230e+00 
+6.0150768093095301e+00 +5.4444444444444440e-01 +2.7320659616231739e+00 
+6.0279309040754159e+00 +7.1111111111111114e-01 +2.7367567673259878e+00 
+6.0407849988413016e+00 +5.4444444444444440e-01 +2.7414405075916988e+00 
+6.0475658581603522e+00 +1.0000000000000001e-01 +2.7439084479607461e+00 

+6.0475658581603522e+00 +1.0000000000000001e-01 +2.7439084479588911e+00 
+6.0543467174794019e+00 +5.4444444444444440e-01 +2.7463744170017770e+00 
+6.0672008122452876e+00 +7.1111111111111114e-01 +2.7510435994949320e+00 
+6.0800549070111742e+00 +5.4444444444444440e-01 +2.7557056796669195e+00 
+6.0868357663302239e+00 +1.0000000000000001e-01 +2.7581621789482473e+00 

+6.0868357663302239e+00 +1.0000000000000001e-01 +2.7581621789463733e+00 
+6.0936166256492745e+00 +5.4444444444444440e-01 +2.7606166966611285e+00 
+6.1064707204151603e+00 +7.1111111111111114e-01 +2.7652641434375647e+00 
+6.1193248151810460e+00 +5.4444444444444440e-01 +2.7699044511799036e+00 
+6.1261056745000966e+00 +1.0000000000000001e-01 +2.7723494501825283e+00 

+6.1261056745000966e+00 +1.0000000000000001e-01 +2.7723494501806338e+00 
+6.1328865338191463e+00 +5.4444444444444440e-01 +2.7747924574240210e+00 
+6.1457406285850329e+00 +7.1111111111111114e-01 +2.7794180565004156e+00 
+6.1585947233509195e+00 +5.4444444444444440e-01 +2.7840364800018031e+00 
+6.1653755826699692e+00 +1.0000000000000001e-01 +2.7864699198118461e+00 

+6.1653755826699692e+00 +1.0000000000000001e-01 +2.7864699198099343e+00 
+6.1721564419890198e+00 +5.4444444444444440e-01 +2.7889013577160648e+00 
+6.1850105367549055e+00 +7.1111111111111114e-01 +2.7935049976355306e+00 
+6.1978646315207904e+00 +5.4444444444444440e-01 +2.7981014256119803e+00 
+6.2046454908398410e+00 +1.0000000000000001e-01 +2.8005232475940884e+00 

+6.2046454908398410e+00 +1.0000000000000001e-01 +2.8005232475921562e+00 
+6.2114263501588907e+00 +5.4444444444444440e-01 +2.8029430575739198e+00 
+6.2242804449247773e+00 +7.1111111111111114e-01 +2.8075246274086885e+00 
+6.2371345396906639e+00 +5.4444444444444440e-01 +2.8120989491062067e+00 
+6.2439153990097136e+00 +1.0000000000000001e-01 +2.8145090949049698e+00 

+6.2439153990097136e+00 +1.0000000000000001e-01 +2.8145090949030211e+00 
+6.2506962583287642e+00 +5.4444444444444440e-01 +2.8169172186534825e+00 
+6.2635503530946499e+00 +7.1111111111111114e-01 +2.8214766080075799e+00 
+6.2764044478605356e+00 +5.4444444444444440e-01 +2.8260287132048432e+00 
+6.2831853071795862e+00 +1.0000000000000001e-01 +2.8284271247461912e+00 


