+0.0000000000000000e+00 +3.3333333333333331e-01 -6.6387867425632408e-15 
+9.8174770424681035e-03 +1.3333333333333333e+00 +4.9087360585078109e-03 
+1.9634954084936207e-02 +3.3333333333333331e-01 +9.8174721170222606e-03 

+1.9634954084936207e-02 +3.3333333333333331e-01 +9.8174721514094690e-03 
+2.9452431127404310e-02 +1.3333333333333333e+00 +1.4726178605668876e-02 
+3.9269908169872414e-02 +3.3333333333333331e-01 +1.9634885059928282e-02 

+3.9269908169872414e-02 +3.3333333333333331e-01 +1.9634885197496219e-02 
+4.9087385212340517e-02 +1.3333333333333333e+00 +2.4543532443426611e-02 
+5.8904862254808621e-02 +3.3333333333333331e-01 +2.9452179689357004e-02 

+5.8904862254808621e-02 +3.3333333333333331e-01 +2.9452179998890042e-02 
+6.8722339297276724e-02 +1.3333333333333333e+00 +3.4360738432774547e-02 
+7.8539816339744828e-02 +3.3333333333333331e-01 +3.9269296866659052e-02 

+7.8539816339744828e-02 +3.3333333333333331e-01 +3.9269297416937389e-02 
+8.8357293382212931e-02 +1.3333333333333333e+00 +4.4177737435595742e-02 
+9.8174770424681035e-02 +3.3333333333333331e-01 +4.9086177454254094e-02 

+9.8174770424681035e-02 +3.3333333333333331e-01 +4.9086178314052098e-02 
+1.0799224746714914e-01 +1.3333333333333333e+00 +5.3994470315020117e-02 
+1.1780972450961724e-01 +3.3333333333333331e-01 +5.8902762315988136e-02 

+1.1780972450961724e-01 +3.3333333333333331e-01 +5.8902763554072674e-02 
+1.2762720155208535e-01 +1.3333333333333333e+00 +6.3810877935780649e-02 
+1.3744467859455345e-01 +3.3333333333333331e-01 +6.8718992317488625e-02 

+1.3744467859455345e-01 +3.3333333333333331e-01 +6.8718994002617398e-02 
+1.4726215563702155e-01 +1.3333333333333333e+00 +7.3626901164569686e-02 
+1.5707963267948966e-01 +3.3333333333333331e-01 +7.8534808326521974e-02 

+1.5707963267948966e-01 +3.3333333333333331e-01 +7.8534810527441823e-02 
+1.6689710972195776e-01 +1.3333333333333333e+00 +8.3442480870395061e-02 
+1.7671458676442586e-01 +3.3333333333333331e-01 +8.8350151213348299e-02 

+1.7671458676442586e-01 +3.3333333333333331e-01 +8.8350153998793562e-02 
+1.8653206380689397e-01 +1.3333333333333333e+00 +9.3257557924936410e-02 
+1.9634954084936207e-01 +3.3333333333333331e-01 +9.8164961851079258e-02 

+1.9634954084936207e-01 +3.3333333333333331e-01 +9.8164965289770145e-02 
+2.0616701789183017e-01 +1.3333333333333333e+00 +1.0307207320290129e-01 
+2.1598449493429828e-01 +3.3333333333333331e-01 +1.0797918111603244e-01 

+2.1598449493429828e-01 +3.3333333333333331e-01 +1.0797918527667326e-01 
+2.2580197197676638e-01 +1.3333333333333333e+00 +1.1288596758238134e-01 
+2.3561944901923448e-01 +3.3333333333333331e-01 +1.1779274988808942e-01 

+2.3561944901923448e-01 +3.3333333333333331e-01 +1.1779275483936703e-01 
+2.4543692606170259e-01 +1.3333333333333333e+00 +1.2269918194520846e-01 
+2.5525440310417069e-01 +3.3333333333333331e-01 +1.2760560905104990e-01 

+2.5525440310417069e-01 +3.3333333333333331e-01 +1.2760561486163197e-01 
+2.6507188014663879e-01 +1.3333333333333333e+00 +1.3251165717731089e-01 
+2.7488935718910690e-01 +3.3333333333333331e-01 +1.3741769949298982e-01 

+2.7488935718910690e-01 +3.3333333333333331e-01 +1.3741770623152319e-01 
+2.8470683423157500e-01 +1.3333333333333333e+00 +1.4232333416906942e-01 
+2.9452431127404310e-01 +3.3333333333333331e-01 +1.4722896210661565e-01 

+2.9452431127404310e-01 +3.3333333333333331e-01 +1.4722896984172471e-01 
+3.0434178831651121e-01 +1.3333333333333333e+00 +1.5213415381567330e-01 
+3.1415926535897931e-01 +3.3333333333333331e-01 +1.5703933778962190e-01 

+3.1415926535897931e-01 +3.3333333333333331e-01 +1.5703934658990673e-01 
+3.2397674240144742e-01 +1.3333333333333333e+00 +1.6194405701747636e-01 
+3.3379421944391552e-01 +3.3333333333333331e-01 +1.6684876744504598e-01 

+3.3379421944391552e-01 +3.3333333333333331e-01 +1.6684877737908102e-01 
+3.4361169648638362e-01 +1.3333333333333333e+00 +1.7175298468035308e-01 
+3.5342917352885173e-01 +3.3333333333333331e-01 +1.7665719198162513e-01 

+3.5342917352885173e-01 +3.3333333333333331e-01 +1.7665720311795727e-01 
+3.6324665057131983e-01 +1.3333333333333333e+00 +1.8156087771605448e-01 
+3.7306412761378793e-01 +3.3333333333333331e-01 +1.8646455231415168e-01 

+3.7306412761378793e-01 +3.3333333333333331e-01 +1.8646456472129858e-01 
+3.8288160465625604e-01 +1.3333333333333333e+00 +1.9136767704256408e-01 
+3.9269908169872414e-01 +3.3333333333333331e-01 +1.9627078936382958e-01 

+3.9269908169872414e-01 +3.3333333333333331e-01 +1.9627080311027817e-01 
+4.0251655874119224e-01 +1.3333333333333333e+00 +2.0117332358445389e-01 
+4.1233403578366035e-01 +3.3333333333333331e-01 +2.0607584405862961e-01 

+4.1233403578366035e-01 +3.3333333333333331e-01 +2.0607585921283436e-01 
+4.2215151282612845e-01 +1.3333333333333333e+00 +2.1097775827324014e-01 
+4.3196898986859655e-01 +3.3333333333333331e-01 +2.1587965733364592e-01 

+4.3196898986859655e-01 +3.3333333333333331e-01 +2.1587967396402716e-01 
+4.4178646691106466e-01 +1.3333333333333333e+00 +2.2078092204773925e-01 
+4.5160394395353276e-01 +3.3333333333333331e-01 +2.2568217013145134e-01 

+4.5160394395353276e-01 +3.3333333333333331e-01 +2.2568218830639356e-01 
+4.6142142099600086e-01 +1.3333333333333333e+00 +2.3058275585442337e-01 
+4.7123889803846897e-01 +3.3333333333333331e-01 +2.3548332340245318e-01 

+4.7123889803846897e-01 +3.3333333333333331e-01 +2.3548334319030351e-01 
+4.8105637508093707e-01 +1.3333333333333333e+00 +2.4038320064777641e-01 
+4.9087385212340517e-01 +3.3333333333333331e-01 +2.4528305810524931e-01 

+4.9087385212340517e-01 +3.3333333333333331e-01 +2.4528307957431572e-01 
+5.0069132916587322e-01 +1.3333333333333333e+00 +2.5018219739064967e-01 
+5.1050880620834138e-01 +3.3333333333333331e-01 +2.5508131520698363e-01 

+5.1050880620834138e-01 +3.3333333333333331e-01 +2.5508133842553343e-01 
+5.2032628325080954e-01 +1.3333333333333333e+00 +2.5997968705461727e-01 
+5.3014376029327759e-01 +3.3333333333333331e-01 +2.6487803568370111e-01 

+5.3014376029327759e-01 +3.3333333333333331e-01 +2.6487806071995906e-01 
+5.3996123733574564e-01 +1.3333333333333333e+00 +2.6977561062033184e-01 
+5.4977871437821380e-01 +3.3333333333333331e-01 +2.7467316052070462e-01 

+5.4977871437821380e-01 +3.3333333333333331e-01 +2.7467318744285141e-01 
+5.5959619142068195e-01 +1.3333333333333333e+00 +2.7956990907788010e-01 
+5.6941366846315000e-01 +3.3333333333333331e-01 +2.8446663071290879e-01 

+5.6941366846315000e-01 +3.3333333333333331e-01 +2.8446665958907946e-01 
+5.7923114550561805e-01 +1.3333333333333333e+00 +2.8936252342713836e-01 
+5.8904862254808621e-01 +3.3333333333333331e-01 +2.9425838726519726e-01 

+5.8904862254808621e-01 +3.3333333333333331e-01 +2.9425841816347958e-01 
+5.9886609959055437e-01 +1.3333333333333333e+00 +2.9915339467812785e-01 
+6.0868357663302242e-01 +3.3333333333333331e-01 +3.0404837119277611e-01 

+6.0868357663302242e-01 +3.3333333333333331e-01 +3.0404840418120871e-01 
+6.1850105367549046e-01 +1.3333333333333333e+00 +3.0894246385137003e-01 
+6.2831853071795862e-01 +3.3333333333333331e-01 +3.1383652352153135e-01 

+6.2831853071795862e-01 +3.3333333333333331e-01 +3.1383655866810212e-01 
+6.3813600776042678e-01 +1.3333333333333333e+00 +3.1872967197824204e-01 
+6.4795348480289483e-01 +3.3333333333333331e-01 +3.2362278528838195e-01 

+6.4795348480289483e-01 +3.3333333333333331e-01 +3.2362282266102649e-01 
+6.5777096184536288e-01 +1.3333333333333333e+00 +3.2851496010133169e-01 
+6.6758843888783104e-01 +3.3333333333333331e-01 +3.3340709754163689e-01 

+6.6758843888783104e-01 +3.3333333333333331e-01 +3.3340713720823700e-01 
+6.7740591593029920e-01 +1.3333333333333333e+00 +3.3829826927479290e-01 
+6.8722339297276724e-01 +3.3333333333333331e-01 +3.4318940134134879e-01 

+6.8722339297276724e-01 +3.3333333333333331e-01 +3.4318944336973051e-01 
+6.9704087001523529e-01 +1.3333333333333333e+00 +3.4807954056470053e-01 
+7.0685834705770345e-01 +3.3333333333333331e-01 +3.5296963775967055e-01 

+7.0685834705770345e-01 +3.3333333333333331e-01 +3.5296968221760272e-01 
+7.1667582410017161e-01 +1.3333333333333333e+00 +3.5785871504940564e-01 
+7.2649330114263966e-01 +3.3333333333333331e-01 +3.6274774788120856e-01 

+7.2649330114263966e-01 +3.3333333333333331e-01 +3.6274779483640107e-01 
+7.3631077818510771e-01 +1.3333333333333333e+00 +3.6763573381989006e-01 
+7.4612825522757587e-01 +3.3333333333333331e-01 +3.7252367280337906e-01 

+7.4612825522757587e-01 +3.3333333333333331e-01 +3.7252372232348130e-01 
+7.5594573227004402e-01 +1.3333333333333333e+00 +3.7741053798012164e-01 
+7.6576320931251207e-01 +3.3333333333333331e-01 +3.8229735363676198e-01 

+7.6576320931251207e-01 +3.3333333333333331e-01 +3.8229740578936117e-01 
+7.7558068635498012e-01 +1.3333333333333333e+00 +3.8718306864740881e-01 
+7.8539816339744828e-01 +3.3333333333333331e-01 +3.9206873150545646e-01 

+7.8539816339744828e-01 +3.3333333333333331e-01 +3.9206878635807590e-01 
+7.9521564043991644e-01 +1.3333333333333333e+00 +3.9695326695275546e-01 
+8.0503311748238449e-01 +3.3333333333333331e-01 +4.0183774754743501e-01 

+8.0503311748238449e-01 +3.3333333333333331e-01 +4.0183780516753270e-01 
+8.1485059452485253e-01 +1.3333333333333333e+00 +4.0672107404121538e-01 
+8.2466807156732069e-01 +3.3333333333333331e-01 +4.1160434291489806e-01 

+8.2466807156732069e-01 +3.3333333333333331e-01 +4.1160440336986481e-01 
+8.3448554860978885e-01 +1.3333333333333333e+00 +4.1648643107224681e-01 
+8.4430302565225690e-01 +3.3333333333333331e-01 +4.2136845877462881e-01 

+8.4430302565225690e-01 +3.3333333333333331e-01 +4.2136852213178666e-01 
+8.5412050269472495e-01 +1.3333333333333333e+00 +4.2624927922006700e-01 
+8.6393797973719311e-01 +3.3333333333333331e-01 +4.3113003630834734e-01 

+8.6393797973719311e-01 +3.3333333333333331e-01 +4.3113010263494822e-01 
+8.7375545677966127e-01 +1.3333333333333333e+00 +4.3600955967400667e-01 
+8.8357293382212931e-01 +3.3333333333333331e-01 +4.4088901671306513e-01 

+8.8357293382212931e-01 +3.3333333333333331e-01 +4.4088908607628874e-01 
+8.9339041086459736e-01 +1.3333333333333333e+00 +4.4576721363886385e-01 
+9.0320788790706552e-01 +3.3333333333333331e-01 +4.5064534120143895e-01 

+9.0320788790706552e-01 +3.3333333333333331e-01 +4.5064541366839145e-01 
+9.1302536494953368e-01 +1.3333333333333333e+00 +4.5552218233525860e-01 
+9.2284284199200173e-01 +3.3333333333333331e-01 +4.6039895100212574e-01 

+9.2284284199200173e-01 +3.3333333333333331e-01 +4.6039902663983806e-01 
+9.3266031903446978e-01 +1.3333333333333333e+00 +4.6527440699998673e-01 
+9.4247779607693793e-01 +3.3333333333333331e-01 +4.7014978736013541e-01 

+9.4247779607693793e-01 +3.3333333333333331e-01 +4.7014986623556160e-01 
+9.5229527311940609e-01 +1.3333333333333333e+00 +4.7502382888637384e-01 
+9.6211275016187414e-01 +3.3333333333333331e-01 +4.7989779153718609e-01 

+9.6211275016187414e-01 +3.3333333333333331e-01 +4.7989787371720166e-01 
+9.7193022720434219e-01 +1.3333333333333333e+00 +4.8477038926462934e-01 
+9.8174770424681035e-01 +3.3333333333333331e-01 +4.8964290481205702e-01 

+9.8174770424681035e-01 +3.3333333333333331e-01 +4.8964299036345754e-01 
+9.9156518128927840e-01 +1.3333333333333333e+00 +4.9451402942220019e-01 
+1.0013826583317464e+00 +3.3333333333333331e-01 +4.9938506848094283e-01 

+1.0013826583317464e+00 +3.3333333333333331e-01 +4.9938515747044193e-01 
+1.0112001353742146e+00 +1.3333333333333333e+00 +5.0425469066412443e-01 
+1.0210176124166828e+00 +3.3333333333333331e-01 +5.0912422385780687e-01 

+1.0210176124166828e+00 +3.3333333333333331e-01 +5.0912431635203514e-01 
+1.0308350894591509e+00 +1.3333333333333333e+00 +5.1399231431338499e-01 
+1.0406525665016191e+00 +3.3333333333333331e-01 +5.1886031227473484e-01 

+1.0406525665016191e+00 +3.3333333333333331e-01 +5.1886040834023750e-01 
+1.0504700435440872e+00 +1.3333333333333333e+00 +5.2372684171126282e-01 
+1.0602875205865552e+00 +3.3333333333333331e-01 +5.2859327508228815e-01 

+1.0602875205865552e+00 +3.3333333333333331e-01 +5.2859337478552404e-01 
+1.0701049976290231e+00 +1.3333333333333333e+00 +5.3345821421769068e-01 
+1.0799224746714913e+00 +3.3333333333333331e-01 +5.3832305364985733e-01 

+1.0799224746714913e+00 +3.3333333333333331e-01 +5.3832315705719713e-01 
+1.0897399517139594e+00 +1.3333333333333333e+00 +5.4318637321160612e-01 
+1.0995574287564276e+00 +3.3333333333333331e-01 +5.4804958936601511e-01 

+1.0995574287564276e+00 +3.3333333333333331e-01 +5.4804969654373970e-01 
+1.1093749057988957e+00 +1.3333333333333333e+00 +5.5291126009130454e-01 
+1.1191923828413639e+00 +3.3333333333333331e-01 +5.5777282363886937e-01 

+1.1191923828413639e+00 +3.3333333333333331e-01 +5.5777293465316846e-01 
+1.1290098598838321e+00 +1.3333333333333333e+00 +5.6263281627479245e-01 
+1.1388273369263000e+00 +3.3333333333333331e-01 +5.6749269789641643e-01 

+1.1388273369263000e+00 +3.3333333333333331e-01 +5.6749281281338615e-01 
+1.1486448139687679e+00 +1.3333333333333333e+00 +5.7235098320014000e-01 
+1.1584622910112361e+00 +3.3333333333333331e-01 +5.7720915358689384e-01 

+1.1584622910112361e+00 +3.3333333333333331e-01 +5.7720927247253628e-01 
+1.1682797680537043e+00 +1.3333333333333333e+00 +5.8206570232583432e-01 
+1.1780972450961724e+00 +3.3333333333333331e-01 +5.8692213217913236e-01 

+1.1780972450961724e+00 +3.3333333333333331e-01 +5.8692225509935303e-01 
+1.1879147221386406e+00 +1.3333333333333333e+00 +5.9177691513113151e-01 
+1.1977321991811087e+00 +3.3333333333333331e-01 +5.9663157516290999e-01 

+1.1977321991811087e+00 +3.3333333333333331e-01 +5.9663170218351713e-01 
+1.2075496762235769e+00 +1.3333333333333333e+00 +6.0148456311640985e-01 
+1.2173671532660448e+00 +3.3333333333333331e-01 +6.0633742404930258e-01 

+1.2173671532660448e+00 +3.3333333333333331e-01 +6.0633755523600419e-01 
+1.2271846303085128e+00 +1.3333333333333333e+00 +6.1118858780352114e-01 
+1.2370021073509809e+00 +3.3333333333333331e-01 +6.1603962037103810e-01 

+1.2370021073509809e+00 +3.3333333333333331e-01 +6.1603975578944181e-01 
+1.2468195843934491e+00 +1.3333333333333333e+00 +6.2088893073614460e-01 
+1.2566370614359172e+00 +3.3333333333333331e-01 +6.2573810568284738e-01 

+1.2566370614359172e+00 +3.3333333333333331e-01 +6.2573824539845824e-01 
+1.2664545384783854e+00 +1.3333333333333333e+00 +6.3058553348013735e-01 
+1.2762720155208536e+00 +3.3333333333333331e-01 +6.3543282156181646e-01 

+1.2762720155208536e+00 +3.3333333333333331e-01 +6.3543296564003515e-01 
+1.2860894925633217e+00 +1.3333333333333333e+00 +6.4027833762388731e-01 
+1.2959069696057897e+00 +3.3333333333333331e-01 +6.4512370960773946e-01 

+1.2959069696057897e+00 +3.3333333333333331e-01 +6.4512385811386086e-01 
+1.3057244466482576e+00 +1.3333333333333333e+00 +6.4996728477866494e-01 
+1.3155419236907258e+00 +3.3333333333333331e-01 +6.5481071144346903e-01 

+1.3155419236907258e+00 +3.3333333333333331e-01 +6.5481086444268088e-01 
+1.3253594007331939e+00 +1.3333333333333333e+00 +6.5965231657897505e-01 
+1.3351768777756621e+00 +3.3333333333333331e-01 +6.6449376871526922e-01 

+1.3351768777756621e+00 +3.3333333333333331e-01 +6.6449392627265014e-01 
+1.3449943548181302e+00 +1.3333333333333333e+00 +6.6933337468290799e-01 
+1.3548118318605984e+00 +3.3333333333333331e-01 +6.7417282309316584e-01 

+1.3548118318605984e+00 +3.3333333333333331e-01 +6.7417298527368430e-01 
+1.3646293089030666e+00 +1.3333333333333333e+00 +6.7901040077249164e-01 
+1.3744467859455345e+00 +3.3333333333333331e-01 +6.8384781627129898e-01 

+1.3744467859455345e+00 +3.3333333333333331e-01 +6.8384798313981088e-01 
+1.3842642629880024e+00 +1.3333333333333333e+00 +6.8868333655404190e-01 
+1.3940817400304706e+00 +3.3333333333333331e-01 +6.9351868996827293e-01 

+1.3940817400304706e+00 +3.3333333333333331e-01 +6.9351886158952081e-01 
+1.4038992170729387e+00 +1.3333333333333333e+00 +6.9835212375851496e-01 
+1.4137166941154069e+00 +3.3333333333333331e-01 +7.0318538592750912e-01 

+1.4137166941154069e+00 +3.3333333333333331e-01 +7.0318556236612062e-01 
+1.4235341711578751e+00 +1.3333333333333333e+00 +7.0801670414185791e-01 
+1.4333516482003432e+00 +3.3333333333333331e-01 +7.1284784591759520e-01 

+1.4333516482003432e+00 +3.3333333333333331e-01 +7.1284802723808061e-01 
+1.4431691252428114e+00 +1.3333333333333333e+00 +7.1767701948535845e-01 
+1.4529866022852793e+00 +3.3333333333333331e-01 +7.2250601173263629e-01 

+1.4529866022852793e+00 +3.3333333333333331e-01 +7.2250619799938798e-01 
+1.4628040793277473e+00 +1.3333333333333333e+00 +7.2733301159599739e-01 
+1.4726215563702154e+00 +3.3333333333333331e-01 +7.3215982519260681e-01 

+1.4726215563702154e+00 +3.3333333333333331e-01 +7.3216001646989703e-01 
+1.4824390334126836e+00 +1.3333333333333333e+00 +7.3698462230679807e-01 
+1.4922565104551517e+00 +3.3333333333333331e-01 +7.4180922814369910e-01 

+1.4922565104551517e+00 +3.3333333333333331e-01 +7.4180942449567866e-01 
+1.5020739874976199e+00 +1.3333333333333333e+00 +7.4663179347717712e-01 
+1.5118914645400880e+00 +3.3333333333333331e-01 +7.5145416245867558e-01 

+1.5118914645400880e+00 +3.3333333333333331e-01 +7.5145436394937259e-01 
+1.5217089415825562e+00 +1.3333333333333333e+00 +7.5627446699329470e-01 
+1.5315264186250241e+00 +3.3333333333333331e-01 +7.6109457003721681e-01 

+1.5315264186250241e+00 +3.3333333333333331e-01 +7.6109477673053438e-01 
+1.5413438956674921e+00 +1.3333333333333333e+00 +7.6591258476840429e-01 
+1.5511613727099602e+00 +3.3333333333333331e-01 +7.7073039280627420e-01 

+1.5511613727099602e+00 +3.3333333333333331e-01 +7.7073060476598965e-01 
+1.5609788497524284e+00 +1.3333333333333333e+00 +7.7554608874320319e-01 
+1.5707963267948966e+00 +3.3333333333333331e-01 +7.8036157272041673e-01 

+1.5707963267948966e+00 +3.3333333333333331e-01 +7.8036179001017936e-01 
+1.5806138038373647e+00 +1.3333333333333333e+00 +7.8517492088618135e-01 
+1.5904312808798329e+00 +3.3333333333333331e-01 +7.8998805176218334e-01 

+1.5904312808798329e+00 +3.3333333333333331e-01 +7.8998827444551389e-01 
+1.6002487579223010e+00 +1.3333333333333333e+00 +7.9479902319397200e-01 
+1.6100662349647690e+00 +3.3333333333333331e-01 +7.9960977194243010e-01 

+1.6100662349647690e+00 +3.3333333333333331e-01 +7.9961000008271799e-01 
+1.6198837120072369e+00 +1.3333333333333333e+00 +8.0441833769170012e-01 
+1.6297011890497051e+00 +3.3333333333333331e-01 +8.0922667530068226e-01 

+1.6297011890497051e+00 +3.3333333333333331e-01 +8.0922690896118488e-01 
+1.6395186660921732e+00 +1.3333333333333333e+00 +8.1403280643333253e-01 
+1.6493361431346414e+00 +3.3333333333333331e-01 +8.1883870390548019e-01 

+1.6493361431346414e+00 +3.3333333333333331e-01 +8.1883894314932104e-01 
+1.6591536201771095e+00 +1.3333333333333333e+00 +8.2364237150202613e-01 
+1.6689710972195777e+00 +3.3333333333333331e-01 +8.2844579985473121e-01 

+1.6689710972195777e+00 +3.3333333333333331e-01 +8.2844604474489847e-01 
+1.6787885742620459e+00 +1.3333333333333333e+00 +8.3324697501047751e-01 
+1.6886060513045138e+00 +3.3333333333333331e-01 +8.3804790527605655e-01 

+1.6886060513045138e+00 +3.3333333333333331e-01 +8.3804815587540160e-01 
+1.6984235283469817e+00 +1.3333333333333333e+00 +8.4284655910127104e-01 
+1.7082410053894499e+00 +3.3333333333333331e-01 +8.4764496232714048e-01 

+1.7082410053894499e+00 +3.3333333333333331e-01 +8.4764521869837639e-01 
+1.7180584824319181e+00 +1.3333333333333333e+00 +8.5244106594722791e-01 
+1.7278759594743862e+00 +3.3333333333333331e-01 +8.5723691319607942e-01 

+1.7278759594743862e+00 +3.3333333333333331e-01 +8.5723717540177913e-01 
+1.7376934365168544e+00 +1.3333333333333333e+00 +8.6203043775175414e-01 
+1.7475109135593225e+00 +3.3333333333333331e-01 +8.6682370010172916e-01 

+1.7475109135593225e+00 +3.3333333333333331e-01 +8.6682396820432439e-01 
+1.7573283906017907e+00 +1.3333333333333333e+00 +8.7161461674918883e-01 
+1.7671458676442586e+00 +3.3333333333333331e-01 +8.7640526529405327e-01 

+1.7671458676442586e+00 +3.3333333333333331e-01 +8.7640553935583299e-01 
+1.7769633446867266e+00 +1.3333333333333333e+00 +8.8119354520515236e-01 
+1.7867808217291947e+00 +3.3333333333333331e-01 +8.8598155105447174e-01 

+1.7867808217291947e+00 +3.3333333333333331e-01 +8.8598183113757967e-01 
+1.7965982987716629e+00 +1.3333333333333333e+00 +8.9076716541689360e-01 
+1.8064157758141310e+00 +3.3333333333333331e-01 +8.9555249969620754e-01 

+1.8064157758141310e+00 +3.3333333333333331e-01 +8.9555278586264253e-01 
+1.8162332528565992e+00 +1.3333333333333333e+00 +9.0033541971363851e-01 
+1.8260507298990674e+00 +3.3333333333333331e-01 +9.0511805356463448e-01 

+1.8260507298990674e+00 +3.3333333333333331e-01 +9.0511834587624729e-01 
+1.8358682069415355e+00 +1.3333333333333333e+00 +9.0989825045693606e-01 
+1.8456856839840035e+00 +3.3333333333333331e-01 +9.1467815503762484e-01 

+1.8456856839840035e+00 +3.3333333333333331e-01 +9.1467845355611743e-01 
+1.8555031610264714e+00 +1.3333333333333333e+00 +9.1945560004100702e-01 
+1.8653206380689396e+00 +3.3333333333333331e-01 +9.2423274652589660e-01 

+1.8653206380689396e+00 +3.3333333333333331e-01 +9.2423305131282041e-01 
+1.8751381151114077e+00 +1.3333333333333333e+00 +9.2900741089309002e-01 
+1.8849555921538759e+00 +3.3333333333333331e-01 +9.3378177047335964e-01 

+1.8849555921538759e+00 +3.3333333333333331e-01 +9.3378208159011422e-01 
+1.8947730691963440e+00 +1.3333333333333333e+00 +9.3855362547378862e-01 
+1.9045905462388122e+00 +3.3333333333333331e-01 +9.4332516935746302e-01 

+1.9045905462388122e+00 +3.3333333333333331e-01 +9.4332548686529494e-01 
+1.9144080232812803e+00 +1.3333333333333333e+00 +9.4809418627741793e-01 
+1.9242255003237483e+00 +3.3333333333333331e-01 +9.5286288568954092e-01 

+1.9242255003237483e+00 +3.3333333333333331e-01 +9.5286320964954108e-01 
+1.9340429773662162e+00 +1.3333333333333333e+00 +9.5762903583235059e-01 
+1.9438604544086844e+00 +3.3333333333333331e-01 +9.6239486201516011e-01 

+1.9438604544086844e+00 +3.3333333333333331e-01 +9.6239519248826355e-01 
+1.9536779314511525e+00 +1.3333333333333333e+00 +9.6715811670136409e-01 
+1.9634954084936207e+00 +3.3333333333333331e-01 +9.7192104091446463e-01 

+1.9634954084936207e+00 +3.3333333333333331e-01 +9.7192137796144817e-01 
+1.9733128855360889e+00 +1.3333333333333333e+00 +9.7668137148198553e-01 
+1.9831303625785570e+00 +3.3333333333333331e-01 +9.8144136500252288e-01 

+1.9831303625785570e+00 +3.3333333333333331e-01 +9.8144170868400438e-01 
+1.9929478396210250e+00 +1.3333333333333333e+00 +9.8619874280683806e-01 
+2.0027653166634929e+00 +3.3333333333333331e-01 +9.9095577692967174e-01 

+2.0027653166634929e+00 +3.3333333333333331e-01 +9.9095612730610827e-01 
+2.0125827937059610e+00 +1.3333333333333333e+00 +9.9571017334398637e-01 
+2.0224002707484292e+00 +3.3333333333333331e-01 +1.0004642193818645e+00 

+2.0224002707484292e+00 +3.3333333333333331e-01 +1.0004645765135505e+00 
+2.0322177477908974e+00 +1.3333333333333333e+00 +1.0052156057972821e+00 
+2.0420352248333655e+00 +3.3333333333333331e-01 +1.0099666350810137e+00 

+2.0420352248333655e+00 +3.3333333333333331e-01 +1.0099669990280802e+00 
+2.0518527018758337e+00 +1.3333333333333333e+00 +1.0147149829067088e+00 
+2.0616701789183018e+00 +3.3333333333333331e-01 +1.0194629667853374e+00 

+2.0616701789183018e+00 +3.3333333333333331e-01 +1.0194633376077498e+00 
+2.0714876559607700e+00 +1.3333333333333333e+00 +1.0242082474487266e+00 
+2.0813051330032382e+00 +3.3333333333333331e-01 +1.0289531572897035e+00 

+2.0813051330032382e+00 +3.3333333333333331e-01 +1.0289535350472616e+00 
+2.0911226100457059e+00 +1.3333333333333333e+00 +1.0336953422366182e+00 
+2.1009400870881740e+00 +3.3333333333333331e-01 +1.0384371494259748e+00 

+2.1009400870881740e+00 +3.3333333333333331e-01 +1.0384375341783090e+00 
+2.1107575641306422e+00 +1.3333333333333333e+00 +1.0431762101208313e+00 
+2.1205750411731104e+00 +3.3333333333333331e-01 +1.0479148860633536e+00 

+2.1205750411731104e+00 +3.3333333333333331e-01 +1.0479152778699254e+00 
+2.1303925182155785e+00 +1.3333333333333333e+00 +1.0526507939893250e+00 
+2.1402099952580467e+00 +3.3333333333333331e-01 +1.0573863101087246e+00 

+2.1402099952580467e+00 +3.3333333333333331e-01 +1.0573867090288254e+00 
+2.1500274723005148e+00 +1.3333333333333333e+00 +1.0621190367679125e+00 
+2.1598449493429825e+00 +3.3333333333333331e-01 +1.0668513645069997e+00 

+2.1598449493429825e+00 +3.3333333333333331e-01 +1.0668517705997469e+00 
+2.1696624263854507e+00 +1.3333333333333333e+00 +1.0715808814206047e+00 
+2.1794799034279189e+00 +3.3333333333333331e-01 +1.0763099922414625e+00 

+2.1794799034279189e+00 +3.3333333333333331e-01 +1.0763104055658010e+00 
+2.1892973804703870e+00 +1.3333333333333333e+00 +1.0810362709499555e+00 
+2.1991148575128552e+00 +3.3333333333333331e-01 +1.0857621363341099e+00 

+2.1991148575128552e+00 +3.3333333333333331e-01 +1.0857625569488081e+00 
+2.2089323345553233e+00 +1.3333333333333333e+00 +1.0904851483974025e+00 
+2.2187498115977915e+00 +3.3333333333333331e-01 +1.0952077398459970e+00 

+2.2187498115977915e+00 +3.3333333333333331e-01 +1.0952081678096477e+00 
+2.2285672886402597e+00 +1.3333333333333333e+00 +1.0999274568436130e+00 
+2.2383847656827278e+00 +3.3333333333333331e-01 +1.1046467458775784e+00 

+2.2383847656827278e+00 +3.3333333333333331e-01 +1.1046471812485958e+00 
+2.2482022427251955e+00 +1.3333333333333333e+00 +1.1093631394088244e+00 
+2.2580197197676637e+00 +3.3333333333333331e-01 +1.1140790975690529e+00 

+2.2580197197676637e+00 +3.3333333333333331e-01 +1.1140795404056720e+00 
+2.2678371968101319e+00 +1.3333333333333333e+00 +1.1187921392531888e+00 
+2.2776546738526000e+00 +3.3333333333333331e-01 +1.1235047381007055e+00 

+2.2776546738526000e+00 +3.3333333333333331e-01 +1.1235051884609797e+00 
+2.2874721508950682e+00 +1.3333333333333333e+00 +1.1282143995771139e+00 
+2.2972896279375363e+00 +3.3333333333333331e-01 +1.1329236106932481e+00 

+2.2972896279375363e+00 +3.3333333333333331e-01 +1.1329240686350490e+00 
+2.3071071049800045e+00 +1.3333333333333333e+00 +1.1376298636216058e+00 
+2.3169245820224722e+00 +3.3333333333333331e-01 +1.1423356586081626e+00 

+2.3169245820224722e+00 +3.3333333333333331e-01 +1.1423361241891781e+00 
+2.3267420590649404e+00 +1.3333333333333333e+00 +1.1470384746686111e+00 
+2.3365595361074085e+00 +3.3333333333333331e-01 +1.1517408251480441e+00 

+2.3365595361074085e+00 +3.3333333333333331e-01 +1.1517412984257769e+00 
+2.3463770131498767e+00 +1.3333333333333333e+00 +1.1564401760413585e+00 
+2.3561944901923448e+00 +3.3333333333333331e-01 +1.1611390536569401e+00 

+2.3561944901923448e+00 +3.3333333333333331e-01 +1.1611395346887063e+00 
+2.3660119672348130e+00 +1.3333333333333333e+00 +1.1658349111046997e+00 
+2.3758294442772812e+00 +3.3333333333333331e-01 +1.1705302875206931e+00 

+2.3758294442772812e+00 +3.3333333333333331e-01 +1.1705307763636212e+00 
+2.3856469213197493e+00 +1.3333333333333333e+00 +1.1752226232654512e+00 
+2.3954643983622175e+00 +3.3333333333333331e-01 +1.1799144701672812e+00 

+2.3954643983622175e+00 +3.3333333333333331e-01 +1.1799149668783098e+00 
+2.4052818754046852e+00 +1.3333333333333333e+00 +1.1846032559727346e+00 
+2.4150993524471533e+00 +3.3333333333333331e-01 +1.1892915450671595e+00 

+2.4150993524471533e+00 +3.3333333333333331e-01 +1.1892920497030368e+00 
+2.4249168294896215e+00 +1.3333333333333333e+00 +1.1939767527183178e+00 
+2.4347343065320897e+00 +3.3333333333333331e-01 +1.1986614557335988e+00 

+2.4347343065320897e+00 +3.3333333333333331e-01 +1.1986619683508815e+00 
+2.4445517835745578e+00 +1.3333333333333333e+00 +1.2033430570369554e+00 
+2.4543692606170260e+00 +3.3333333333333331e-01 +1.2080241457230294e+00 

+2.4543692606170260e+00 +3.3333333333333331e-01 +1.2080246663780798e+00 
+2.4641867376594941e+00 +1.3333333333333333e+00 +1.2127021125067285e+00 
+2.4740042147019619e+00 +3.3333333333333331e-01 +1.2173795586353773e+00 

+2.4740042147019619e+00 +3.3333333333333331e-01 +1.2173800873843637e+00 
+2.4838216917444300e+00 +1.3333333333333333e+00 +1.2220538627493847e+00 
+2.4936391687868982e+00 +3.3333333333333331e-01 +1.2267276381144057e+00 

+2.4936391687868982e+00 +3.3333333333333331e-01 +1.2267281750132997e+00 
+2.5034566458293663e+00 +1.3333333333333333e+00 +1.2313982514306772e+00 
+2.5132741228718345e+00 +3.3333333333333331e-01 +1.2360683278480546e+00 

+2.5132741228718345e+00 +3.3333333333333331e-01 +1.2360688729526312e+00 
+2.5230915999143027e+00 +1.3333333333333333e+00 +1.2407352222607060e+00 
+2.5329090769567708e+00 +3.3333333333333331e-01 +1.2454015715687807e+00 

+2.5329090769567708e+00 +3.3333333333333331e-01 +1.2454021249346152e+00 
+2.5427265539992390e+00 +1.3333333333333333e+00 +1.2500647189942546e+00 
+2.5525440310417071e+00 +3.3333333333333331e-01 +1.2547273130538941e+00 

+2.5525440310417071e+00 +3.3333333333333331e-01 +1.2547278747363613e+00 
+2.5623615080841748e+00 +1.3333333333333333e+00 +1.2593866854311297e+00 
+2.5721789851266430e+00 +3.3333333333333331e-01 +1.2640454961258982e+00 

+2.5721789851266430e+00 +3.3333333333333331e-01 +1.2640460661801722e+00 
+2.5819964621691112e+00 +1.3333333333333333e+00 +1.2687010654165012e+00 
+2.5918139392115793e+00 +3.3333333333333331e-01 +1.2733560646528301e+00 

+2.5918139392115793e+00 +3.3333333333333331e-01 +1.2733566431338823e+00 
+2.6016314162540475e+00 +1.3333333333333333e+00 +1.2780078028412383e+00 
+2.6114488932965156e+00 +3.3333333333333331e-01 +1.2826589625485942e+00 

+2.6114488932965156e+00 +3.3333333333333331e-01 +1.2826595495111912e+00 
+2.6212663703389838e+00 +1.3333333333333333e+00 +1.2873068416422480e+00 
+2.6310838473814515e+00 +3.3333333333333331e-01 +1.2919541337733047e+00 

+2.6310838473814515e+00 +3.3333333333333331e-01 +1.2919547292720079e+00 
+2.6409013244239197e+00 +1.3333333333333333e+00 +1.2965981258028147e+00 
+2.6507188014663878e+00 +3.3333333333333331e-01 +1.3012415223336216e+00 

+2.6507188014663878e+00 +3.3333333333333331e-01 +1.3012421264227849e+00 
+2.6605362785088560e+00 +1.3333333333333333e+00 +1.3058815993529349e+00 
+2.6703537555513241e+00 +3.3333333333333331e-01 +1.3105210722830849e+00 

+2.6703537555513241e+00 +3.3333333333333331e-01 +1.3105216850168551e+00 
+2.6801712325937923e+00 +1.3333333333333333e+00 +1.3151572063696562e+00 
+2.6899887096362605e+00 +3.3333333333333331e-01 +1.3197927277224573e+00 

+2.6899887096362605e+00 +3.3333333333333331e-01 +1.3197933491547709e+00 
+2.6998061866787286e+00 +1.3333333333333333e+00 +1.3244248909774132e+00 
+2.7096236637211968e+00 +3.3333333333333331e-01 +1.3290564328000556e+00 

+2.7096236637211968e+00 +3.3333333333333331e-01 +1.3290570629846388e+00 
+2.7194411407636645e+00 +1.3333333333333333e+00 +1.3336845973483646e+00 
+2.7292586178061327e+00 +3.3333333333333331e-01 +1.3383121317120905e+00 

+2.7292586178061327e+00 +3.3333333333333331e-01 +1.3383127707024571e+00 
+2.7390760948486008e+00 +1.3333333333333333e+00 +1.3429362697027298e+00 
+2.7488935718910690e+00 +3.3333333333333331e-01 +1.3475597687030025e+00 

+2.7488935718910690e+00 +3.3333333333333331e-01 +1.3475604165524533e+00 
+2.7587110489335371e+00 +1.3333333333333333e+00 +1.3521798523091244e+00 
+2.7685285259760053e+00 +3.3333333333333331e-01 +1.3567992880657955e+00 

+2.7685285259760053e+00 +3.3333333333333331e-01 +1.3567999448274166e+00 
+2.7783460030184735e+00 +1.3333333333333333e+00 +1.3614152894848957e+00 
+2.7881634800609412e+00 +3.3333333333333331e-01 +1.3660306341423747e+00 

+2.7881634800609412e+00 +3.3333333333333331e-01 +1.3660312998690358e+00 
+2.7979809571034093e+00 +1.3333333333333333e+00 +1.3706425255964587e+00 
+2.8077984341458775e+00 +3.3333333333333331e-01 +1.3752537513238816e+00 

+2.8077984341458775e+00 +3.3333333333333331e-01 +1.3752544260682353e+00 
+2.8176159111883456e+00 +1.3333333333333333e+00 +1.3798615050596312e+00 
+2.8274333882308138e+00 +3.3333333333333331e-01 +1.3844685840510271e+00 

+2.8274333882308138e+00 +3.3333333333333331e-01 +1.3844692678655079e+00 
+2.8372508652732820e+00 +1.3333333333333333e+00 +1.3890721723399679e+00 
+2.8470683423157501e+00 +3.3333333333333331e-01 +1.3936750768144279e+00 

+2.8470683423157501e+00 +3.3333333333333331e-01 +1.3936757697512503e+00 
+2.8568858193582183e+00 +1.3333333333333333e+00 +1.3982744719530960e+00 
+2.8667032964006864e+00 +3.3333333333333331e-01 +1.4028731741549416e+00 

+2.8667032964006864e+00 +3.3333333333333331e-01 +1.4028738762660993e+00 
+2.8765207734431542e+00 +1.3333333333333333e+00 +1.4074683484650485e+00 
+2.8863382504856223e+00 +3.3333333333333331e-01 +1.4120628206639978e+00 

+2.8863382504856223e+00 +3.3333333333333331e-01 +1.4120635320012618e+00 
+2.8961557275280905e+00 +1.3333333333333333e+00 +1.4166537464925986e+00 
+2.9059732045705586e+00 +3.3333333333333331e-01 +1.4212439609839354e+00 

+2.9059732045705586e+00 +3.3333333333333331e-01 +1.4212446815988535e+00 
+2.9157906816130268e+00 +1.3333333333333333e+00 +1.4258306107035938e+00 
+2.9256081586554950e+00 +3.3333333333333331e-01 +1.4304165398083342e+00 

+2.9256081586554950e+00 +3.3333333333333331e-01 +1.4304172697522290e+00 
+2.9354256356979631e+00 +1.3333333333333333e+00 +1.4349988858172880e+00 
+2.9452431127404308e+00 +3.3333333333333331e-01 +1.4395805018823469e+00 

+2.9452431127404308e+00 +3.3333333333333331e-01 +1.4395812412063151e+00 
+2.9550605897828990e+00 +1.3333333333333333e+00 +1.4441585166046753e+00 
+2.9648780668253671e+00 +3.3333333333333331e-01 +1.4487357920030355e+00 

+2.9648780668253671e+00 +3.3333333333333331e-01 +1.4487365407579473e+00 
+2.9746955438678353e+00 +1.3333333333333333e+00 +1.4533094478888233e+00 
+2.9845130209103035e+00 +3.3333333333333331e-01 +1.4578823550196993e+00 

+2.9845130209103035e+00 +3.3333333333333331e-01 +1.4578831132561951e+00 
+2.9943304979527716e+00 +1.3333333333333333e+00 +1.4624516245452033e+00 
+3.0041479749952398e+00 +3.3333333333333331e-01 +1.4670201358342114e+00 

+3.0041479749952398e+00 +3.3333333333333331e-01 +1.4670209036027035e+00 
+3.0139654520377079e+00 +1.3333333333333333e+00 +1.4715849915020256e+00 
+3.0237829290801761e+00 +3.3333333333333331e-01 +1.4761490794013477e+00 

+3.0237829290801761e+00 +3.3333333333333331e-01 +1.4761498567520159e+00 
+3.0336004061226438e+00 +1.3333333333333333e+00 +1.4807094937405678e+00 
+3.0434178831651120e+00 +3.3333333333333331e-01 +1.4852691307291197e+00 

+3.0434178831651120e+00 +3.3333333333333331e-01 +1.4852699177119122e+00 
+3.0532353602075801e+00 +1.3333333333333333e+00 +1.4898250762955088e+00 
+3.0630528372500483e+00 +3.3333333333333331e-01 +1.4943802348791053e+00 

+3.0630528372500483e+00 +3.3333333333333331e-01 +1.4943810315437376e+00 
+3.0728703142925164e+00 +1.3333333333333333e+00 +1.4989316842552594e+00 
+3.0826877913349846e+00 +3.3333333333333331e-01 +1.5034823369667811e+00 

+3.0826877913349846e+00 +3.3333333333333331e-01 +1.5034831433627331e+00 
+3.0925052683774528e+00 +1.3333333333333333e+00 +1.5080292627622915e+00 
+3.1023227454199205e+00 +3.3333333333333331e-01 +1.5125753821618499e+00 

+3.1023227454199205e+00 +3.3333333333333331e-01 +1.5125761983383665e+00 
+3.1121402224623886e+00 +1.3333333333333333e+00 +1.5171177570134708e+00 
+3.1219576995048568e+00 +3.3333333333333331e-01 +1.5216593156885752e+00 

+3.1219576995048568e+00 +3.3333333333333331e-01 +1.5216601416946636e+00 
+3.1317751765473250e+00 +1.3333333333333333e+00 +1.5261971122603855e+00 
+3.1415926535897931e+00 +3.3333333333333331e-01 +1.5307340828261073e+00 

+3.1415926535897931e+00 +3.3333333333333331e-01 +1.5307349187105377e+00 
+3.1514101306322613e+00 +1.3333333333333333e+00 +1.5352672738096764e+00 
+3.1612276076747294e+00 +3.3333333333333331e-01 +1.5397996289088152e+00 

+3.1612276076747294e+00 +3.3333333333333331e-01 +1.5398004747201173e+00 
+3.1710450847171976e+00 +1.3333333333333333e+00 +1.5443281870233665e+00 
+3.1808625617596658e+00 +3.3333333333333331e-01 +1.5488558993266157e+00 

+3.1808625617596658e+00 +3.3333333333333331e-01 +1.5488567551130792e+00 
+3.1906800388021335e+00 +1.3333333333333333e+00 +1.5533797973191901e+00 
+3.2004975158446016e+00 +3.3333333333333331e-01 +1.5579028395253010e+00 

+3.2004975158446016e+00 +3.3333333333333331e-01 +1.5579037053349745e+00 
+3.2103149928870698e+00 +1.3333333333333333e+00 +1.5624220501709218e+00 
+3.2201324699295379e+00 +3.3333333333333331e-01 +1.5669403950068692e+00 

+3.2201324699295379e+00 +3.3333333333333331e-01 +1.5669412708875574e+00 
+3.2299499469720061e+00 +1.3333333333333333e+00 +1.5714548911087043e+00 
+3.2397674240144743e+00 +3.3333333333333331e-01 +1.5759685113298512e+00 

+3.2397674240144743e+00 +3.3333333333333331e-01 +1.5759693973291160e+00 
+3.2495849010569424e+00 +1.3333333333333333e+00 +1.5804782657193774e+00 
+3.2594023780994101e+00 +3.3333333333333331e-01 +1.5849871341096389e+00 

+3.2594023780994101e+00 +3.3333333333333331e-01 +1.5849880302747961e+00 
+3.2692198551418783e+00 +1.3333333333333333e+00 +1.5894921196468050e+00 
+3.2790373321843465e+00 +3.3333333333333331e-01 +1.5939962090188140e+00 

+3.2790373321843465e+00 +3.3333333333333331e-01 +1.5939971153969332e+00 
+3.2888548092268146e+00 +1.3333333333333333e+00 +1.5984963985922032e+00 
+3.2986722862692828e+00 +3.3333333333333331e-01 +1.6029956817874731e+00 

+3.2986722862692828e+00 +3.3333333333333331e-01 +1.6029965984253771e+00 
+3.3084897633117509e+00 +1.3333333333333333e+00 +1.6074910483144667e+00 
+3.3183072403542191e+00 +3.3333333333333331e-01 +1.6119854982035562e+00 

+3.3183072403542191e+00 +3.3333333333333331e-01 +1.6119864251478193e+00 
+3.3281247173966872e+00 +1.3333333333333333e+00 +1.6164760146304964e+00 
+3.3379421944391554e+00 +3.3333333333333331e-01 +1.6209656041131735e+00 

+3.3379421944391554e+00 +3.3333333333333331e-01 +1.6209665414101195e+00 
+3.3477596714816231e+00 +1.3333333333333333e+00 +1.6254512434155248e+00 
+3.3575771485240913e+00 +3.3333333333333331e-01 +1.6299359454209301e+00 

+3.3575771485240913e+00 +3.3333333333333331e-01 +1.6299368931166327e+00 
+3.3673946255665594e+00 +1.3333333333333333e+00 +1.6344166806034430e+00 
+3.3772121026090276e+00 +3.3333333333333331e-01 +1.6388964680902534e+00 

+3.3772121026090276e+00 +3.3333333333333331e-01 +1.6388974262305342e+00 
+3.3870295796514958e+00 +1.3333333333333333e+00 +1.6433722721871260e+00 
+3.3968470566939639e+00 +3.3333333333333331e-01 +1.6478471181437178e+00 

+3.3968470566939639e+00 +3.3333333333333331e-01 +1.6478480867741454e+00 
+3.4066645337364321e+00 +1.3333333333333333e+00 +1.6523179642187573e+00 
+3.4164820107788998e+00 +3.3333333333333331e-01 +1.6567878416633692e+00 

+3.4164820107788998e+00 +3.3333333333333331e-01 +1.6567888208292578e+00 
+3.4262994878213680e+00 +1.3333333333333333e+00 +1.6612537028101551e+00 
+3.4361169648638361e+00 +3.3333333333333331e-01 +1.6657185847910523e+00 

+3.4361169648638361e+00 +3.3333333333333331e-01 +1.6657195745374616e+00 
+3.4459344419063043e+00 +1.3333333333333333e+00 +1.6701794341330967e+00 
+3.4557519189487724e+00 +3.3333333333333331e-01 +1.6746392937287318e+00 

+3.4557519189487724e+00 +3.3333333333333331e-01 +1.6746402941004648e+00 
+3.4655693959912406e+00 +1.3333333333333333e+00 +1.6790951044196418e+00 
+3.4753868730337087e+00 +3.3333333333333331e-01 +1.6835499147388189e+00 

+3.4753868730337087e+00 +3.3333333333333331e-01 +1.6835509257804213e+00 
+3.4852043500761769e+00 +1.3333333333333333e+00 +1.6880006599624575e+00 
+3.4950218271186451e+00 +3.3333333333333331e-01 +1.6924503941444937e+00 

+3.4950218271186451e+00 +3.3333333333333331e-01 +1.6924514159002524e+00 
+3.5048393041611128e+00 +1.3333333333333333e+00 +1.6968960471151406e+00 
+3.5146567812035809e+00 +3.3333333333333331e-01 +1.7013406783300289e+00 

+3.5146567812035809e+00 +3.3333333333333331e-01 +1.7013417108439717e+00 
+3.5244742582460491e+00 +1.3333333333333333e+00 +1.7057812122925424e+00 
+3.5342917352885173e+00 +3.3333333333333331e-01 +1.7102207137411132e+00 

+3.5342917352885173e+00 +3.3333333333333331e-01 +1.7102217570570071e+00 
+3.5441092123309854e+00 +1.3333333333333333e+00 +1.7146561019710904e+00 
+3.5539266893734536e+00 +3.3333333333333331e-01 +1.7190904468851738e+00 

+3.5539266893734536e+00 +3.3333333333333331e-01 +1.7190915010465244e+00 
+3.5637441664159217e+00 +1.3333333333333333e+00 +1.7235206626891106e+00 
+3.5735616434583894e+00 +3.3333333333333331e-01 +1.7279498243316969e+00 

+3.5735616434583894e+00 +3.3333333333333331e-01 +1.7279508893817470e+00 
+3.5833791205008576e+00 +1.3333333333333333e+00 +1.7323748410471502e+00 
+3.5931965975433258e+00 +3.3333333333333331e-01 +1.7367987927125534e+00 

+3.5931965975433258e+00 +3.3333333333333331e-01 +1.7367998686942825e+00 
+3.6030140745857939e+00 +1.3333333333333333e+00 +1.7412185837082992e+00 
+3.6128315516282621e+00 +3.3333333333333331e-01 +1.7456372987223159e+00 

+3.6128315516282621e+00 +3.3333333333333331e-01 +1.7456383856784377e+00 
+3.6226490286707302e+00 +1.3333333333333333e+00 +1.7500518373985106e+00 
+3.6324665057131984e+00 +3.3333333333333331e-01 +1.7544652891185835e+00 

+3.6324665057131984e+00 +3.3333333333333331e-01 +1.7544663870915462e+00 
+3.6422839827556666e+00 +1.3333333333333333e+00 +1.7588745489069231e+00 
+3.6521014597981347e+00 +3.3333333333333331e-01 +1.7632827107222999e+00 

+3.6521014597981347e+00 +3.3333333333333331e-01 +1.7632838197542853e+00 
+3.6619189368406024e+00 +1.3333333333333333e+00 +1.7676866650861798e+00 
+3.6717364138830706e+00 +3.3333333333333331e-01 +1.7720895104180743e+00 

+3.6717364138830706e+00 +3.3333333333333331e-01 +1.7720906305509971e+00 
+3.6815538909255388e+00 +1.3333333333333333e+00 +1.7764881328527506e+00 
+3.6913713679680069e+00 +3.3333333333333331e-01 +1.7808856351545042e+00 

+3.6913713679680069e+00 +3.3333333333333331e-01 +1.7808867664300079e+00 
+3.7011888450104751e+00 +1.3333333333333333e+00 +1.7852788991872490e+00 
+3.7110063220529432e+00 +3.3333333333333331e-01 +1.7896710319444902e+00 

+3.7110063220529432e+00 +3.3333333333333331e-01 +1.7896721744039510e+00 
+3.7208237990954114e+00 +1.3333333333333333e+00 +1.7940589111347549e+00 
+3.7306412761378791e+00 +3.3333333333333331e-01 +1.7984456478655588e+00 

+3.7306412761378791e+00 +3.3333333333333331e-01 +1.7984468015500803e+00 
+3.7404587531803473e+00 +1.3333333333333333e+00 +1.8028281158051300e+00 
+3.7502762302228154e+00 +3.3333333333333331e-01 +1.8072094300601798e+00 

+3.7502762302228154e+00 +3.3333333333333331e-01 +1.8072105950105943e+00 
+3.7600937072652836e+00 +1.3333333333333333e+00 +1.8115864603733398e+00 
+3.7699111843077517e+00 +3.3333333333333331e-01 +1.8159623257360853e+00 

+3.7699111843077517e+00 +3.3333333333333331e-01 +1.8159635019929523e+00 
+3.7797286613502199e+00 +1.3333333333333333e+00 +1.8203338920797694e+00 
+3.7895461383926881e+00 +3.3333333333333331e-01 +1.8247042821665864e+00 

+3.7895461383926881e+00 +3.3333333333333331e-01 +1.8247054697701919e+00 
+3.7993636154351562e+00 +1.3333333333333333e+00 +1.8290703582305423e+00 
+3.8091810924776244e+00 +3.3333333333333331e-01 +1.8334352466908928e+00 

+3.8091810924776244e+00 +3.3333333333333331e-01 +1.8334364456812469e+00 
+3.8189985695200921e+00 +1.3333333333333333e+00 +1.8377958061978374e+00 
+3.8288160465625602e+00 +3.3333333333333331e-01 +1.8421551667144280e+00 

+3.8288160465625602e+00 +3.3333333333333331e-01 +1.8421563771312663e+00 
+3.8386335236050284e+00 +1.3333333333333333e+00 +1.8465101834202071e+00 
+3.8484510006474966e+00 +3.3333333333333331e-01 +1.8508639897091479e+00 

+3.8484510006474966e+00 +3.3333333333333331e-01 +1.8508652115919291e+00 
+3.8582684776899647e+00 +1.3333333333333333e+00 +1.8552134374028928e+00 
+3.8680859547324329e+00 +3.3333333333333331e-01 +1.8595616632138565e+00 

+3.8680859547324329e+00 +3.3333333333333331e-01 +1.8595628966017610e+00 
+3.8779034317749010e+00 +1.3333333333333333e+00 +1.8639055157181410e+00 
+3.8877209088173688e+00 +3.3333333333333331e-01 +1.8682481348345210e+00 

+3.8877209088173688e+00 +3.3333333333333331e-01 +1.8682493797664506e+00 
+3.8975383858598369e+00 +1.3333333333333333e+00 +1.8725863660055200e+00 
+3.9073558629023051e+00 +3.3333333333333331e-01 +1.8769233522445894e+00 

+3.9073558629023051e+00 +3.3333333333333331e-01 +1.8769246087591664e+00 
+3.9171733399447732e+00 +1.3333333333333333e+00 +1.8812559359722349e+00 
+3.9269908169872414e+00 +3.3333333333333331e-01 +1.8855872631853035e+00 

+3.9269908169872414e+00 +3.3333333333333331e-01 +1.8855885313208705e+00 
+3.9368082940297096e+00 +1.3333333333333333e+00 +1.8899141733934428e+00 
+3.9466257710721777e+00 +3.3333333333333331e-01 +1.8942398154660152e+00 

+3.9466257710721777e+00 +3.3333333333333331e-01 +1.8942410952606326e+00 
+3.9564432481146459e+00 +1.3333333333333333e+00 +1.8985610261125667e+00 
+3.9662607251571140e+00 +3.3333333333333331e-01 +1.9028809569645009e+00 

+3.9662607251571140e+00 +3.3333333333333331e-01 +1.9028822484559473e+00 
+3.9760782021995817e+00 +1.3333333333333333e+00 +1.9071964420416108e+00 
+3.9858956792420499e+00 +3.3333333333333331e-01 +1.9115106356272742e+00 

+3.9858956792420499e+00 +3.3333333333333331e-01 +1.9115119388530439e+00 
+3.9957131562845181e+00 +1.3333333333333333e+00 +1.9158203691614726e+00 
+4.0055306333269858e+00 +3.3333333333333331e-01 +1.9201287994699012e+00 

+4.0055306333269858e+00 +3.3333333333333331e-01 +1.9201301144672058e+00 
+4.0153481103694535e+00 +1.3333333333333333e+00 +1.9244327555222587e+00 
+4.0251655874119221e+00 +3.3333333333333331e-01 +1.9287353965773120e+00 

+4.0251655874119221e+00 +3.3333333333333331e-01 +1.9287367233830761e+00 
+4.0349830644543907e+00 +1.3333333333333333e+00 +1.9330335492435957e+00 
+4.0448005414968584e+00 +3.3333333333333331e-01 +1.9373303751041149e+00 

+4.0448005414968584e+00 +3.3333333333333331e-01 +1.9373317137549795e+00 
+4.0546180185393261e+00 +1.3333333333333333e+00 +1.9416226985149432e+00 
+4.0644354955817947e+00 +3.3333333333333331e-01 +1.9459136832749073e+00 

+4.0644354955817947e+00 +3.3333333333333331e-01 +1.9459150338072249e+00 
+4.0742529726242633e+00 +1.3333333333333333e+00 +1.9502001515959071e+00 
+4.0840704496667311e+00 +3.3333333333333331e-01 +1.9544852693845889e+00 

+4.0840704496667311e+00 +3.3333333333333331e-01 +1.9544866318344256e+00 
+4.0938879267091988e+00 +1.3333333333333333e+00 +1.9587658568165482e+00 
+4.1037054037516674e+00 +3.3333333333333331e-01 +1.9630450817986713e+00 

+4.1037054037516674e+00 +3.3333333333333331e-01 +1.9630464562018028e+00 
+4.1135228807941360e+00 +1.3333333333333333e+00 +1.9673197625776979e+00 
+4.1233403578366037e+00 +3.3333333333333331e-01 +1.9715930689535925e+00 

+4.1233403578366037e+00 +3.3333333333333331e-01 +1.9715944553455074e+00 
+4.1331578348790714e+00 +1.3333333333333333e+00 +1.9758618173512652e+00 
+4.1429753119215400e+00 +3.3333333333333331e-01 +1.9801291793570235e+00 

+4.1429753119215400e+00 +3.3333333333333331e-01 +1.9801305777729168e+00 
+4.1527927889640086e+00 +1.3333333333333333e+00 +1.9843919696805490e+00 
+4.1626102660064763e+00 +3.3333333333333331e-01 +1.9886533615881807e+00 

+4.1626102660064763e+00 +3.3333333333333331e-01 +1.9886547720629604e+00 
+4.1724277430489440e+00 +1.3333333333333333e+00 +1.9929101681805477e+00 
+4.1822452200914118e+00 +3.3333333333333331e-01 +1.9971655642981350e+00 

+4.1822452200914118e+00 +3.3333333333333331e-01 +1.9971669868664139e+00 
+4.1920626971338795e+00 +1.3333333333333333e+00 +2.0014163615382681e+00 
+4.2018801741763481e+00 +3.3333333333333331e-01 +2.0056657362101222e+00 

+4.2018801741763481e+00 +3.3333333333333331e-01 +2.0056671709062219e+00 
+4.2116976512188167e+00 +1.3333333333333333e+00 +2.0099104985130367e+00 
+4.2215151282612844e+00 +3.3333333333333331e-01 +2.0141538261198515e+00 

+4.2215151282612844e+00 +3.3333333333333331e-01 +2.0141552729777987e+00 
+4.2313326053037521e+00 +1.3333333333333333e+00 +2.0183925279368049e+00 
+4.2411500823462207e+00 +3.3333333333333331e-01 +2.0226297828958111e+00 

+4.2411500823462207e+00 +3.3333333333333331e-01 +2.0226312419493389e+00 
+4.2509675593886893e+00 +1.3333333333333333e+00 +2.0268623987144596e+00 
+4.2607850364311570e+00 +3.3333333333333331e-01 +2.0310935554795804e+00 

+4.2607850364311570e+00 +3.3333333333333331e-01 +2.0310950267621273e+00 
+4.2706025134736247e+00 +1.3333333333333333e+00 +2.0353200598241314e+00 
+4.2804199905160933e+00 +3.3333333333333331e-01 +2.0395450928861356e+00 

+4.2804199905160933e+00 +3.3333333333333331e-01 +2.0395465764308431e+00 
+4.2902374675585619e+00 +1.3333333333333333e+00 +2.0437654603174997e+00 
+4.3000549446010297e+00 +3.3333333333333331e-01 +2.0479843442041563e+00 

+4.3000549446010297e+00 +3.3333333333333331e-01 +2.0479858400438693e+00 
+4.3098724216434974e+00 +1.3333333333333333e+00 +2.0521985493201016e+00 
+4.3196898986859651e+00 +3.3333333333333331e-01 +2.0564112585963339e+00 

+4.3196898986859651e+00 +3.3333333333333331e-01 +2.0564127667635987e+00 
+4.3295073757284328e+00 +1.3333333333333333e+00 +2.0606192760316380e+00 
+4.3393248527709014e+00 +3.3333333333333331e-01 +2.0648257852996772e+00 

+4.3393248527709014e+00 +3.3333333333333331e-01 +2.0648273058267423e+00 
+4.3491423298133700e+00 +1.3333333333333333e+00 +2.0690275897262786e+00 
+4.3589598068558377e+00 +3.3333333333333331e-01 +2.0732278736258150e+00 

+4.3589598068558377e+00 +3.3333333333333331e-01 +2.0732294065446308e+00 
+4.3687772838983054e+00 +1.3333333333333333e+00 +2.0774234397529696e+00 
+4.3785947609407740e+00 +3.3333333333333331e-01 +2.0816174729613084e+00 

+4.3785947609407740e+00 +3.3333333333333331e-01 +2.0816190183035235e+00 
+4.3884122379832426e+00 +1.3333333333333333e+00 +2.0858067755357350e+00 
+4.3982297150257104e+00 +3.3333333333333331e-01 +2.0899945327679466e+00 

+4.3982297150257104e+00 +3.3333333333333331e-01 +2.0899960905649104e+00 
+4.4080471920681781e+00 +1.3333333333333333e+00 +2.0941775465739858e+00 
+4.4178646691106467e+00 +3.3333333333333331e-01 +2.0983590025830612e+00 

+4.4178646691106467e+00 +3.3333333333333331e-01 +2.0983605728658201e+00 
+4.4276821461531153e+00 +1.3333333333333333e+00 +2.1025357024428213e+00 
+4.4374996231955830e+00 +3.3333333333333331e-01 +2.1067108320198225e+00 

+4.4374996231955830e+00 +3.3333333333333331e-01 +2.1067124148191212e+00 
+4.4473171002380507e+00 +1.3333333333333333e+00 +2.1108811927933333e+00 
+4.4571345772805193e+00 +3.3333333333333331e-01 +2.1150499707675454e+00 

+4.4571345772805193e+00 +3.3333333333333331e-01 +2.1150515661138258e+00 
+4.4669520543229879e+00 +1.3333333333333333e+00 +2.1192139673529105e+00 
+4.4767695313654556e+00 +3.3333333333333331e-01 +2.1233763685919951e+00 

+4.4767695313654556e+00 +3.3333333333333331e-01 +2.1233779765153948e+00 
+4.4865870084079233e+00 +1.3333333333333333e+00 +2.1275339759255396e+00 
+4.4964044854503911e+00 +3.3333333333333331e-01 +2.1316899753356844e+00 

+4.4964044854503911e+00 +3.3333333333333331e-01 +2.1316915958660378e+00 
+4.5062219624928588e+00 +1.3333333333333333e+00 +2.1358411683921101e+00 
+4.5160394395353274e+00 +3.3333333333333331e-01 +2.1399907409181824e+00 

+4.5160394395353274e+00 +3.3333333333333331e-01 +2.1399923740850175e+00 
+4.5258569165777960e+00 +1.3333333333333333e+00 +2.1441354947107136e+00 
+4.5356743936202637e+00 +3.3333333333333331e-01 +2.1482786153364097e+00 

+4.5356743936202637e+00 +3.3333333333333331e-01 +2.1482802611689493e+00 
+4.5454918706627314e+00 +1.3333333333333333e+00 +2.1524169049169468e+00 
+4.5553093477052000e+00 +3.3333333333333331e-01 +2.1565535486649443e+00 

+4.5553093477052000e+00 +3.3333333333333331e-01 +2.1565552071921035e+00 
+4.5651268247476686e+00 +1.3333333333333333e+00 +2.1606853491242117e+00 
+4.5749443017901363e+00 +3.3333333333333331e-01 +2.1648154910563200e+00 

+4.5749443017901363e+00 +3.3333333333333331e-01 +2.1648171623067074e+00 
+4.5847617788326041e+00 +1.3333333333333333e+00 +2.1689407775240168e+00 
+4.5945792558750727e+00 +3.3333333333333331e-01 +2.1730643927413262e+00 

+4.5945792558750727e+00 +3.3333333333333331e-01 +2.1730660767432437e+00 
+4.6043967329175413e+00 +1.3333333333333333e+00 +2.1771831403862776e+00 
+4.6142142099600090e+00 +3.3333333333333331e-01 +2.1813002040293115e+00 

+4.6142142099600090e+00 +3.3333333333333331e-01 +2.1813019008107499e+00 
+4.6240316870024767e+00 +1.3333333333333333e+00 +2.1854123880596137e+00 
+4.6338491640449444e+00 +3.3333333333333331e-01 +2.1895228753084774e+00 

+4.6338491640449444e+00 +3.3333333333333331e-01 +2.1895245848971197e+00 
+4.6436666410874121e+00 +1.3333333333333333e+00 +2.1936284709716514e+00 
+4.6534841181298807e+00 +3.3333333333333331e-01 +2.1977323570461831e+00 

+4.6534841181298807e+00 +3.3333333333333331e-01 +2.1977340794694022e+00 
+4.6633015951723493e+00 +1.3333333333333333e+00 +2.2018313396293197e+00 
+4.6731190722148170e+00 +3.3333333333333331e-01 +2.2059285997892371e+00 

+4.6731190722148170e+00 +3.3333333333333331e-01 +2.2059303350740951e+00 
+4.6829365492572848e+00 +1.3333333333333333e+00 +2.2100209446191492e+00 
+4.6927540262997534e+00 +3.3333333333333331e-01 +2.2141115541642034e+00 

+4.6927540262997534e+00 +3.3333333333333331e-01 +2.2141133023374500e+00 
+4.7025715033422220e+00 +1.3333333333333333e+00 +2.2181972366075700e+00 
+4.7123889803846897e+00 +3.3333333333333331e-01 +2.2222811708776899e+00 

+4.7123889803846897e+00 +3.3333333333333331e-01 +2.2222829319657635e+00 
+4.7222064574271574e+00 +1.3333333333333333e+00 +2.2263601663412085e+00 
+4.7320239344696260e+00 +3.3333333333333331e-01 +2.2304374007166534e+00 

+4.7320239344696260e+00 +3.3333333333333331e-01 +2.2304391747456807e+00 
+4.7418414115120946e+00 +1.3333333333333333e+00 +2.2345096846471852e+00 
+4.7516588885545623e+00 +3.3333333333333331e-01 +2.2385801945486898e+00 

+4.7516588885545623e+00 +3.3333333333333331e-01 +2.2385819815444838e+00 
+4.7614763655970300e+00 +1.3333333333333333e+00 +2.2426457424334090e+00 
+4.7712938426394986e+00 +3.3333333333333331e-01 +2.2467095033223341e+00 

+4.7712938426394986e+00 +3.3333333333333331e-01 +2.2467113033103940e+00 
+4.7811113196819672e+00 +1.3333333333333333e+00 +2.2507682906888746e+00 
+4.7909287967244349e+00 +3.3333333333333331e-01 +2.2548252780673552e+00 

+4.7909287967244349e+00 +3.3333333333333331e-01 +2.2548270910728654e+00 
+4.8007462737669027e+00 +1.3333333333333333e+00 +2.2588772804839565e+00 
+4.8105637508093704e+00 +3.3333333333333331e-01 +2.2629274698950477e+00 

+4.8105637508093704e+00 +3.3333333333333331e-01 +2.2629292959428771e+00 
+4.8203812278518381e+00 +1.3333333333333333e+00 +2.2669726629707045e+00 
+4.8301987048943067e+00 +3.3333333333333331e-01 +2.2710160299985320e+00 

+4.8301987048943067e+00 +3.3333333333333331e-01 +2.2710178691132343e+00 
+4.8400161819367753e+00 +1.3333333333333333e+00 +2.2750543893831385e+00 
+4.8498336589792430e+00 +3.3333333333333331e-01 +2.2790909096530427e+00 

+4.8498336589792430e+00 +3.3333333333333331e-01 +2.2790927618588572e+00 
+4.8596511360217107e+00 +1.3333333333333333e+00 +2.2831224110375419e+00 
+4.8694686130641793e+00 +3.3333333333333331e-01 +2.2871520602162265e+00 

+4.8694686130641793e+00 +3.3333333333333331e-01 +2.2871539255370723e+00 
+4.8792860901066479e+00 +1.3333333333333333e+00 +2.2911766793327524e+00 
+4.8891035671491156e+00 +3.3333333333333331e-01 +2.2951994331284324e+00 

+4.8891035671491156e+00 +3.3333333333333331e-01 +2.2952013115879129e+00 
+4.8989210441915834e+00 +1.3333333333333333e+00 +2.2992171457504589e+00 
+4.9087385212340520e+00 +3.3333333333333331e-01 +2.3032329799130049e+00 

+4.9087385212340520e+00 +3.3333333333333331e-01 +2.3032348715344049e+00 
+4.9185559982765206e+00 +1.3333333333333333e+00 +2.3072437618554908e+00 
+4.9283734753189883e+00 +3.3333333333333331e-01 +2.3112526521765768e+00 

+4.9283734753189883e+00 +3.3333333333333331e-01 +2.3112545569828642e+00 
+4.9381909523614560e+00 +1.3333333333333333e+00 +2.3152564792961119e+00 
+4.9480084294039237e+00 +3.3333333333333331e-01 +2.3192584016093596e+00 

+4.9480084294039237e+00 +3.3333333333333331e-01 +2.3192603196231811e+00 
+4.9578259064463914e+00 +1.3333333333333333e+00 +2.3232552498043084e+00 
+4.9676433834888600e+00 +3.3333333333333331e-01 +2.3272501799854357e+00 

+4.9676433834888600e+00 +3.3333333333333331e-01 +2.3272521112291198e+00 
+4.9774608605313286e+00 +1.3333333333333333e+00 +2.3312400251960841e+00 
+4.9872783375737963e+00 +3.3333333333333331e-01 +2.3352279391630484e+00 

+4.9872783375737963e+00 +3.3333333333333331e-01 +2.3352298836586045e+00 
+4.9970958146162641e+00 +1.3333333333333333e+00 +2.3392107573717480e+00 
+5.0069132916587327e+00 +3.3333333333333331e-01 +2.3431916310848915e+00 

+5.0069132916587327e+00 +3.3333333333333331e-01 +2.3431935888540050e+00 
+5.0167307687012013e+00 +1.3333333333333333e+00 +2.3471673983162020e+00 
+5.0265482457436690e+00 +3.3333333333333331e-01 +2.3511412077783991e+00 

+5.0265482457436690e+00 +3.3333333333333331e-01 +2.3511431788424368e+00 
+5.0363657227861367e+00 +1.3333333333333333e+00 +2.3551099000992357e+00 
+5.0461831998286053e+00 +3.3333333333333331e-01 +2.3590766213560346e+00 

+5.0461831998286053e+00 +3.3333333333333331e-01 +2.3590786057360402e+00 
+5.0560006768710739e+00 +1.3333333333333333e+00 +2.3630382148758096e+00 
+5.0658181539135416e+00 +3.3333333333333331e-01 +2.3669978240155789e+00 

+5.0658181539135416e+00 +3.3333333333333331e-01 +2.3669998217322750e+00 
+5.0756356309560093e+00 +1.3333333333333333e+00 +2.3709522948863468e+00 
+5.0854531079984779e+00 +3.3333333333333331e-01 +2.3749047680404187e+00 

+5.0854531079984779e+00 +3.3333333333333331e-01 +2.3749067791142049e+00 
+5.0952705850409465e+00 +1.3333333333333333e+00 +2.3788520924570200e+00 
+5.1050880620834143e+00 +3.3333333333333331e-01 +2.3827974057998351e+00 

+5.1050880620834143e+00 +3.3333333333333331e-01 +2.3827994302507864e+00 
+5.1149055391258820e+00 +1.3333333333333333e+00 +2.3867375600000362e+00 
+5.1247230161683497e+00 +3.3333333333333331e-01 +2.3906756897492860e+00 

+5.1247230161683497e+00 +3.3333333333333331e-01 +2.3906777275971560e+00 
+5.1345404932108174e+00 +1.3333333333333333e+00 +2.3946086500139283e+00 
+5.1443579702532860e+00 +3.3333333333333331e-01 +2.3985395724307006e+00 

+5.1443579702532860e+00 +3.3333333333333331e-01 +2.3985416236949173e+00 
+5.1541754472957546e+00 +1.3333333333333333e+00 +2.4024653150838362e+00 
+5.1639929243382223e+00 +3.3333333333333331e-01 +2.4063890064727551e+00 

+5.1639929243382223e+00 +3.3333333333333331e-01 +2.4063910711724215e+00 
+5.1738104013806900e+00 +1.3333333333333333e+00 +2.4103075078817948e+00 
+5.1836278784231586e+00 +3.3333333333333331e-01 +2.4142239445911682e+00 

+5.1836278784231586e+00 +3.3333333333333331e-01 +2.4142260227450634e+00 
+5.1934453554656272e+00 +1.3333333333333333e+00 +2.4181351811670209e+00 
+5.2032628325080950e+00 +3.3333333333333331e-01 +2.4220443395889784e+00 

+5.2032628325080950e+00 +3.3333333333333331e-01 +2.4220464312155543e+00 
+5.2130803095505627e+00 +1.3333333333333333e+00 +2.4259482877861922e+00 
+5.2228977865930313e+00 +3.3333333333333331e-01 +2.4298501443568301e+00 

+5.2228977865930313e+00 +3.3333333333333331e-01 +2.4298522494742159e+00 
+5.2327152636354999e+00 +1.3333333333333333e+00 +2.4337467806737387e+00 
+5.2425327406779676e+00 +3.3333333333333331e-01 +2.4376413118732616e+00 

+5.2425327406779676e+00 +3.3333333333333331e-01 +2.4376434304992562e+00 
+5.2523502177204353e+00 +1.3333333333333333e+00 +2.4415306128521190e+00 
+5.2621676947629030e+00 +3.3333333333333331e-01 +2.4454177952049818e+00 

+5.2621676947629030e+00 +3.3333333333333331e-01 +2.4454199273570594e+00 
+5.2719851718053707e+00 +1.3333333333333333e+00 +2.4492997374321095e+00 
+5.2818026488478393e+00 +3.3333333333333331e-01 +2.4531795475071596e+00 

+5.2818026488478393e+00 +3.3333333333333331e-01 +2.4531816932024668e+00 
+5.2916201258903079e+00 +1.3333333333333333e+00 +2.4570541076130832e+00 
+5.3014376029327757e+00 +3.3333333333333331e-01 +2.4609265220236995e+00 

+5.3014376029327757e+00 +3.3333333333333331e-01 +2.4609286812790550e+00 
+5.3112550799752434e+00 +1.3333333333333333e+00 +2.4647936766832914e+00 
+5.3210725570177120e+00 +3.3333333333333331e-01 +2.4686586720875279e+00 

+5.3210725570177120e+00 +3.3333333333333331e-01 +2.4686608449194227e+00 
+5.3308900340601806e+00 +1.3333333333333333e+00 +2.4725183980201475e+00 
+5.3407075111026483e+00 +3.3333333333333331e-01 +2.4763759511208723e+00 

+5.3407075111026483e+00 +3.3333333333333331e-01 +2.4763781375454696e+00 
+5.3505249881451160e+00 +1.3333333333333333e+00 +2.4802282250905066e+00 
+5.3603424651875846e+00 +3.3333333333333331e-01 +2.4840783126355435e+00 

+5.3603424651875846e+00 +3.3333333333333331e-01 +2.4840805126686751e+00 
+5.3701599422300532e+00 +1.3333333333333333e+00 +2.4879231114509439e+00 
+5.3799774192725209e+00 +3.3333333333333331e-01 +2.4917657102332127e+00 

+5.3799774192725209e+00 +3.3333333333333331e-01 +2.4917679238903836e+00 
+5.3897948963149886e+00 +1.3333333333333333e+00 +2.4956030107480389e+00 
+5.3996123733574573e+00 +3.3333333333333331e-01 +2.4994380976056942e+00 

+5.3996123733574573e+00 +3.3333333333333331e-01 +2.4994403249020785e+00 
+5.4094298503999259e+00 +1.3333333333333333e+00 +2.5032678767186503e+00 
+5.4192473274423936e+00 +3.3333333333333331e-01 +2.5070954285352220e+00 

+5.4192473274423936e+00 +3.3333333333333331e-01 +2.5070976694856650e+00 
+5.4290648044848613e+00 +1.3333333333333333e+00 +2.5109176631901966e+00 
+5.4388822815273290e+00 +3.3333333333333331e-01 +2.5147376568947282e+00 

+5.4388822815273290e+00 +3.3333333333333331e-01 +2.5147399115137441e+00 
+5.4486997585697967e+00 +1.3333333333333333e+00 +2.5185523240809347e+00 
+5.4585172356122653e+00 +3.3333333333333331e-01 +2.5223647366481252e+00 

+5.4585172356122653e+00 +3.3333333333333331e-01 +2.5223670049498970e+00 
+5.4683347126547339e+00 +1.3333333333333333e+00 +2.5261718134002367e+00 
+5.4781521896972016e+00 +3.3333333333333331e-01 +2.5299766218505764e+00 

+5.4781521896972016e+00 +3.3333333333333331e-01 +2.5299789038489573e+00 
+5.4879696667396693e+00 +1.3333333333333333e+00 +2.5337760852488675e+00 
+5.4977871437821380e+00 +3.3333333333333331e-01 +2.5375732666487778e+00 

+5.4977871437821380e+00 +3.3333333333333331e-01 +2.5375755623572886e+00 
+5.5076046208246066e+00 +1.3333333333333333e+00 +2.5413650938192593e+00 
+5.5174220978670743e+00 +3.3333333333333331e-01 +2.5451546252812300e+00 

+5.5174220978670743e+00 +3.3333333333333331e-01 +2.5451569347130616e+00 
+5.5272395749095420e+00 +1.3333333333333333e+00 +2.5489387933957914e+00 
+5.5370570519520106e+00 +3.3333333333333331e-01 +2.5527206520785213e+00 

+5.5370570519520106e+00 +3.3333333333333331e-01 +2.5527229752465304e+00 
+5.5468745289944792e+00 +1.3333333333333333e+00 +2.5564971383550614e+00 
+5.5566920060369469e+00 +3.3333333333333331e-01 +2.5602713014635925e+00 

+5.5566920060369469e+00 +3.3333333333333331e-01 +2.5602736383803055e+00 
+5.5665094830794146e+00 +1.3333333333333333e+00 +2.5640400831661632e+00 
+5.5763269601218823e+00 +3.3333333333333331e-01 +2.5678065279520208e+00 

+5.5763269601218823e+00 +3.3333333333333331e-01 +2.5678088786296289e+00 
+5.5861444371643501e+00 +1.3333333333333333e+00 +2.5715675823909590e+00 
+5.5959619142068187e+00 +3.3333333333333331e-01 +2.5753262861522890e+00 

+5.5959619142068187e+00 +3.3333333333333331e-01 +2.5753286506026534e+00 
+5.6057793912492873e+00 +1.3333333333333333e+00 +2.5790795906843558e+00 
+5.6155968682917550e+00 +3.3333333333333331e-01 +2.5828305307660582e+00 

+5.6155968682917550e+00 +3.3333333333333331e-01 +2.5828329090007065e+00 
+5.6254143453342227e+00 +1.3333333333333333e+00 +2.5865760627945753e+00 
+5.6352318223766913e+00 +3.3333333333333331e-01 +2.5903192165884441e+00 

+5.6352318223766913e+00 +3.3333333333333331e-01 +2.5903216086185687e+00 
+5.6450492994191599e+00 +1.3333333333333333e+00 +2.5940569535634279e+00 
+5.6548667764616276e+00 +3.3333333333333331e-01 +2.5977922985082871e+00 

+5.6548667764616276e+00 +3.3333333333333331e-01 +2.5977947043447478e+00 
+5.6646842535040953e+00 +1.3333333333333333e+00 +2.6015222179265853e+00 
+5.6745017305465639e+00 +3.3333333333333331e-01 +2.6052497315084229e+00 

+5.6745017305465639e+00 +3.3333333333333331e-01 +2.6052521511617468e+00 
+5.6843192075890325e+00 +1.3333333333333333e+00 +2.6089718109138524e+00 
+5.6941366846315002e+00 +3.3333333333333331e-01 +2.6126914706659581e+00 

+5.6941366846315002e+00 +3.3333333333333331e-01 +2.6126939041463366e+00 
+5.7039541616739680e+00 +1.3333333333333333e+00 +2.6164056876494364e+00 
+5.7137716387164366e+00 +3.3333333333333331e-01 +2.6201174711525361e+00 

+5.7137716387164366e+00 +3.3333333333333331e-01 +2.6201199184698249e+00 
+5.7235891157589052e+00 +1.3333333333333333e+00 +2.6238238033522165e+00 
+5.7334065928013729e+00 +3.3333333333333331e-01 +2.6275276882346081e+00 

+5.7334065928013729e+00 +3.3333333333333331e-01 +2.6275301493983321e+00 
+5.7432240698438406e+00 +1.3333333333333333e+00 +2.6312261133360186e+00 
+5.7530415468863083e+00 +3.3333333333333331e-01 +2.6349220772737052e+00 

+5.7530415468863083e+00 +3.3333333333333331e-01 +2.6349245522930502e+00 
+5.7628590239287760e+00 +1.3333333333333333e+00 +2.6386125730098779e+00 
+5.7726765009712446e+00 +3.3333333333333331e-01 +2.6423005937267057e+00 

+5.7726765009712446e+00 +3.3333333333333331e-01 +2.6423030826105252e+00 
+5.7824939780137132e+00 +1.3333333333333333e+00 +2.6459831378783134e+00 
+5.7923114550561809e+00 +3.3333333333333331e-01 +2.6496631931461017e+00 

+5.7923114550561809e+00 +3.3333333333333331e-01 +2.6496656959029128e+00 
+5.8021289320986487e+00 +1.3333333333333333e+00 +2.6533377635415909e+00 
+5.8119464091411173e+00 +3.3333333333333331e-01 +2.6570098311802690e+00 

+5.8119464091411173e+00 +3.3333333333333331e-01 +2.6570123478182528e+00 
+5.8217638861835859e+00 +1.3333333333333333e+00 +2.6606764056959937e+00 
+5.8315813632260536e+00 +3.3333333333333331e-01 +2.6643404635737347e+00 

+5.8315813632260536e+00 +3.3333333333333331e-01 +2.6643429941007377e+00 
+5.8413988402685213e+00 +1.3333333333333333e+00 +2.6679990201340891e+00 
+5.8512163173109899e+00 +3.3333333333333331e-01 +2.6716550461674404e+00 

+5.8512163173109899e+00 +3.3333333333333331e-01 +2.6716575905909736e+00 
+5.8610337943534585e+00 +1.3333333333333333e+00 +2.6753055627449935e+00 
+5.8708512713959262e+00 +3.3333333333333331e-01 +2.6789535348990134e+00 

+5.8708512713959262e+00 +3.3333333333333331e-01 +2.6789560932262511e+00 
+5.8806687484383939e+00 +1.3333333333333333e+00 +2.6825959895146392e+00 
+5.8904862254808616e+00 +3.3333333333333331e-01 +2.6862358858030273e+00 

+5.8904862254808616e+00 +3.3333333333333331e-01 +2.6862384580408065e+00 
+5.9003037025233294e+00 +1.3333333333333333e+00 +2.6898702565260377e+00 
+5.9101211795657980e+00 +3.3333333333333331e-01 +2.6935020550112689e+00 

+5.9101211795657980e+00 +3.3333333333333331e-01 +2.6935046411660912e+00 
+5.9199386566082666e+00 +1.3333333333333333e+00 +2.6971283199595479e+00 
+5.9297561336507343e+00 +3.3333333333333331e-01 +2.7007519987530046e+00 

+5.9297561336507343e+00 +3.3333333333333331e-01 +2.7007545988310353e+00 
+5.9395736106932020e+00 +1.3333333333333333e+00 +2.7043701360931371e+00 
+5.9493910877356706e+00 +3.3333333333333331e-01 +2.7079856733552390e+00 

+5.9493910877356706e+00 +3.3333333333333331e-01 +2.7079882873623067e+00 
+5.9592085647781392e+00 +1.3333333333333333e+00 +2.7115956613026442e+00 
+5.9690260418206069e+00 +3.3333333333333331e-01 +2.7152030352429817e+00 

+5.9690260418206069e+00 +3.3333333333333331e-01 +2.7152056631845780e+00 
+5.9788435188630746e+00 +1.3333333333333333e+00 +2.7188048520620445e+00 
+5.9886609959055432e+00 +3.3333333333333331e-01 +2.7224040409395109e+00 

+5.9886609959055432e+00 +3.3333333333333331e-01 +2.7224066828207887e+00 
+5.9984784729480118e+00 +1.3333333333333333e+00 +2.7259976649437094e+00 
+6.0082959499904796e+00 +3.3333333333333331e-01 +2.7295886470666302e+00 

+6.0082959499904796e+00 +3.3333333333333331e-01 +2.7295913028924090e+00 
+6.0181134270329473e+00 +1.3333333333333333e+00 +2.7331740566186715e+00 
+6.0279309040754159e+00 +3.3333333333333331e-01 +2.7367568103449340e+00 

+6.0279309040754159e+00 +3.3333333333333331e-01 +2.7367594801196939e+00 
+6.0377483811178845e+00 +1.3333333333333333e+00 +2.7403339838568819e+00 
+6.0475658581603522e+00 +3.3333333333333331e-01 +2.7439084875940698e+00 

+6.0475658581603522e+00 +3.3333333333333331e-01 +2.7439111713219528e+00 
+6.0573833352028199e+00 +1.3333333333333333e+00 +2.7474774035274723e+00 
+6.0672008122452876e+00 +3.3333333333333331e-01 +2.7510436357329917e+00 

+6.0672008122452876e+00 +3.3333333333333331e-01 +2.7510463334178050e+00 
+6.0770182892877553e+00 +1.3333333333333333e+00 +2.7546042725990163e+00 
+6.0868357663302239e+00 +3.3333333333333331e-01 +2.7581622117802276e+00 

+6.0868357663302239e+00 +3.3333333333333331e-01 +2.7581649234254382e+00 
+6.0966532433726925e+00 +1.3333333333333333e+00 +2.7617145481397847e+00 
+6.1064707204151603e+00 +3.3333333333333331e-01 +2.7652641728541312e+00 

+6.1064707204151603e+00 +3.3333333333333331e-01 +2.7652668984628703e+00 
+6.1162881974576280e+00 +1.3333333333333333e+00 +2.7688081873180086e+00 
+6.1261056745000966e+00 +3.3333333333333331e-01 +2.7723494761731469e+00 

+6.1261056745000966e+00 +3.3333333333333331e-01 +2.7723522157482070e+00 
+6.1359231515425652e+00 +1.3333333333333333e+00 +2.7758851474021342e+00 
+6.1457406285850329e+00 +3.3333333333333331e-01 +2.7794180790560614e+00 

+6.1457406285850329e+00 +3.3333333333333331e-01 +2.7794208325998992e+00 
+6.1555581056275006e+00 +1.3333333333333333e+00 +2.7829453857610824e+00 
+6.1653755826699692e+00 +3.3333333333333331e-01 +2.7864699389222656e+00 

+6.1653755826699692e+00 +3.3333333333333331e-01 +2.7864727064369976e+00 
+6.1751930597124378e+00 +1.3333333333333333e+00 +2.7899888598645020e+00 
+6.1850105367549055e+00 +3.3333333333333331e-01 +2.7935050132920063e+00 

+6.1850105367549055e+00 +3.3333333333333331e-01 +2.7935077947794134e+00 
+6.1948280137973732e+00 +1.3333333333333333e+00 +2.7970155272830310e+00 
+6.2046454908398410e+00 +3.3333333333333331e-01 +2.8005232597866487e+00 

+6.2046454908398410e+00 +3.3333333333333331e-01 +2.8005260552481732e+00 
+6.2144629678823087e+00 +1.3333333333333333e+00 +2.8040253456885496e+00 
+6.2242804449247773e+00 +3.3333333333333331e-01 +2.8075246361289259e+00 

+6.2242804449247773e+00 +3.3333333333333331e-01 +2.8075274455656691e+00 
+6.2340979219672459e+00 +1.3333333333333333e+00 +2.8110182728544331e+00 
+6.2439153990097136e+00 +3.3333333333333331e-01 +2.8145091001431970e+00 

+6.2439153990097136e+00 +3.3333333333333331e-01 +2.8145119235570073e+00 
+6.2537328760521813e+00 +1.3333333333333333e+00 +2.8179942666558104e+00 
+6.2635503530946499e+00 +3.3333333333333331e-01 +2.8214766097546136e+00 

+6.2635503530946499e+00 +3.3333333333333331e-01 +2.8214794453916805e+00 
+6.2733678301371185e+00 +1.3333333333333333e+00 +2.8249532850690957e+00 
+6.2831853071795862e+00 +3.3333333333333331e-01 +2.8284271247465109e+00 


