+3.14159265e-03 +6.12036463e-14 
+9.42477796e-03 +1.48719279e-11 
+1.57079633e-02 +1.91239832e-10 
+2.19911486e-02 +1.02841771e-09 
+2.82743339e-02 +3.61265572e-09 
+3.45575192e-02 +9.85135139e-09 
+4.08407045e-02 +2.27065510e-08 
+4.71238898e-02 +4.64276179e-08 
+5.34070751e-02 +8.67828842e-08 
+5.96902604e-02 +1.51290101e-07 
+6.59734457e-02 +2.49445508e-07 
+7.22566310e-02 +3.92951336e-07 
+7.85398163e-02 +5.95941564e-07 
+8.48230016e-02 +8.75205757e-07 
+9.11061870e-02 +1.25041079e-06 
+9.73893723e-02 +1.74432032e-06 
+1.03672558e-01 +2.38301176e-06 
+1.09955743e-01 +3.19609064e-06 
+1.16238928e-01 +4.21690222e-06 
+1.22522113e-01 +5.48274007e-06 
+1.28805299e-01 +7.03505148e-06 
+1.35088484e-01 +8.91963971e-06 
+1.41371669e-01 +1.11868626e-05 
+1.47654855e-01 +1.38918277e-05 
+1.53938040e-01 +1.70945835e-05 
+1.60221225e-01 +2.08603066e-05 
+1.66504411e-01 +2.52594854e-05 
+1.72787596e-01 +3.03680986e-05 
+1.79070781e-01 +3.62677899e-05 
+1.85353967e-01 +4.30460383e-05 
+1.91637152e-01 +5.07963231e-05 
+1.97920337e-01 +5.96182845e-05 
+2.04203522e-01 +6.96178795e-05 
+2.10486708e-01 +8.09075319e-05 
+2.16769893e-01 +9.36062778e-05 
+2.23053078e-01 +1.07839906e-04 
+2.29336264e-01 +1.23741090e-04 
+2.35619449e-01 +1.41449522e-04 
+2.41902634e-01 +1.61112029e-04 
+2.48185820e-01 +1.82882697e-04 
+2.54469005e-01 +2.06922978e-04 
+2.60752190e-01 +2.33401795e-04 
+2.67035376e-01 +2.62495647e-04 
+2.73318561e-01 +2.94388694e-04 
+2.79601746e-01 +3.29272848e-04 
+2.85884931e-01 +3.67347856e-04 
+2.92168117e-01 +4.08821367e-04 
+2.98451302e-01 +4.53909005e-04 
+3.04734487e-01 +5.02834427e-04 
+3.11017673e-01 +5.55829378e-04 
+3.17300858e-01 +6.13133738e-04 
+3.23584043e-01 +6.74995560e-04 
+3.29867229e-01 +7.41671107e-04 
+3.36150414e-01 +8.13424878e-04 
+3.42433599e-01 +8.90529624e-04 
+3.48716785e-01 +9.73266366e-04 
+3.54999970e-01 +1.06192439e-03 
+3.61283155e-01 +1.15680127e-03 
+3.67566340e-01 +1.25820282e-03 
+3.73849526e-01 +1.36644312e-03 
+3.80132711e-01 +1.48184445e-03 
+3.86415896e-01 +1.60473731e-03 
+3.92699082e-01 +1.73546034e-03 
+3.98982267e-01 +1.87436029e-03 
+4.05265452e-01 +2.02179196e-03 
+4.11548638e-01 +2.17811819e-03 
+4.17831823e-01 +2.34370969e-03 
+4.24115008e-01 +2.51894510e-03 
+4.30398194e-01 +2.70421078e-03 
+4.36681379e-01 +2.89990082e-03 
+4.42964564e-01 +3.10641690e-03 
+4.49247749e-01 +3.32416818e-03 
+4.55530935e-01 +3.55357123e-03 
+4.61814120e-01 +3.79504988e-03 
+4.68097305e-01 +4.04903511e-03 
+4.74380491e-01 +4.31596493e-03 
+4.80663676e-01 +4.59628422e-03 
+4.86946861e-01 +4.89044461e-03 
+4.93230047e-01 +5.19890431e-03 
+4.99513232e-01 +5.52212798e-03 
+5.05796417e-01 +5.86058655e-03 
+5.12079603e-01 +6.21475705e-03 
+5.18362788e-01 +6.58512244e-03 
+5.24645973e-01 +6.97217143e-03 
+5.30929158e-01 +7.37639827e-03 
+5.37212344e-01 +7.79830262e-03 
+5.43495529e-01 +8.23838924e-03 
+5.49778714e-01 +8.69716792e-03 
+5.56061900e-01 +9.17515314e-03 
+5.62345085e-01 +9.67286395e-03 
+5.68628270e-01 +1.01908237e-02 
+5.74911456e-01 +1.07295598e-02 
+5.81194641e-01 +1.12896035e-02 
+5.87477826e-01 +1.18714898e-02 
+5.93761012e-01 +1.24757568e-02 
+6.00044197e-01 +1.31029460e-02 
+6.06327382e-01 +1.37536015e-02 
+6.12610567e-01 +1.44282702e-02 
+6.18893753e-01 +1.51275014e-02 
+6.25176938e-01 +1.58518462e-02 
+6.31460123e-01 +1.66018579e-02 
+6.37743309e-01 +1.73780909e-02 
+6.44026494e-01 +1.81811012e-02 
+6.50309679e-01 +1.90114456e-02 
+6.56592865e-01 +1.98696817e-02 
+6.62876050e-01 +2.07563675e-02 
+6.69159235e-01 +2.16720610e-02 
+6.75442421e-01 +2.26173201e-02 
+6.81725606e-01 +2.35927022e-02 
+6.88008791e-01 +2.45987641e-02 
+6.94291976e-01 +2.56360611e-02 
+7.00575162e-01 +2.67051476e-02 
+7.06858347e-01 +2.78065761e-02 
+7.13141532e-01 +2.89408969e-02 
+7.19424718e-01 +3.01086584e-02 
+7.25707903e-01 +3.13104061e-02 
+7.31991088e-01 +3.25466827e-02 
+7.38274274e-01 +3.38180275e-02 
+7.44557459e-01 +3.51249765e-02 
+7.50840644e-01 +3.64680616e-02 
+7.57123830e-01 +3.78478106e-02 
+7.63407015e-01 +3.92647468e-02 
+7.69690200e-01 +4.07193887e-02 
+7.75973385e-01 +4.22122497e-02 
+7.82256571e-01 +4.37438376e-02 
+7.88539756e-01 +4.53146546e-02 
+7.94822941e-01 +4.69251967e-02 
+8.01106127e-01 +4.85759537e-02 
+8.07389312e-01 +5.02674084e-02 
+8.13672497e-01 +5.20000369e-02 
+8.19955683e-01 +5.37743078e-02 
+8.26238868e-01 +5.55906820e-02 
+8.32522053e-01 +5.74496127e-02 
+8.38805239e-01 +5.93515447e-02 
+8.45088424e-01 +6.12969141e-02 
+8.51371609e-01 +6.32861486e-02 
+8.57654794e-01 +6.53196663e-02 
+8.63937980e-01 +6.73978762e-02 
+8.70221165e-01 +6.95211773e-02 
+8.76504350e-01 +7.16899589e-02 
+8.82787536e-01 +7.39045998e-02 
+8.89070721e-01 +7.61654682e-02 
+8.95353906e-01 +7.84729215e-02 
+9.01637092e-01 +8.08273061e-02 
+9.07920277e-01 +8.32289568e-02 
+9.14203462e-01 +8.56781970e-02 
+9.20486648e-01 +8.81753378e-02 
+9.26769833e-01 +9.07206785e-02 
+9.33053018e-01 +9.33145059e-02 
+9.39336203e-01 +9.59570939e-02 
+9.45619389e-01 +9.86487038e-02 
+9.51902574e-01 +1.01389584e-01 
+9.58185759e-01 +1.04179968e-01 
+9.64468945e-01 +1.07020078e-01 
+9.70752130e-01 +1.09910120e-01 
+9.77035315e-01 +1.12850289e-01 
+9.83318501e-01 +1.15840763e-01 
+9.89601686e-01 +1.18881706e-01 
+9.95884871e-01 +1.21973269e-01 
+1.00216806e+00 +1.25115587e-01 
+1.00845124e+00 +1.28308779e-01 
+1.01473443e+00 +1.31552951e-01 
+1.02101761e+00 +1.34848193e-01 
+1.02730080e+00 +1.38194578e-01 
+1.03358398e+00 +1.41592165e-01 
+1.03986717e+00 +1.45040997e-01 
+1.04615035e+00 +1.48541101e-01 
+1.05243354e+00 +1.52092487e-01 
+1.05871672e+00 +1.55695150e-01 
+1.06499991e+00 +1.59349068e-01 
+1.07128309e+00 +1.63054203e-01 
+1.07756628e+00 +1.66810501e-01 
+1.08384947e+00 +1.70617891e-01 
+1.09013265e+00 +1.74476284e-01 
+1.09641584e+00 +1.78385575e-01 
+1.10269902e+00 +1.82345645e-01 
+1.10898221e+00 +1.86356353e-01 
+1.11526539e+00 +1.90417545e-01 
+1.12154858e+00 +1.94529049e-01 
+1.12783176e+00 +1.98690676e-01 
+1.13411495e+00 +2.02902218e-01 
+1.14039813e+00 +2.07163454e-01 
+1.14668132e+00 +2.11474143e-01 
+1.15296450e+00 +2.15834026e-01 
+1.15924769e+00 +2.20242831e-01 
+1.16553087e+00 +2.24700265e-01 
+1.17181406e+00 +2.29206021e-01 
+1.17809725e+00 +2.33759772e-01 
+1.18438043e+00 +2.38361176e-01 
+1.19066362e+00 +2.43009874e-01 
+1.19694680e+00 +2.47705490e-01 
+1.20322999e+00 +2.52447631e-01 
+1.20951317e+00 +2.57235889e-01 
+1.21579636e+00 +2.62069836e-01 
+1.22207954e+00 +2.66949030e-01 
+1.22836273e+00 +2.71873012e-01 
+1.23464591e+00 +2.76841307e-01 
+1.24092910e+00 +2.81853425e-01 
+1.24721228e+00 +2.86908856e-01 
+1.25349547e+00 +2.92007079e-01 
+1.25977865e+00 +2.97147553e-01 
+1.26606184e+00 +3.02329725e-01 
+1.27234502e+00 +3.07553025e-01 
+1.27862821e+00 +3.12816866e-01 
+1.28491140e+00 +3.18120649e-01 
+1.29119458e+00 +3.23463758e-01 
+1.29747777e+00 +3.28845563e-01 
+1.30376095e+00 +3.34265419e-01 
+1.31004414e+00 +3.39722668e-01 
+1.31632732e+00 +3.45216637e-01 
+1.32261051e+00 +3.50746638e-01 
+1.32889369e+00 +3.56311971e-01 
+1.33517688e+00 +3.61911923e-01 
+1.34146006e+00 +3.67545766e-01 
+1.34774325e+00 +3.73212760e-01 
+1.35402643e+00 +3.78912152e-01 
+1.36030962e+00 +3.84643178e-01 
+1.36659280e+00 +3.90405059e-01 
+1.37287599e+00 +3.96197008e-01 
+1.37915917e+00 +4.02018223e-01 
+1.38544236e+00 +4.07867893e-01 
+1.39172555e+00 +4.13745195e-01 
+1.39800873e+00 +4.19649294e-01 
+1.40429192e+00 +4.25579348e-01 
+1.41057510e+00 +4.31534502e-01 
+1.41685829e+00 +4.37513893e-01 
+1.42314147e+00 +4.43516647e-01 
+1.42942466e+00 +4.49541883e-01 
+1.43570784e+00 +4.55588708e-01 
+1.44199103e+00 +4.61656225e-01 
+1.44827421e+00 +4.67743524e-01 
+1.45455740e+00 +4.73849692e-01 
+1.46084058e+00 +4.79973806e-01 
+1.46712377e+00 +4.86114935e-01 
+1.47340695e+00 +4.92272144e-01 
+1.47969014e+00 +4.98444490e-01 
+1.48597333e+00 +5.04631025e-01 
+1.49225651e+00 +5.10830794e-01 
+1.49853970e+00 +5.17042838e-01 
+1.50482288e+00 +5.23266194e-01 
+1.51110607e+00 +5.29499891e-01 
+1.51738925e+00 +5.35742959e-01 
+1.52367244e+00 +5.41994419e-01 
+1.52995562e+00 +5.48253294e-01 
+1.53623881e+00 +5.54518600e-01 
+1.54252199e+00 +5.60789352e-01 
+1.54880518e+00 +5.67064562e-01 
+1.55508836e+00 +5.73343243e-01 
+1.56137155e+00 +5.79624403e-01 
+1.56765473e+00 +5.85907051e-01 
+1.57393792e+00 +5.92190195e-01 
+1.58022110e+00 +5.98472842e-01 
+1.58650429e+00 +6.04754002e-01 
+1.59278748e+00 +6.11032683e-01 
+1.59907066e+00 +6.17307893e-01 
+1.60535385e+00 +6.23578645e-01 
+1.61163703e+00 +6.29843951e-01 
+1.61792022e+00 +6.36102826e-01 
+1.62420340e+00 +6.42354286e-01 
+1.63048659e+00 +6.48597354e-01 
+1.63676977e+00 +6.54831052e-01 
+1.64305296e+00 +6.61054407e-01 
+1.64933614e+00 +6.67266451e-01 
+1.65561933e+00 +6.73466220e-01 
+1.66190251e+00 +6.79652755e-01 
+1.66818570e+00 +6.85825101e-01 
+1.67446888e+00 +6.91982310e-01 
+1.68075207e+00 +6.98123439e-01 
+1.68703525e+00 +7.04247553e-01 
+1.69331844e+00 +7.10353721e-01 
+1.69960163e+00 +7.16441020e-01 
+1.70588481e+00 +7.22508537e-01 
+1.71216800e+00 +7.28555362e-01 
+1.71845118e+00 +7.34580598e-01 
+1.72473437e+00 +7.40583352e-01 
+1.73101755e+00 +7.46562743e-01 
+1.73730074e+00 +7.52517897e-01 
+1.74358392e+00 +7.58447951e-01 
+1.74986711e+00 +7.64352050e-01 
+1.75615029e+00 +7.70229352e-01 
+1.76243348e+00 +7.76079022e-01 
+1.76871666e+00 +7.81900237e-01 
+1.77499985e+00 +7.87692186e-01 
+1.78128303e+00 +7.93454067e-01 
+1.78756622e+00 +7.99185093e-01 
+1.79384941e+00 +8.04884485e-01 
+1.80013259e+00 +8.10551479e-01 
+1.80641578e+00 +8.16185322e-01 
+1.81269896e+00 +8.21785274e-01 
+1.81898215e+00 +8.27350607e-01 
+1.82526533e+00 +8.32880608e-01 
+1.83154852e+00 +8.38374577e-01 
+1.83783170e+00 +8.43831826e-01 
+1.84411489e+00 +8.49251683e-01 
+1.85039807e+00 +8.54633488e-01 
+1.85668126e+00 +8.59976596e-01 
+1.86296444e+00 +8.65280379e-01 
+1.86924763e+00 +8.70544220e-01 
+1.87553081e+00 +8.75767520e-01 
+1.88181400e+00 +8.80949692e-01 
+1.88809718e+00 +8.86090166e-01 
+1.89438037e+00 +8.91188389e-01 
+1.90066356e+00 +8.96243820e-01 
+1.90694674e+00 +9.01255938e-01 
+1.91322993e+00 +9.06224233e-01 
+1.91951311e+00 +9.11148216e-01 
+1.92579630e+00 +9.16027410e-01 
+1.93207948e+00 +9.20861356e-01 
+1.93836267e+00 +9.25649614e-01 
+1.94464585e+00 +9.30391755e-01 
+1.95092904e+00 +9.35087371e-01 
+1.95721222e+00 +9.39736069e-01 
+1.96349541e+00 +9.44337473e-01 
+1.96977859e+00 +9.48891224e-01 
+1.97606178e+00 +9.53396980e-01 
+1.98234496e+00 +9.57854414e-01 
+1.98862815e+00 +9.62263219e-01 
+1.99491134e+00 +9.66623102e-01 
+2.00119452e+00 +9.70933791e-01 
+2.00747771e+00 +9.75195027e-01 
+2.01376089e+00 +9.79406570e-01 
+2.02004408e+00 +9.83568196e-01 
+2.02632726e+00 +9.87679700e-01 
+2.03261045e+00 +9.91740892e-01 
+2.03889363e+00 +9.95751601e-01 
+2.04517682e+00 +9.99711670e-01 
+2.05146000e+00 +1.00362096e+00 
+2.05774319e+00 +1.00747935e+00 
+2.06402637e+00 +1.01128674e+00 
+2.07030956e+00 +1.01504304e+00 
+2.07659274e+00 +1.01874818e+00 
+2.08287593e+00 +1.02240210e+00 
+2.08915911e+00 +1.02600476e+00 
+2.09544230e+00 +1.02955614e+00 
+2.10172549e+00 +1.03305625e+00 
+2.10800867e+00 +1.03650508e+00 
+2.11429186e+00 +1.03990267e+00 
+2.12057504e+00 +1.04324905e+00 
+2.12685823e+00 +1.04654429e+00 
+2.13314141e+00 +1.04978847e+00 
+2.13942460e+00 +1.05298166e+00 
+2.14570778e+00 +1.05612398e+00 
+2.15199097e+00 +1.05921554e+00 
+2.15827415e+00 +1.06225648e+00 
+2.16455734e+00 +1.06524696e+00 
+2.17084052e+00 +1.06818712e+00 
+2.17712371e+00 +1.07107717e+00 
+2.18340689e+00 +1.07391728e+00 
+2.18969008e+00 +1.07670766e+00 
+2.19597326e+00 +1.07944854e+00 
+2.20225645e+00 +1.08214015e+00 
+2.20853964e+00 +1.08478274e+00 
+2.21482282e+00 +1.08737657e+00 
+2.22110601e+00 +1.08992191e+00 
+2.22738919e+00 +1.09241905e+00 
+2.23367238e+00 +1.09486829e+00 
+2.23995556e+00 +1.09726994e+00 
+2.24623875e+00 +1.09962432e+00 
+2.25252193e+00 +1.10193178e+00 
+2.25880512e+00 +1.10419265e+00 
+2.26508830e+00 +1.10640729e+00 
+2.27137149e+00 +1.10857607e+00 
+2.27765467e+00 +1.11069937e+00 
+2.28393786e+00 +1.11277758e+00 
+2.29022104e+00 +1.11481110e+00 
+2.29650423e+00 +1.11680033e+00 
+2.30278742e+00 +1.11874570e+00 
+2.30907060e+00 +1.12064763e+00 
+2.31535379e+00 +1.12250656e+00 
+2.32163697e+00 +1.12432294e+00 
+2.32792016e+00 +1.12609721e+00 
+2.33420334e+00 +1.12782984e+00 
+2.34048653e+00 +1.12952129e+00 
+2.34676971e+00 +1.13117205e+00 
+2.35305290e+00 +1.13278259e+00 
+2.35933608e+00 +1.13435341e+00 
+2.36561927e+00 +1.13588500e+00 
+2.37190245e+00 +1.13737786e+00 
+2.37818564e+00 +1.13883250e+00 
+2.38446882e+00 +1.14024943e+00 
+2.39075201e+00 +1.14162918e+00 
+2.39703519e+00 +1.14297227e+00 
+2.40331838e+00 +1.14427922e+00 
+2.40960157e+00 +1.14555056e+00 
+2.41588475e+00 +1.14678684e+00 
+2.42216794e+00 +1.14798859e+00 
+2.42845112e+00 +1.14915635e+00 
+2.43473431e+00 +1.15029067e+00 
+2.44101749e+00 +1.15139210e+00 
+2.44730068e+00 +1.15246118e+00 
+2.45358386e+00 +1.15349848e+00 
+2.45986705e+00 +1.15450454e+00 
+2.46615023e+00 +1.15547993e+00 
+2.47243342e+00 +1.15642518e+00 
+2.47871660e+00 +1.15734088e+00 
+2.48499979e+00 +1.15822756e+00 
+2.49128297e+00 +1.15908580e+00 
+2.49756616e+00 +1.15991614e+00 
+2.50384934e+00 +1.16071915e+00 
+2.51013253e+00 +1.16149539e+00 
+2.51641572e+00 +1.16224540e+00 
+2.52269890e+00 +1.16296974e+00 
+2.52898209e+00 +1.16366897e+00 
+2.53526527e+00 +1.16434364e+00 
+2.54154846e+00 +1.16499430e+00 
+2.54783164e+00 +1.16562149e+00 
+2.55411483e+00 +1.16622576e+00 
+2.56039801e+00 +1.16680764e+00 
+2.56668120e+00 +1.16736769e+00 
+2.57296438e+00 +1.16790642e+00 
+2.57924757e+00 +1.16842438e+00 
+2.58553075e+00 +1.16892209e+00 
+2.59181394e+00 +1.16940008e+00 
+2.59809712e+00 +1.16985886e+00 
+2.60438031e+00 +1.17029894e+00 
+2.61066350e+00 +1.17072085e+00 
+2.61694668e+00 +1.17112507e+00 
+2.62322987e+00 +1.17151212e+00 
+2.62951305e+00 +1.17188249e+00 
+2.63579624e+00 +1.17223666e+00 
+2.64207942e+00 +1.17257512e+00 
+2.64836261e+00 +1.17289834e+00 
+2.65464579e+00 +1.17320680e+00 
+2.66092898e+00 +1.17350096e+00 
+2.66721216e+00 +1.17378128e+00 
+2.67349535e+00 +1.17404821e+00 
+2.67977853e+00 +1.17430220e+00 
+2.68606172e+00 +1.17454367e+00 
+2.69234490e+00 +1.17477308e+00 
+2.69862809e+00 +1.17499083e+00 
+2.70491127e+00 +1.17519734e+00 
+2.71119446e+00 +1.17539303e+00 
+2.71747765e+00 +1.17557830e+00 
+2.72376083e+00 +1.17575354e+00 
+2.73004402e+00 +1.17591913e+00 
+2.73632720e+00 +1.17607545e+00 
+2.74261039e+00 +1.17622288e+00 
+2.74889357e+00 +1.17636178e+00 
+2.75517676e+00 +1.17649251e+00 
+2.76145994e+00 +1.17661540e+00 
+2.76774313e+00 +1.17673080e+00 
+2.77402631e+00 +1.17683904e+00 
+2.78030950e+00 +1.17694044e+00 
+2.78659268e+00 +1.17703532e+00 
+2.79287587e+00 +1.17712398e+00 
+2.79915905e+00 +1.17720672e+00 
+2.80544224e+00 +1.17728382e+00 
+2.81172542e+00 +1.17735557e+00 
+2.81800861e+00 +1.17742225e+00 
+2.82429180e+00 +1.17748411e+00 
+2.83057498e+00 +1.17754142e+00 
+2.83685817e+00 +1.17759441e+00 
+2.84314135e+00 +1.17764334e+00 
+2.84942454e+00 +1.17768842e+00 
+2.85570772e+00 +1.17772990e+00 
+2.86199091e+00 +1.17776797e+00 
+2.86827409e+00 +1.17780286e+00 
+2.87455728e+00 +1.17783475e+00 
+2.88084046e+00 +1.17786384e+00 
+2.88712365e+00 +1.17789032e+00 
+2.89340683e+00 +1.17791436e+00 
+2.89969002e+00 +1.17793613e+00 
+2.90597320e+00 +1.17795580e+00 
+2.91225639e+00 +1.17797350e+00 
+2.91853958e+00 +1.17798941e+00 
+2.92482276e+00 +1.17800364e+00 
+2.93110595e+00 +1.17801634e+00 
+2.93738913e+00 +1.17802763e+00 
+2.94367232e+00 +1.17803763e+00 
+2.94995550e+00 +1.17804645e+00 
+2.95623869e+00 +1.17805420e+00 
+2.96252187e+00 +1.17806098e+00 
+2.96880506e+00 +1.17806688e+00 
+2.97508824e+00 +1.17807199e+00 
+2.98137143e+00 +1.17807638e+00 
+2.98765461e+00 +1.17808015e+00 
+2.99393780e+00 +1.17808335e+00 
+3.00022098e+00 +1.17808606e+00 
+3.00650417e+00 +1.17808833e+00 
+3.01278735e+00 +1.17809021e+00 
+3.01907054e+00 +1.17809176e+00 
+3.02535373e+00 +1.17809303e+00 
+3.03163691e+00 +1.17809405e+00 
+3.03792010e+00 +1.17809486e+00 
+3.04420328e+00 +1.17809550e+00 
+3.05048647e+00 +1.17809599e+00 
+3.05676965e+00 +1.17809637e+00 
+3.06305284e+00 +1.17809665e+00 
+3.06933602e+00 +1.17809685e+00 
+3.07561921e+00 +1.17809700e+00 
+3.08190239e+00 +1.17809709e+00 
+3.08818558e+00 +1.17809716e+00 
+3.09446876e+00 +1.17809720e+00 
+3.10075195e+00 +1.17809722e+00 
+3.10703513e+00 +1.17809724e+00 
+3.11331832e+00 +1.17809724e+00 
+3.11960151e+00 +1.17809724e+00 
+3.12588469e+00 +1.17809724e+00 
+3.13216788e+00 +1.17809725e+00 
+3.13845106e+00 +1.17809725e+00 
+3.14473425e+00 +1.17809725e+00 
+3.15101743e+00 +1.17809725e+00 
+3.15730062e+00 +1.17809725e+00 
+3.16358380e+00 +1.17809725e+00 
+3.16986699e+00 +1.17809725e+00 
+3.17615017e+00 +1.17809725e+00 
+3.18243336e+00 +1.17809727e+00 
+3.18871654e+00 +1.17809729e+00 
+3.19499973e+00 +1.17809733e+00 
+3.20128291e+00 +1.17809740e+00 
+3.20756610e+00 +1.17809749e+00 
+3.21384928e+00 +1.17809764e+00 
+3.22013247e+00 +1.17809784e+00 
+3.22641566e+00 +1.17809812e+00 
+3.23269884e+00 +1.17809850e+00 
+3.23898203e+00 +1.17809899e+00 
+3.24526521e+00 +1.17809963e+00 
+3.25154840e+00 +1.17810044e+00 
+3.25783158e+00 +1.17810146e+00 
+3.26411477e+00 +1.17810273e+00 
+3.27039795e+00 +1.17810428e+00 
+3.27668114e+00 +1.17810616e+00 
+3.28296432e+00 +1.17810843e+00 
+3.28924751e+00 +1.17811114e+00 
+3.29553069e+00 +1.17811434e+00 
+3.30181388e+00 +1.17811811e+00 
+3.30809706e+00 +1.17812250e+00 
+3.31438025e+00 +1.17812761e+00 
+3.32066343e+00 +1.17813351e+00 
+3.32694662e+00 +1.17814029e+00 
+3.33322981e+00 +1.17814804e+00 
+3.33951299e+00 +1.17815686e+00 
+3.34579618e+00 +1.17816686e+00 
+3.35207936e+00 +1.17817815e+00 
+3.35836255e+00 +1.17819085e+00 
+3.36464573e+00 +1.17820509e+00 
+3.37092892e+00 +1.17822099e+00 
+3.37721210e+00 +1.17823869e+00 
+3.38349529e+00 +1.17825836e+00 
+3.38977847e+00 +1.17828013e+00 
+3.39606166e+00 +1.17830417e+00 
+3.40234484e+00 +1.17833065e+00 
+3.40862803e+00 +1.17835974e+00 
+3.41491121e+00 +1.17839163e+00 
+3.42119440e+00 +1.17842652e+00 
+3.42747759e+00 +1.17846459e+00 
+3.43376077e+00 +1.17850607e+00 
+3.44004396e+00 +1.17855115e+00 
+3.44632714e+00 +1.17860008e+00 
+3.45261033e+00 +1.17865307e+00 
+3.45889351e+00 +1.17871038e+00 
+3.46517670e+00 +1.17877224e+00 
+3.47145988e+00 +1.17883892e+00 
+3.47774307e+00 +1.17891067e+00 
+3.48402625e+00 +1.17898777e+00 
+3.49030944e+00 +1.17907051e+00 
+3.49659262e+00 +1.17915917e+00 
+3.50287581e+00 +1.17925405e+00 
+3.50915899e+00 +1.17935545e+00 
+3.51544218e+00 +1.17946369e+00 
+3.52172536e+00 +1.17957909e+00 
+3.52800855e+00 +1.17970198e+00 
+3.53429174e+00 +1.17983271e+00 
+3.54057492e+00 +1.17997161e+00 
+3.54685811e+00 +1.18011904e+00 
+3.55314129e+00 +1.18027536e+00 
+3.55942448e+00 +1.18044095e+00 
+3.56570766e+00 +1.18061619e+00 
+3.57199085e+00 +1.18080146e+00 
+3.57827403e+00 +1.18099715e+00 
+3.58455722e+00 +1.18120366e+00 
+3.59084040e+00 +1.18142141e+00 
+3.59712359e+00 +1.18165082e+00 
+3.60340677e+00 +1.18189229e+00 
+3.60968996e+00 +1.18214628e+00 
+3.61597314e+00 +1.18241321e+00 
+3.62225633e+00 +1.18269353e+00 
+3.62853951e+00 +1.18298769e+00 
+3.63482270e+00 +1.18329615e+00 
+3.64110589e+00 +1.18361937e+00 
+3.64738907e+00 +1.18395783e+00 
+3.65367226e+00 +1.18431200e+00 
+3.65995544e+00 +1.18468237e+00 
+3.66623863e+00 +1.18506942e+00 
+3.67252181e+00 +1.18547364e+00 
+3.67880500e+00 +1.18589555e+00 
+3.68508818e+00 +1.18633563e+00 
+3.69137137e+00 +1.18679441e+00 
+3.69765455e+00 +1.18727240e+00 
+3.70393774e+00 +1.18777011e+00 
+3.71022092e+00 +1.18828807e+00 
+3.71650411e+00 +1.18882680e+00 
+3.72278729e+00 +1.18938685e+00 
+3.72907048e+00 +1.18996873e+00 
+3.73535367e+00 +1.19057300e+00 
+3.74163685e+00 +1.19120019e+00 
+3.74792004e+00 +1.19185085e+00 
+3.75420322e+00 +1.19252552e+00 
+3.76048641e+00 +1.19322475e+00 
+3.76676959e+00 +1.19394909e+00 
+3.77305278e+00 +1.19469910e+00 
+3.77933596e+00 +1.19547534e+00 
+3.78561915e+00 +1.19627835e+00 
+3.79190233e+00 +1.19710869e+00 
+3.79818552e+00 +1.19796693e+00 
+3.80446870e+00 +1.19885361e+00 
+3.81075189e+00 +1.19976931e+00 
+3.81703507e+00 +1.20071457e+00 
+3.82331826e+00 +1.20168995e+00 
+3.82960144e+00 +1.20269601e+00 
+3.83588463e+00 +1.20373331e+00 
+3.84216782e+00 +1.20480239e+00 
+3.84845100e+00 +1.20590382e+00 
+3.85473419e+00 +1.20703814e+00 
+3.86101737e+00 +1.20820590e+00 
+3.86730056e+00 +1.20940765e+00 
+3.87358374e+00 +1.21064393e+00 
+3.87986693e+00 +1.21191527e+00 
+3.88615011e+00 +1.21322222e+00 
+3.89243330e+00 +1.21456531e+00 
+3.89871648e+00 +1.21594506e+00 
+3.90499967e+00 +1.21736199e+00 
+3.91128285e+00 +1.21881663e+00 
+3.91756604e+00 +1.22030949e+00 
+3.92384922e+00 +1.22184108e+00 
+3.93013241e+00 +1.22341190e+00 
+3.93641559e+00 +1.22502244e+00 
+3.94269878e+00 +1.22667320e+00 
+3.94898197e+00 +1.22836465e+00 
+3.95526515e+00 +1.23009728e+00 
+3.96154834e+00 +1.23187155e+00 
+3.96783152e+00 +1.23368793e+00 
+3.97411471e+00 +1.23554686e+00 
+3.98039789e+00 +1.23744879e+00 
+3.98668108e+00 +1.23939416e+00 
+3.99296426e+00 +1.24138339e+00 
+3.99924745e+00 +1.24341691e+00 
+4.00553063e+00 +1.24549512e+00 
+4.01181382e+00 +1.24761842e+00 
+4.01809700e+00 +1.24978720e+00 
+4.02438019e+00 +1.25200184e+00 
+4.03066337e+00 +1.25426271e+00 
+4.03694656e+00 +1.25657017e+00 
+4.04322975e+00 +1.25892455e+00 
+4.04951293e+00 +1.26132620e+00 
+4.05579612e+00 +1.26377544e+00 
+4.06207930e+00 +1.26627258e+00 
+4.06836249e+00 +1.26881792e+00 
+4.07464567e+00 +1.27141175e+00 
+4.08092886e+00 +1.27405434e+00 
+4.08721204e+00 +1.27674595e+00 
+4.09349523e+00 +1.27948683e+00 
+4.09977841e+00 +1.28227721e+00 
+4.10606160e+00 +1.28511732e+00 
+4.11234478e+00 +1.28800737e+00 
+4.11862797e+00 +1.29094753e+00 
+4.12491115e+00 +1.29393801e+00 
+4.13119434e+00 +1.29697895e+00 
+4.13747752e+00 +1.30007051e+00 
+4.14376071e+00 +1.30321283e+00 
+4.15004390e+00 +1.30640602e+00 
+4.15632708e+00 +1.30965020e+00 
+4.16261027e+00 +1.31294544e+00 
+4.16889345e+00 +1.31629182e+00 
+4.17517664e+00 +1.31968941e+00 
+4.18145982e+00 +1.32313824e+00 
+4.18774301e+00 +1.32663835e+00 
+4.19402619e+00 +1.33018973e+00 
+4.20030938e+00 +1.33379239e+00 
+4.20659256e+00 +1.33744631e+00 
+4.21287575e+00 +1.34115145e+00 
+4.21915893e+00 +1.34490775e+00 
+4.22544212e+00 +1.34871514e+00 
+4.23172530e+00 +1.35257353e+00 
+4.23800849e+00 +1.35648282e+00 
+4.24429167e+00 +1.36044289e+00 
+4.25057486e+00 +1.36445360e+00 
+4.25685805e+00 +1.36851479e+00 
+4.26314123e+00 +1.37262629e+00 
+4.26942442e+00 +1.37678792e+00 
+4.27570760e+00 +1.38099946e+00 
+4.28199079e+00 +1.38526070e+00 
+4.28827397e+00 +1.38957139e+00 
+4.29455716e+00 +1.39393127e+00 
+4.30084034e+00 +1.39834008e+00 
+4.30712353e+00 +1.40279751e+00 
+4.31340671e+00 +1.40730327e+00 
+4.31968990e+00 +1.41185702e+00 
+4.32597308e+00 +1.41645842e+00 
+4.33225627e+00 +1.42110712e+00 
+4.33853945e+00 +1.42580274e+00 
+4.34482264e+00 +1.43054488e+00 
+4.35110583e+00 +1.43533313e+00 
+4.35738901e+00 +1.44016708e+00 
+4.36367220e+00 +1.44504627e+00 
+4.36995538e+00 +1.44997026e+00 
+4.37623857e+00 +1.45493855e+00 
+4.38252175e+00 +1.45995067e+00 
+4.38880494e+00 +1.46500610e+00 
+4.39508812e+00 +1.47010432e+00 
+4.40137131e+00 +1.47524480e+00 
+4.40765449e+00 +1.48042697e+00 
+4.41393768e+00 +1.48565027e+00 
+4.42022086e+00 +1.49091411e+00 
+4.42650405e+00 +1.49621789e+00 
+4.43278723e+00 +1.50156100e+00 
+4.43907042e+00 +1.50694281e+00 
+4.44535360e+00 +1.51236266e+00 
+4.45163679e+00 +1.51781991e+00 
+4.45791998e+00 +1.52331388e+00 
+4.46420316e+00 +1.52884388e+00 
+4.47048635e+00 +1.53440922e+00 
+4.47676953e+00 +1.54000917e+00 
+4.48305272e+00 +1.54564301e+00 
+4.48933590e+00 +1.55131000e+00 
+4.49561909e+00 +1.55700940e+00 
+4.50190227e+00 +1.56274042e+00 
+4.50818546e+00 +1.56850230e+00 
+4.51446864e+00 +1.57429425e+00 
+4.52075183e+00 +1.58011547e+00 
+4.52703501e+00 +1.58596514e+00 
+4.53331820e+00 +1.59184244e+00 
+4.53960138e+00 +1.59774654e+00 
+4.54588457e+00 +1.60367659e+00 
+4.55216776e+00 +1.60963175e+00 
+4.55845094e+00 +1.61561114e+00 
+4.56473413e+00 +1.62161389e+00 
+4.57101731e+00 +1.62763913e+00 
+4.57730050e+00 +1.63368595e+00 
+4.58358368e+00 +1.63975347e+00 
+4.58986687e+00 +1.64584077e+00 
+4.59615005e+00 +1.65194694e+00 
+4.60243324e+00 +1.65807105e+00 
+4.60871642e+00 +1.66421218e+00 
+4.61499961e+00 +1.67036939e+00 
+4.62128279e+00 +1.67654174e+00 
+4.62756598e+00 +1.68272827e+00 
+4.63384916e+00 +1.68892804e+00 
+4.64013235e+00 +1.69514008e+00 
+4.64641553e+00 +1.70136344e+00 
+4.65269872e+00 +1.70759714e+00 
+4.65898191e+00 +1.71384020e+00 
+4.66526509e+00 +1.72009166e+00 
+4.67154828e+00 +1.72635054e+00 
+4.67783146e+00 +1.73261584e+00 
+4.68411465e+00 +1.73888660e+00 
+4.69039783e+00 +1.74516181e+00 
+4.69668102e+00 +1.75144049e+00 
+4.70296420e+00 +1.75772165e+00 
+4.70924739e+00 +1.76400430e+00 
+4.71553057e+00 +1.77028744e+00 
+4.72181376e+00 +1.77657009e+00 
+4.72809694e+00 +1.78285125e+00 
+4.73438013e+00 +1.78912993e+00 
+4.74066331e+00 +1.79540514e+00 
+4.74694650e+00 +1.80167589e+00 
+4.75322968e+00 +1.80794120e+00 
+4.75951287e+00 +1.81420007e+00 
+4.76579606e+00 +1.82045153e+00 
+4.77207924e+00 +1.82669460e+00 
+4.77836243e+00 +1.83292830e+00 
+4.78464561e+00 +1.83915165e+00 
+4.79092880e+00 +1.84536370e+00 
+4.79721198e+00 +1.85156347e+00 
+4.80349517e+00 +1.85775000e+00 
+4.80977835e+00 +1.86392235e+00 
+4.81606154e+00 +1.87007956e+00 
+4.82234472e+00 +1.87622068e+00 
+4.82862791e+00 +1.88234480e+00 
+4.83491109e+00 +1.88845097e+00 
+4.84119428e+00 +1.89453827e+00 
+4.84747746e+00 +1.90060578e+00 
+4.85376065e+00 +1.90665261e+00 
+4.86004384e+00 +1.91267784e+00 
+4.86632702e+00 +1.91868060e+00 
+4.87261021e+00 +1.92465999e+00 
+4.87889339e+00 +1.93061514e+00 
+4.88517658e+00 +1.93654520e+00 
+4.89145976e+00 +1.94244930e+00 
+4.89774295e+00 +1.94832660e+00 
+4.90402613e+00 +1.95417627e+00 
+4.91030932e+00 +1.95999748e+00 
+4.91659250e+00 +1.96578943e+00 
+4.92287569e+00 +1.97155131e+00 
+4.92915887e+00 +1.97728234e+00 
+4.93544206e+00 +1.98298173e+00 
+4.94172524e+00 +1.98864872e+00 
+4.94800843e+00 +1.99428257e+00 
+4.95429161e+00 +1.99988252e+00 
+4.96057480e+00 +2.00544785e+00 
+4.96685799e+00 +2.01097785e+00 
+4.97314117e+00 +2.01647182e+00 
+4.97942436e+00 +2.02192907e+00 
+4.98570754e+00 +2.02734893e+00 
+4.99199073e+00 +2.03273073e+00 
+4.99827391e+00 +2.03807384e+00 
+5.00455710e+00 +2.04337762e+00 
+5.01084028e+00 +2.04864147e+00 
+5.01712347e+00 +2.05386476e+00 
+5.02340665e+00 +2.05904694e+00 
+5.02968984e+00 +2.06418741e+00 
+5.03597302e+00 +2.06928563e+00 
+5.04225621e+00 +2.07434107e+00 
+5.04853939e+00 +2.07935318e+00 
+5.05482258e+00 +2.08432148e+00 
+5.06110576e+00 +2.08924546e+00 
+5.06738895e+00 +2.09412465e+00 
+5.07367214e+00 +2.09895860e+00 
+5.07995532e+00 +2.10374686e+00 
+5.08623851e+00 +2.10848900e+00 
+5.09252169e+00 +2.11318462e+00 
+5.09880488e+00 +2.11783331e+00 
+5.10508806e+00 +2.12243472e+00 
+5.11137125e+00 +2.12698847e+00 
+5.11765443e+00 +2.13149422e+00 
+5.12393762e+00 +2.13595166e+00 
+5.13022080e+00 +2.14036046e+00 
+5.13650399e+00 +2.14472035e+00 
+5.14278717e+00 +2.14903104e+00 
+5.14907036e+00 +2.15329227e+00 
+5.15535354e+00 +2.15750381e+00 
+5.16163673e+00 +2.16166544e+00 
+5.16791992e+00 +2.16577695e+00 
+5.17420310e+00 +2.16983814e+00 
+5.18048629e+00 +2.17384885e+00 
+5.18676947e+00 +2.17780891e+00 
+5.19305266e+00 +2.18171821e+00 
+5.19933584e+00 +2.18557660e+00 
+5.20561903e+00 +2.18938399e+00 
+5.21190221e+00 +2.19314029e+00 
+5.21818540e+00 +2.19684542e+00 
+5.22446858e+00 +2.20049934e+00 
+5.23075177e+00 +2.20410200e+00 
+5.23703495e+00 +2.20765339e+00 
+5.24331814e+00 +2.21115349e+00 
+5.24960132e+00 +2.21460233e+00 
+5.25588451e+00 +2.21799991e+00 
+5.26216769e+00 +2.22134630e+00 
+5.26845088e+00 +2.22464154e+00 
+5.27473407e+00 +2.22788571e+00 
+5.28101725e+00 +2.23107890e+00 
+5.28730044e+00 +2.23422122e+00 
+5.29358362e+00 +2.23731278e+00 
+5.29986681e+00 +2.24035373e+00 
+5.30614999e+00 +2.24334420e+00 
+5.31243318e+00 +2.24628437e+00 
+5.31871636e+00 +2.24917441e+00 
+5.32499955e+00 +2.25201452e+00 
+5.33128273e+00 +2.25480491e+00 
+5.33756592e+00 +2.25754579e+00 
+5.34384910e+00 +2.26023740e+00 
+5.35013229e+00 +2.26287998e+00 
+5.35641547e+00 +2.26547381e+00 
+5.36269866e+00 +2.26801915e+00 
+5.36898184e+00 +2.27051629e+00 
+5.37526503e+00 +2.27296553e+00 
+5.38154822e+00 +2.27536718e+00 
+5.38783140e+00 +2.27772157e+00 
+5.39411459e+00 +2.28002902e+00 
+5.40039777e+00 +2.28228989e+00 
+5.40668096e+00 +2.28450453e+00 
+5.41296414e+00 +2.28667331e+00 
+5.41924733e+00 +2.28879661e+00 
+5.42553051e+00 +2.29087482e+00 
+5.43181370e+00 +2.29290834e+00 
+5.43809688e+00 +2.29489758e+00 
+5.44438007e+00 +2.29684295e+00 
+5.45066325e+00 +2.29874488e+00 
+5.45694644e+00 +2.30060381e+00 
+5.46322962e+00 +2.30242018e+00 
+5.46951281e+00 +2.30419445e+00 
+5.47579600e+00 +2.30592708e+00 
+5.48207918e+00 +2.30761854e+00 
+5.48836237e+00 +2.30926929e+00 
+5.49464555e+00 +2.31087984e+00 
+5.50092874e+00 +2.31245065e+00 
+5.50721192e+00 +2.31398224e+00 
+5.51349511e+00 +2.31547510e+00 
+5.51977829e+00 +2.31692974e+00 
+5.52606148e+00 +2.31834668e+00 
+5.53234466e+00 +2.31972643e+00 
+5.53862785e+00 +2.32106951e+00 
+5.54491103e+00 +2.32237646e+00 
+5.55119422e+00 +2.32364781e+00 
+5.55747740e+00 +2.32488408e+00 
+5.56376059e+00 +2.32608583e+00 
+5.57004377e+00 +2.32725359e+00 
+5.57632696e+00 +2.32838791e+00 
+5.58261015e+00 +2.32948934e+00 
+5.58889333e+00 +2.33055843e+00 
+5.59517652e+00 +2.33159573e+00 
+5.60145970e+00 +2.33260179e+00 
+5.60774289e+00 +2.33357717e+00 
+5.61402607e+00 +2.33452243e+00 
+5.62030926e+00 +2.33543812e+00 
+5.62659244e+00 +2.33632481e+00 
+5.63287563e+00 +2.33718304e+00 
+5.63915881e+00 +2.33801339e+00 
+5.64544200e+00 +2.33881640e+00 
+5.65172518e+00 +2.33959263e+00 
+5.65800837e+00 +2.34034264e+00 
+5.66429155e+00 +2.34106699e+00 
+5.67057474e+00 +2.34176622e+00 
+5.67685793e+00 +2.34244089e+00 
+5.68314111e+00 +2.34309154e+00 
+5.68942430e+00 +2.34371873e+00 
+5.69570748e+00 +2.34432300e+00 
+5.70199067e+00 +2.34490489e+00 
+5.70827385e+00 +2.34546493e+00 
+5.71455704e+00 +2.34600367e+00 
+5.72084022e+00 +2.34652163e+00 
+5.72712341e+00 +2.34701934e+00 
+5.73340659e+00 +2.34749732e+00 
+5.73968978e+00 +2.34795610e+00 
+5.74597296e+00 +2.34839619e+00 
+5.75225615e+00 +2.34881809e+00 
+5.75853933e+00 +2.34922232e+00 
+5.76482252e+00 +2.34960937e+00 
+5.77110570e+00 +2.34997973e+00 
+5.77738889e+00 +2.35033390e+00 
+5.78367208e+00 +2.35067236e+00 
+5.78995526e+00 +2.35099559e+00 
+5.79623845e+00 +2.35130405e+00 
+5.80252163e+00 +2.35159821e+00 
+5.80880482e+00 +2.35187853e+00 
+5.81508800e+00 +2.35214546e+00 
+5.82137119e+00 +2.35239944e+00 
+5.82765437e+00 +2.35264092e+00 
+5.83393756e+00 +2.35287032e+00 
+5.84022074e+00 +2.35308807e+00 
+5.84650393e+00 +2.35329459e+00 
+5.85278711e+00 +2.35349028e+00 
+5.85907030e+00 +2.35367555e+00 
+5.86535348e+00 +2.35385078e+00 
+5.87163667e+00 +2.35401637e+00 
+5.87791985e+00 +2.35417270e+00 
+5.88420304e+00 +2.35432013e+00 
+5.89048623e+00 +2.35445903e+00 
+5.89676941e+00 +2.35458975e+00 
+5.90305260e+00 +2.35471265e+00 
+5.90933578e+00 +2.35482805e+00 
+5.91561897e+00 +2.35493629e+00 
+5.92190215e+00 +2.35503769e+00 
+5.92818534e+00 +2.35513257e+00 
+5.93446852e+00 +2.35522122e+00 
+5.94075171e+00 +2.35530396e+00 
+5.94703489e+00 +2.35538107e+00 
+5.95331808e+00 +2.35545282e+00 
+5.95960126e+00 +2.35551949e+00 
+5.96588445e+00 +2.35558136e+00 
+5.97216763e+00 +2.35563866e+00 
+5.97845082e+00 +2.35569166e+00 
+5.98473401e+00 +2.35574058e+00 
+5.99101719e+00 +2.35578567e+00 
+5.99730038e+00 +2.35582714e+00 
+6.00358356e+00 +2.35586522e+00 
+6.00986675e+00 +2.35590010e+00 
+6.01614993e+00 +2.35593199e+00 
+6.02243312e+00 +2.35596109e+00 
+6.02871630e+00 +2.35598757e+00 
+6.03499949e+00 +2.35601161e+00 
+6.04128267e+00 +2.35603338e+00 
+6.04756586e+00 +2.35605304e+00 
+6.05384904e+00 +2.35607075e+00 
+6.06013223e+00 +2.35608665e+00 
+6.06641541e+00 +2.35610088e+00 
+6.07269860e+00 +2.35611358e+00 
+6.07898178e+00 +2.35612487e+00 
+6.08526497e+00 +2.35613487e+00 
+6.09154816e+00 +2.35614369e+00 
+6.09783134e+00 +2.35615144e+00 
+6.10411453e+00 +2.35615822e+00 
+6.11039771e+00 +2.35616412e+00 
+6.11668090e+00 +2.35616923e+00 
+6.12296408e+00 +2.35617363e+00 
+6.12924727e+00 +2.35617740e+00 
+6.13553045e+00 +2.35618060e+00 
+6.14181364e+00 +2.35618330e+00 
+6.14809682e+00 +2.35618557e+00 
+6.15438001e+00 +2.35618746e+00 
+6.16066319e+00 +2.35618901e+00 
+6.16694638e+00 +2.35619027e+00 
+6.17322956e+00 +2.35619129e+00 
+6.17951275e+00 +2.35619211e+00 
+6.18579593e+00 +2.35619275e+00 
+6.19207912e+00 +2.35619324e+00 
+6.19836231e+00 +2.35619361e+00 
+6.20464549e+00 +2.35619389e+00 
+6.21092868e+00 +2.35619410e+00 
+6.21721186e+00 +2.35619424e+00 
+6.22349505e+00 +2.35619434e+00 
+6.22977823e+00 +2.35619440e+00 
+6.23606142e+00 +2.35619444e+00 
+6.24234460e+00 +2.35619447e+00 
+6.24862779e+00 +2.35619448e+00 
+6.25491097e+00 +2.35619449e+00 
+6.26119416e+00 +2.35619449e+00 
+6.26747734e+00 +2.35619449e+00 
+6.27376053e+00 +2.35619449e+00 
+6.28004371e+00 +2.35619449e+00 

