+0.0000000000000000e+00 +1.0000000000000001e-01 -1.3316921247729503e-09 
+6.7808593190501294e-03 +5.4444444444444440e-01 +4.7510347781575818e-10 
+1.9634954084936207e-02 +7.1111111111111114e-01 +3.3377978565668487e-10 
+3.2489048850822287e-02 +5.4444444444444440e-01 +7.3345974246571306e-09 
+3.9269908169872414e-02 +1.0000000000000001e-01 +1.8664248135458522e-08 

+3.9269908169872414e-02 +1.0000000000000001e-01 +1.4710167939659981e-08 
+4.6050767488922548e-02 +5.4444444444444440e-01 +4.2780790374806431e-08 
+5.8904862254808621e-02 +7.1111111111111114e-01 +1.4085988253373812e-07 
+7.1758957020694708e-02 +5.4444444444444440e-01 +3.7990981751096584e-07 
+7.8539816339744828e-02 +1.0000000000000001e-01 +5.9594156370383978e-07 

+7.8539816339744828e-02 +1.0000000000000001e-01 +5.8948702392097667e-07 
+8.5320675658794962e-02 +5.4444444444444440e-01 +9.0343644238661777e-07 
+9.8174770424681035e-02 +7.1111111111111114e-01 +1.8144558848292209e-06 
+1.1102886519056711e-01 +5.4444444444444440e-01 +3.3552264323652023e-06 
+1.1780972450961724e-01 +1.0000000000000001e-01 +4.5088439909553495e-06 

+1.1780972450961724e-01 +1.0000000000000001e-01 +4.5000886986339040e-06 
+1.2459058382866738e-01 +5.4444444444444440e-01 +5.9630962898007893e-06 
+1.3744467859455345e-01 +7.1111111111111114e-01 +9.7205117341834114e-06 
+1.5029877336043954e-01 +5.4444444444444440e-01 +1.5175867367919296e-05 
+1.5707963267948966e-01 +1.0000000000000001e-01 +1.8902795211557189e-05 

+1.5707963267948966e-01 +1.0000000000000001e-01 +1.8892011483469294e-05 
+1.6386049199853980e-01 +5.4444444444444440e-01 +2.3330225498590898e-05 
+1.7671458676442586e-01 +7.1111111111111114e-01 +3.3955254773654399e-05 
+1.8956868153031192e-01 +5.4444444444444440e-01 +4.8132344586194620e-05 
+1.9634954084936207e-01 +1.0000000000000001e-01 +5.7306639317951867e-05 

+1.9634954084936207e-01 +1.0000000000000001e-01 +5.7294165025476409e-05 
+2.0313040016841219e-01 +5.4444444444444440e-01 +6.7826284104953563e-05 
+2.1598449493429828e-01 +7.1111111111111114e-01 +9.1935301045682991e-05 
+2.2883858970018436e-01 +5.4444444444444440e-01 +1.2241849704818132e-04 
+2.3561944901923448e-01 +1.0000000000000001e-01 +1.4144952154335034e-04 

+2.3561944901923448e-01 +1.0000000000000001e-01 +1.4143575134695693e-04 
+2.4240030833828463e-01 +5.4444444444444440e-01 +1.6276235848271777e-04 
+2.5525440310417069e-01 +7.1111111111111114e-01 +2.1009334282707417e-04 
+2.6810849787005675e-01 +5.4444444444444440e-01 +2.6774034724593864e-04 
+2.7488935718910690e-01 +1.0000000000000001e-01 +3.0282164781437706e-04 

+2.7488935718910690e-01 +1.0000000000000001e-01 +3.0280702290629637e-04 
+2.8167021650815699e-01 +5.4444444444444440e-01 +3.4145029019690338e-04 
+2.9452431127404310e-01 +7.1111111111111114e-01 +4.2529112042981895e-04 
+3.0737840603992922e-01 +5.4444444444444440e-01 +5.2462581613523982e-04 
+3.1415926535897931e-01 +1.0000000000000001e-01 +5.8392757072252060e-04 

+3.1415926535897931e-01 +1.0000000000000001e-01 +5.8391256733349704e-04 
+3.2094012467802946e-01 +5.4444444444444440e-01 +6.4839823774588831e-04 
+3.3379421944391552e-01 +7.1111111111111114e-01 +7.8590216199953889e-04 
+3.4664831420980158e-01 +5.4444444444444440e-01 +9.4539046241289037e-04 
+3.5342917352885173e-01 +1.0000000000000001e-01 +1.0391886343715498e-03 

+3.5342917352885173e-01 +1.0000000000000001e-01 +1.0391737513285617e-03 
+3.6021003284790187e-01 +5.4444444444444440e-01 +1.1401488043562774e-03 
+3.7306412761378793e-01 +7.1111111111111114e-01 +1.3525253591976356e-03 
+3.8591822237967399e-01 +5.4444444444444440e-01 +1.5947233597466970e-03 
+3.9269908169872414e-01 +1.0000000000000001e-01 +1.7354603403846841e-03 

+3.9269908169872414e-01 +1.0000000000000001e-01 +1.7354460860304088e-03 
+3.9947994101777429e-01 +5.4444444444444440e-01 +1.8857271701802616e-03 
+4.1233403578366035e-01 +7.1111111111111114e-01 +2.1983000651030760e-03 
+4.2518813054954646e-01 +5.4444444444444440e-01 +2.5498671315137339e-03 
+4.3196898986859655e-01 +1.0000000000000001e-01 +2.7521404443140401e-03 

+4.3196898986859655e-01 +1.0000000000000001e-01 +2.7521273231150855e-03 
+4.3874984918764670e-01 +5.4444444444444440e-01 +2.9666768477232429e-03 
+4.5160394395353276e-01 +7.1111111111111114e-01 +3.4088038133191449e-03 
+4.6445803871941882e-01 +5.4444444444444440e-01 +3.9003767795104888e-03 
+4.7123889803846897e-01 +1.0000000000000001e-01 +4.1808543049125686e-03 

+4.7123889803846897e-01 +1.0000000000000001e-01 +4.1808428040915847e-03 
+4.7801975735751912e-01 +5.4444444444444440e-01 +4.4766714808622838e-03 
+4.9087385212340517e-01 +7.1111111111111114e-01 +5.0815247040213599e-03 
+5.0372794688929123e-01 +5.4444444444444440e-01 +5.7474530056977214e-03 
+5.1050880620834138e-01 +1.0000000000000001e-01 +6.1247151204914694e-03 

+5.1050880620834138e-01 +1.0000000000000001e-01 +6.1247056970181648e-03 
+5.1728966552739153e-01 +5.4444444444444440e-01 +6.5207022604420479e-03 
+5.3014376029327759e-01 +7.1111111111111114e-01 +7.3249117098620267e-03 
+5.4299785505916365e-01 +5.4444444444444440e-01 +8.2028569576746199e-03 
+5.4977871437821380e-01 +1.0000000000000001e-01 +8.6971679189553237e-03 

+5.4977871437821380e-01 +1.0000000000000001e-01 +8.6971609872229360e-03 
+5.5655957369726394e-01 +5.4444444444444440e-01 +9.2138517541414094e-03 
+5.6941366846315000e-01 +7.1111111111111114e-01 +1.0257017341770831e-02 
+5.8226776322903606e-01 +5.4444444444444440e-01 +1.1387424448030909e-02 
+5.8904862254808621e-01 +1.0000000000000001e-01 +1.2020437239790257e-02 

+5.8904862254808621e-01 +1.0000000000000001e-01 +1.2020433160287515e-02 
+5.9582948186713636e-01 +5.4444444444444440e-01 +1.2679675963923207e-02 
+6.0868357663302242e-01 +7.1111111111111114e-01 +1.4003758001399524e-02 
+6.2153767139890859e-01 +5.4444444444444440e-01 +1.5429208426193433e-02 
+6.2831853071795862e-01 +1.0000000000000001e-01 +1.6223609079585883e-02 

+6.2831853071795862e-01 +1.0000000000000001e-01 +1.6223608148850415e-02 
+6.3509939003700877e-01 +5.4444444444444440e-01 +1.7048226954542382e-02 
+6.4795348480289483e-01 +7.1111111111111114e-01 +1.8696827659949046e-02 
+6.6080757956878089e-01 +5.4444444444444440e-01 +2.0461288549354556e-02 
+6.6758843888783104e-01 +1.0000000000000001e-01 +2.1440387600378318e-02 

+6.6758843888783104e-01 +1.0000000000000001e-01 +2.1440390042485893e-02 
+6.7436929820688118e-01 +5.4444444444444440e-01 +2.2453758176560281e-02 
+6.8722339297276724e-01 +7.1111111111111114e-01 +2.4471309982905906e-02 
+7.0007748773865330e-01 +5.4444444444444440e-01 +2.6619295852999620e-02 
+7.0685834705770345e-01 +1.0000000000000001e-01 +2.7806576072071466e-02 

+7.0685834705770345e-01 +1.0000000000000001e-01 +2.7806582031878330e-02 
+7.1363920637675360e-01 +5.4444444444444440e-01 +2.9032163390547108e-02 
+7.2649330114263966e-01 +7.1111111111111114e-01 +3.1463042427560088e-02 
+7.3934739590852572e-01 +5.4444444444444440e-01 +3.4038708530140627e-02 
+7.4612825522757587e-01 +1.0000000000000001e-01 +3.5457339309566169e-02 

+7.4612825522757587e-01 +1.0000000000000001e-01 +3.5457348847878427e-02 
+7.5290911454662601e-01 +5.4444444444444440e-01 +3.6918207663399073e-02 
+7.6576320931251207e-01 +7.1111111111111114e-01 +3.9805792962007577e-02 
+7.7861730407839813e-01 +5.4444444444444440e-01 +4.2851981488290246e-02 
+7.8539816339744828e-01 +1.0000000000000001e-01 +4.4524311274043098e-02 

+7.8539816339744828e-01 +1.0000000000000001e-01 +4.4524324364839711e-02 
+7.9217902271649843e-01 +5.4444444444444440e-01 +4.6242615060498156e-02 
+8.0503311748238449e-01 +7.1111111111111114e-01 +4.9628315709038563e-02 
+8.1788721224827055e-01 +5.4444444444444440e-01 +5.3185577494172666e-02 
+8.2466807156732069e-01 +1.0000000000000001e-01 +5.5132616371956052e-02 

+8.2466807156732069e-01 +1.0000000000000001e-01 +5.5132632901741994e-02 
+8.3144893088637084e-01 +5.4444444444444440e-01 +5.7129082240932834e-02 
+8.4430302565225690e-01 +7.1111111111111114e-01 +6.1051355860222881e-02 
+8.5715712041814307e-01 +5.4444444444444440e-01 +6.5156971205116709e-02 
+8.6393797973719311e-01 +1.0000000000000001e-01 +6.7397876178445851e-02 

+8.6393797973719311e-01 +1.0000000000000001e-01 +6.7397895947759384e-02 
+8.7071883905624325e-01 +5.4444444444444440e-01 +6.9691290057810509e-02 
+8.8357293382212931e-01 +7.1111111111111114e-01 +7.4184676528563309e-02 
+8.9642702858801537e-01 +5.4444444444444440e-01 +7.8871699130531395e-02 
+9.0320788790706552e-01 +1.0000000000000001e-01 +8.1423274748869595e-02 

+9.0320788790706552e-01 +1.0000000000000001e-01 +8.1423297475913536e-02 
+9.0998874722611567e-01 +5.4444444444444440e-01 +8.4029986393951275e-02 
+9.2284284199200173e-01 +7.1111111111111114e-01 +8.9124180748471463e-02 
+9.3569693675788779e-01 +5.4444444444444440e-01 +9.4420528517231997e-02 
+9.4247779607693793e-01 +1.0000000000000001e-01 +9.7296755320923523e-02 

+9.4247779607693793e-01 +1.0000000000000001e-01 +9.7296780647240705e-02 
+9.4925865539598808e-01 +5.4444444444444440e-01 +1.0023021279051861e-01 
+9.6211275016187414e-01 +7.1111111111111114e-01 +1.0594920056956358e-01 
+9.7496684492776020e-01 +5.4444444444444440e-01 +1.1187681630322260e-01 
+9.8174770424681035e-01 +1.0000000000000001e-01 +1.1508841905265255e-01 

+9.8174770424681035e-01 +1.0000000000000001e-01 +1.1508844655071152e-01 
+9.8852856356586050e-01 +5.4444444444444440e-01 +1.1835874496232046e-01 
+1.0013826583317464e+00 +7.1111111111111114e-01 +1.2472002215029131e-01 
+1.0142367530976326e+00 +5.4444444444444440e-01 +1.3129412567472329e-01 
+1.0210176124166828e+00 +1.0000000000000001e-01 +1.3484819253494695e-01 

+1.0210176124166828e+00 +1.0000000000000001e-01 +1.3484822171746097e-01 
+1.0277984717357329e+00 +5.4444444444444440e-01 +1.3846181309262501e-01 
+1.0406525665016191e+00 +7.1111111111111114e-01 +1.4547571100696313e-01 
+1.0535066612675050e+00 +5.4444444444444440e-01 +1.5270416247305119e-01 
+1.0602875205865552e+00 +1.0000000000000001e-01 +1.5660382525054861e-01 

+1.0602875205865552e+00 +1.0000000000000001e-01 +1.5660385558130313e-01 
+1.0670683799056053e+00 +5.4444444444444440e-01 +1.6056316195925519e-01 
+1.0799224746714913e+00 +7.1111111111111114e-01 +1.6823229522370720e-01 
+1.0927765694373774e+00 +5.4444444444444440e-01 +1.7611508685512584e-01 
+1.0995574287564276e+00 +1.0000000000000001e-01 +1.8035927105569993e-01 

+1.0995574287564276e+00 +1.0000000000000001e-01 +1.8035930196163272e-01 
+1.1063382880754777e+00 +5.4444444444444440e-01 +1.8466250359981412e-01 
+1.1191923828413639e+00 +7.1111111111111114e-01 +1.9298135662931781e-01 
+1.1320464776072499e+00 +5.4444444444444440e-01 +2.0151024737600159e-01 
+1.1388273369263000e+00 +1.0000000000000001e-01 +2.0609349930375662e-01 

+1.1388273369263000e+00 +1.0000000000000001e-01 +2.0609353018799600e-01 
+1.1456081962453502e+00 +5.4444444444444440e-01 +2.1073440655167774e-01 
+1.1584622910112361e+00 +7.1111111111111114e-01 +2.1968907088351083e-01 
+1.1713163857771223e+00 +5.4444444444444440e-01 +2.2884737523051635e-01 
+1.1780972450961724e+00 +1.0000000000000001e-01 +2.3375977161442776e-01 

+1.1780972450961724e+00 +1.0000000000000001e-01 +2.3375980186997863e-01 
+1.1848781044152226e+00 +5.4444444444444440e-01 +2.3872765590926853e-01 
+1.1977321991811087e+00 +7.1111111111111114e-01 +2.4829572730500976e-01 
+1.2105862939469947e+00 +5.4444444444444440e-01 +2.5805826599014309e-01 
+1.2173671532660448e+00 +1.0000000000000001e-01 +2.6328540974862280e-01 

+1.2173671532660448e+00 +1.0000000000000001e-01 +2.6328543877236560e-01 
+1.2241480125850948e+00 +5.4444444444444440e-01 +2.6856510776236414e-01 
+1.2370021073509809e+00 +7.1111111111111114e-01 +2.7871574836021107e-01 
+1.2498562021168671e+00 +5.4444444444444440e-01 +2.8904896505080246e-01 
+1.2566370614359172e+00 +1.0000000000000001e-01 +2.9457206883112713e-01 

+1.2566370614359172e+00 +1.0000000000000001e-01 +2.9457209603779477e-01 
+1.2634179207549674e+00 +5.4444444444444440e-01 +3.0014405027206692e-01 
+1.2762720155208536e+00 +7.1111111111111114e-01 +3.1083821727713717e-01 
+1.2891261102867395e+00 +5.4444444444444440e-01 +3.2170046143612918e-01 
+1.2959069696057897e+00 +1.0000000000000001e-01 +3.2749651854229733e-01 

+1.2959069696057897e+00 +1.0000000000000001e-01 +3.2749654337808826e-01 
+1.3026878289248398e+00 +5.4444444444444440e-01 +3.3333707197868601e-01 
+1.3155419236907258e+00 +7.1111111111111114e-01 +3.4452791053175824e-01 
+1.3283960184566119e+00 +5.4444444444444440e-01 +3.5586988285826249e-01 
+1.3351768777756621e+00 +1.0000000000000001e-01 +3.6191192315676940e-01 

+1.3351768777756621e+00 +1.0000000000000001e-01 +3.6191194511226882e-01 
+1.3419577370947122e+00 +5.4444444444444440e-01 +3.6799342620028347e-01 
+1.3548118318605984e+00 +7.1111111111111114e-01 +3.7962682025620481e-01 
+1.3676659266264843e+00 +5.4444444444444440e-01 +3.9139217330901849e-01 
+1.3744467859455345e+00 +1.0000000000000001e-01 +3.9764959972622332e-01 

+1.3744467859455345e+00 +1.0000000000000001e-01 +3.9764961834831530e-01 
+1.3812276452645846e+00 +5.4444444444444440e-01 +4.0394086885634989e-01 
+1.3940817400304706e+00 +7.1111111111111114e-01 +4.1595614022438498e-01 
+1.4069358347963568e+00 +5.4444444444444440e-01 +4.2808222322025430e-01 
+1.4137166941154069e+00 +1.0000000000000001e-01 +4.3452122256540088e-01 

+1.4137166941154069e+00 +1.0000000000000001e-01 +4.3452123746788845e-01 
+1.4204975534344570e+00 +5.4444444444444440e-01 +4.4098793601748781e-01 
+1.4333516482003432e+00 +7.1111111111111114e-01 +4.5331867825651251e-01 
+1.4462057429662292e+00 +5.4444444444444440e-01 +4.6573741166596822e-01 
+1.4529866022852793e+00 +1.0000000000000001e-01 +4.7232143177614244e-01 

+1.4529866022852793e+00 +1.0000000000000001e-01 +4.7232144264880882e-01 
+1.4597674616043295e+00 +5.4444444444444440e-01 +4.7892661720696789e-01 
+1.4726215563702154e+00 +7.1111111111111114e-01 +4.9150164791260653e-01 
+1.4854756511361016e+00 +5.4444444444444440e-01 +5.0414051043681796e-01 
+1.4922565104551517e+00 +1.0000000000000001e-01 +5.1083079408640708e-01 

+1.4922565104551517e+00 +1.0000000000000001e-01 +5.1083080070230635e-01 
+1.4990373697742019e+00 +5.4444444444444440e-01 +5.1753537121311743e-01 
+1.5118914645400880e+00 +7.1111111111111114e-01 +5.3027978345841842e-01 
+1.5247455593059740e+00 +5.4444444444444440e-01 +5.4306289133459873e-01 
+1.5315264186250241e+00 +1.0000000000000001e-01 +5.4981905601991565e-01 

+1.5315264186250241e+00 +1.0000000000000001e-01 +5.4981905824070809e-01 
+1.5383072779440743e+00 +5.4444444444444440e-01 +5.5658242313802020e-01 
+1.5511613727099602e+00 +7.1111111111111114e-01 +5.6941871450149240e-01 
+1.5640154674758464e+00 +5.4444444444444440e-01 +5.8226797091602578e-01 
+1.5707963267948966e+00 +1.0000000000000001e-01 +5.8904862254808599e-01 

+1.5707963267948966e+00 +1.0000000000000001e-01 +5.8904862032729433e-01 
+1.5775771861139467e+00 +5.4444444444444440e-01 +5.9582927480322478e-01 
+1.5904312808798329e+00 +7.1111111111111114e-01 +6.0867853059467947e-01 
+1.6032853756457188e+00 +5.4444444444444440e-01 +6.2151482133507341e-01 
+1.6100662349647690e+00 +1.0000000000000001e-01 +6.2827818907625665e-01 

+1.6100662349647690e+00 +1.0000000000000001e-01 +6.2827818246035805e-01 
+1.6168470942838191e+00 +5.4444444444444440e-01 +6.3503435561776900e-01 
+1.6297011890497051e+00 +7.1111111111111114e-01 +6.4781746163775356e-01 
+1.6425552838155912e+00 +5.4444444444444440e-01 +6.6056187202685945e-01 
+1.6493361431346414e+00 +1.0000000000000001e-01 +6.6726645100976500e-01 

+1.6493361431346414e+00 +1.0000000000000001e-01 +6.6726644013709957e-01 
+1.6561170024536915e+00 +5.4444444444444440e-01 +6.7395673770985320e-01 
+1.6689710972195777e+00 +7.1111111111111114e-01 +6.8659559718356533e-01 
+1.6818251919854637e+00 +5.4444444444444440e-01 +6.9917062483870529e-01 
+1.6886060513045138e+00 +1.0000000000000001e-01 +7.0577581332002981e-01 

+1.6886060513045138e+00 +1.0000000000000001e-01 +7.0577579841754323e-01 
+1.6953869106235637e+00 +5.4444444444444440e-01 +7.1235983761133304e-01 
+1.7082410053894499e+00 +7.1111111111111114e-01 +7.2477856683965947e-01 
+1.7210951001553361e+00 +5.4444444444444440e-01 +7.3710930489755533e-01 
+1.7278759594743862e+00 +1.0000000000000001e-01 +7.4357602253077126e-01 

+1.7278759594743862e+00 +1.0000000000000001e-01 +7.4357600390867995e-01 
+1.7346568187934364e+00 +5.4444444444444440e-01 +7.5001502710064116e-01 
+1.7475109135593225e+00 +7.1111111111111114e-01 +7.6214110487178710e-01 
+1.7603650083252087e+00 +5.4444444444444440e-01 +7.7415637101509938e-01 
+1.7671458676442586e+00 +1.0000000000000001e-01 +7.8044764536994882e-01 

+1.7671458676442586e+00 +1.0000000000000001e-01 +7.8044762341445040e-01 
+1.7739267269633088e+00 +5.4444444444444440e-01 +7.8670507794711719e-01 
+1.7867808217291947e+00 +7.1111111111111114e-01 +7.9847042483996700e-01 
+1.7996349164950809e+00 +5.4444444444444440e-01 +8.1010381273592524e-01 
+1.8064157758141310e+00 +1.0000000000000001e-01 +8.1618532193940285e-01 

+1.8064157758141310e+00 +1.0000000000000001e-01 +8.1618529710361298e-01 
+1.8131966351331812e+00 +5.4444444444444440e-01 +8.2222736920598460e-01 
+1.8260507298990674e+00 +7.1111111111111114e-01 +8.3356933456441373e-01 
+1.8389048246649533e+00 +5.4444444444444440e-01 +8.4476016614941141e-01 
+1.8456856839840035e+00 +1.0000000000000001e-01 +8.5060072655387464e-01 

+1.8456856839840035e+00 +1.0000000000000001e-01 +8.5060069934720794e-01 
+1.8524665433030536e+00 +5.4444444444444440e-01 +8.5639679129330482e-01 
+1.8653206380689396e+00 +7.1111111111111114e-01 +8.6725902781903463e-01 
+1.8781747328348257e+00 +5.4444444444444440e-01 +8.7795318719084325e-01 
+1.8849555921538759e+00 +1.0000000000000001e-01 +8.8352517626504512e-01 

+1.8849555921538759e+00 +1.0000000000000001e-01 +8.8352514724130349e-01 
+1.8917364514729260e+00 +5.4444444444444440e-01 +8.8904828818844073e-01 
+1.9045905462388122e+00 +7.1111111111111114e-01 +8.9938149673596091e-01 
+1.9174446410046981e+00 +5.4444444444444440e-01 +9.0953212919073700e-01 
+1.9242255003237483e+00 +1.0000000000000001e-01 +9.1481183534754917e-01 

+1.9242255003237483e+00 +1.0000000000000001e-01 +9.1481180509199900e-01 
+1.9310063596427984e+00 +5.4444444444444440e-01 +9.2003898759470371e-01 
+1.9438604544086844e+00 +7.1111111111111114e-01 +9.2980151779116216e-01 
+1.9567145491745705e+00 +5.4444444444444440e-01 +9.3936958069822896e-01 
+1.9634954084936207e+00 +1.0000000000000001e-01 +9.4433747348174457e-01 

+1.9634954084936207e+00 +1.0000000000000001e-01 +9.4433744259750607e-01 
+1.9702762678126708e+00 +5.4444444444444440e-01 +9.4924987853071885e-01 
+1.9831303625785568e+00 +7.1111111111111114e-01 +9.5840817421266100e-01 
+1.9959844573444427e+00 +5.4444444444444440e-01 +9.6736282987943145e-01 
+2.0027653166634929e+00 +1.0000000000000001e-01 +9.7200374579241500e-01 

+2.0027653166634929e+00 +1.0000000000000001e-01 +9.7200371488648307e-01 
+2.0095461759825430e+00 +5.4444444444444440e-01 +9.7658700639132012e-01 
+2.0224002707484292e+00 +7.1111111111111114e-01 +9.8511588846685416e-01 
+2.0352543655143154e+00 +5.4444444444444440e-01 +9.9343473282520833e-01 
+2.0420352248333655e+00 +1.0000000000000001e-01 +9.9773797404047215e-01 

+2.0420352248333655e+00 +1.0000000000000001e-01 +9.9773794370971902e-01 
+2.0488160841524157e+00 +5.4444444444444440e-01 +1.0019821667508206e+00 
+2.0616701789183018e+00 +7.1111111111111114e-01 +1.0098649498724650e+00 
+2.0745242736841880e+00 +5.4444444444444440e-01 +1.0175340746271431e+00 
+2.0813051330032382e+00 +1.0000000000000001e-01 +1.0214934198456234e+00 

+2.0813051330032382e+00 +1.0000000000000001e-01 +1.0214933906631110e+00 
+2.0880859923222883e+00 +5.4444444444444440e-01 +1.0253930908107383e+00 
+2.1009400870881745e+00 +7.1111111111111114e-01 +1.0326215340892091e+00 
+2.1137941818540602e+00 +5.4444444444444440e-01 +1.0396354238159304e+00 
+2.1205750411731104e+00 +1.0000000000000001e-01 +1.0432490525612257e+00 

+2.1205750411731104e+00 +1.0000000000000001e-01 +1.0432490250631667e+00 
+2.1273559004921605e+00 +5.4444444444444440e-01 +1.0468031271364655e+00 
+2.1402099952580462e+00 +7.1111111111111114e-01 +1.0533772229458807e+00 
+2.1530640900239324e+00 +5.4444444444444440e-01 +1.0597384924188353e+00 
+2.1598449493429825e+00 +1.0000000000000001e-01 +1.0630088260435195e+00 

+2.1598449493429825e+00 +1.0000000000000001e-01 +1.0630088007172029e+00 
+2.1666258086620327e+00 +5.4444444444444440e-01 +1.0662204358986493e+00 
+2.1794799034279189e+00 +7.1111111111111114e-01 +1.0721480445266081e+00 
+2.1923339981938050e+00 +5.4444444444444440e-01 +1.0778670251999534e+00 
+2.1991148575128552e+00 +1.0000000000000001e-01 +1.0808004897752486e+00 

+2.1991148575128552e+00 +1.0000000000000001e-01 +1.0808004670482056e+00 
+2.2058957168319053e+00 +5.4444444444444440e-01 +1.0836767229553728e+00 
+2.2187498115977915e+00 +7.1111111111111114e-01 +1.0889730643477009e+00 
+2.2316039063636777e+00 +5.4444444444444440e-01 +1.0940672523257888e+00 
+2.2383847656827278e+00 +1.0000000000000001e-01 +1.0966739703473027e+00 

+2.2383847656827278e+00 +1.0000000000000001e-01 +1.0966739505779903e+00 
+2.2451656250017780e+00 +5.4444444444444440e-01 +1.0992255515122353e+00 
+2.2580197197676641e+00 +7.1111111111111114e-01 +1.1039125685676092e+00 
+2.2708738145335499e+00 +5.4444444444444440e-01 +1.1084059494917680e+00 
+2.2776546738526000e+00 +1.0000000000000001e-01 +1.1106993689177262e+00 

+2.2776546738526000e+00 +1.0000000000000001e-01 +1.1106993523879412e+00 
+2.2844355331716502e+00 +5.4444444444444440e-01 +1.1129402785287488e+00 
+2.2972896279375359e+00 +7.1111111111111114e-01 +1.1170458892359489e+00 
+2.3101437227034221e+00 +5.4444444444444440e-01 +1.1209681582175459e+00 
+2.3169245820224722e+00 +1.0000000000000001e-01 +1.1229646287242161e+00 

+2.3169245820224722e+00 +1.0000000000000001e-01 +1.1229646156334210e+00 
+2.3237054413415223e+00 +5.4444444444444440e-01 +1.1249116712748302e+00 
+2.3365595361074085e+00 +7.1111111111111114e-01 +1.1284689293871333e+00 
+2.3494136308732947e+00 +5.4444444444444440e-01 +1.1318546263628437e+00 
+2.3561944901923448e+00 +1.0000000000000001e-01 +1.1335729338221296e+00 

+2.3561944901923448e+00 +1.0000000000000001e-01 +1.1335729242838182e+00 
+2.3629753495113950e+00 +5.4444444444444440e-01 +1.1352452662840071e+00 
+2.3758294442772812e+00 +7.1111111111111114e-01 +1.1382914521341647e+00 
+2.3886835390431673e+00 +5.4444444444444440e-01 +1.1411790347566488e+00 
+2.3954643983622175e+00 +1.0000000000000001e-01 +1.1426399057866063e+00 

+2.3954643983622175e+00 +1.0000000000000001e-01 +1.1426398998268004e+00 
+2.4022452576812676e+00 +5.4444444444444440e-01 +1.1440585382381501e+00 
+2.4150993524471538e+00 +7.1111111111111114e-01 +1.1466342026686123e+00 
+2.4279534472130395e+00 +5.4444444444444440e-01 +1.1490650800335074e+00 
+2.4347343065320897e+00 +1.0000000000000001e-01 +1.1502906690241008e+00 

+2.4347343065320897e+00 +1.0000000000000001e-01 +1.1502906665819939e+00 
+2.4415151658511394e+00 +5.4444444444444440e-01 +1.1514779499283443e+00 
+2.4543692606170255e+00 +7.1111111111111114e-01 +1.1536259351132656e+00 
+2.4672233553829122e+00 +5.4444444444444440e-01 +1.1556434862344398e+00 
+2.4740042147019619e+00 +1.0000000000000001e-01 +1.1566568574957941e+00 

+2.4740042147019619e+00 +1.0000000000000001e-01 +1.1566568584265304e+00 
+2.4807850740210120e+00 +5.4444444444444440e-01 +1.1576359562856851e+00 
+2.4936391687868982e+00 +7.1111111111111114e-01 +1.1594004174362231e+00 
+2.5064932635527843e+00 +5.4444444444444440e-01 +1.1610490184027629e+00 
+2.5132741228718345e+00 +1.0000000000000001e-01 +1.1618736360165862e+00 

+2.5132741228718345e+00 +1.0000000000000001e-01 +1.1618736400960894e+00 
+2.5200549821908851e+00 +5.4444444444444440e-01 +1.1626680355254095e+00 
+2.5329090769567708e+00 +7.1111111111111114e-01 +1.1640934870947726e+00 
+2.5457631717226570e+00 +5.4444444444444440e-01 +1.1654175702768181e+00 
+2.5525440310417071e+00 +1.0000000000000001e-01 +1.1660768078563821e+00 

+2.5525440310417071e+00 +1.0000000000000001e-01 +1.1660768147881153e+00 
+2.5593248903607573e+00 +5.4444444444444440e-01 +1.1667098187033338e+00 
+2.5721789851266434e+00 +7.1111111111111114e-01 +1.1678402277544009e+00 
+2.5850330798925292e+00 +5.4444444444444440e-01 +1.1688833952868383e+00 
+2.5918139392115793e+00 +1.0000000000000001e-01 +1.1694000771772168e+00 

+2.5918139392115793e+00 +1.0000000000000001e-01 +1.1694000866006915e+00 
+2.5985947985306295e+00 +5.4444444444444440e-01 +1.1698943854945929e+00 
+2.6114488932965152e+00 +7.1111111111111114e-01 +1.1707723333863098e+00 
+2.6243029880624014e+00 +5.4444444444444440e-01 +1.1715765454796352e+00 
+2.6310838473814515e+00 +1.0000000000000001e-01 +1.1719725299756809e+00 

+2.6310838473814515e+00 +1.0000000000000001e-01 +1.1719725414765032e+00 
+2.6378647067005017e+00 +5.4444444444444440e-01 +1.1723497888637369e+00 
+2.6507188014663878e+00 +7.1111111111111114e-01 +1.1730157203921510e+00 
+2.6635728962322740e+00 +5.4444444444444440e-01 +1.1736205768420482e+00 
+2.6703537555513241e+00 +1.0000000000000001e-01 +1.1739163907912598e+00 

+2.6703537555513241e+00 +1.0000000000000001e-01 +1.1739164039124594e+00 
+2.6771346148703743e+00 +5.4444444444444440e-01 +1.1741968646353016e+00 
+2.6899887096362605e+00 +7.1111111111111114e-01 +1.1746884412828531e+00 
+2.7028428044021466e+00 +5.4444444444444440e-01 +1.1751305719298093e+00 
+2.7096236637211968e+00 +1.0000000000000001e-01 +1.1753451046518582e+00 

+2.7096236637211968e+00 +1.0000000000000001e-01 +1.1753451189062141e+00 
+2.7164045230402469e+00 +5.4444444444444440e-01 +1.1755473739653730e+00 
+2.7292586178061331e+00 +7.1111111111111114e-01 +1.1758989450310688e+00 
+2.7421127125720188e+00 +5.4444444444444440e-01 +1.1762115219252778e+00 
+2.7488935718910690e+00 +1.0000000000000001e-01 +1.1763617847557877e+00 

+2.7488935718910690e+00 +1.0000000000000001e-01 +1.1763617996388316e+00 
+2.7556744312101191e+00 +5.4444444444444440e-01 +1.1765025175607513e+00 
+2.7685285259760049e+00 +7.1111111111111114e-01 +1.1767447197369740e+00 
+2.7813826207418910e+00 +5.4444444444444440e-01 +1.1769571004674901e+00 
+2.7881634800609412e+00 +1.0000000000000001e-01 +1.1770580564618007e+00 

+2.7881634800609412e+00 +1.0000000000000001e-01 +1.1770580714651910e+00 
+2.7949443393799913e+00 +5.4444444444444440e-01 +1.1771518504243208e+00 
+2.8077984341458775e+00 +7.1111111111111114e-01 +1.1773113429341726e+00 
+2.8206525289117637e+00 +5.4444444444444440e-01 +1.1774488510678653e+00 
+2.8274333882308138e+00 +1.0000000000000001e-01 +1.1775133175254500e+00 

+2.8274333882308138e+00 +1.0000000000000001e-01 +1.1775133321503597e+00 
+2.8342142475498640e+00 +5.4444444444444440e-01 +1.1775726151767874e+00 
+2.8470683423157501e+00 +7.1111111111111114e-01 +1.1776719539757428e+00 
+2.8599224370816363e+00 +5.4444444444444440e-01 +1.1777557989092258e+00 
+2.8667032964006864e+00 +1.0000000000000001e-01 +1.1777944234483575e+00 

+2.8667032964006864e+00 +1.0000000000000001e-01 +1.1777944372185556e+00 
+2.8734841557197366e+00 +5.4444444444444440e-01 +1.1778295008854791e+00 
+2.8863382504856228e+00 +7.1111111111111114e-01 +1.1778871517533449e+00 
+2.8991923452515085e+00 +5.4444444444444440e-01 +1.1779344866011370e+00 
+2.9059732045705586e+00 +1.0000000000000001e-01 +1.1779557955746291e+00 

+2.9059732045705586e+00 +1.0000000000000001e-01 +1.1779558080489227e+00 
+2.9127540638896088e+00 +5.4444444444444440e-01 +1.1779748230992635e+00 
+2.9256081586554945e+00 +7.1111111111111114e-01 +1.1780053097951262e+00 
+2.9384622534213807e+00 +5.4444444444444440e-01 +1.1780294223119283e+00 
+2.9452431127404308e+00 +1.0000000000000001e-01 +1.1780399384568545e+00 

+2.9452431127404308e+00 +1.0000000000000001e-01 +1.1780399492405838e+00 
+2.9520239720594810e+00 +5.4444444444444440e-01 +1.1780491097260402e+00 
+2.9648780668253671e+00 +7.1111111111111114e-01 +1.1780632898413987e+00 
+2.9777321615912533e+00 +5.4444444444444440e-01 +1.1780739178962201e+00 
+2.9845130209103035e+00 +1.0000000000000001e-01 +1.1780783423009609e+00 

+2.9845130209103035e+00 +1.0000000000000001e-01 +1.1780783510562538e+00 
+2.9912938802293536e+00 +5.4444444444444440e-01 +1.1780820667723682e+00 
+3.0041479749952398e+00 +7.1111111111111114e-01 +1.1780875245844380e+00 
+3.0170020697611259e+00 +5.4444444444444440e-01 +1.1780912844563189e+00 
+3.0237829290801761e+00 +1.0000000000000001e-01 +1.1780927362521811e+00 

+3.0237829290801761e+00 +1.0000000000000001e-01 +1.1780927427067223e+00 
+3.0305637883992262e+00 +5.4444444444444440e-01 +1.1780938880588165e+00 
+3.0434178831651124e+00 +7.1111111111111114e-01 +1.1780954306402873e+00 
+3.0562719779309981e+00 +5.4444444444444440e-01 +1.1780963434706535e+00 
+3.0630528372500483e+00 +1.0000000000000001e-01 +1.1780966491546088e+00 

+3.0630528372500483e+00 +1.0000000000000001e-01 +1.1780966531086896e+00 
+3.0698336965690984e+00 +5.4444444444444440e-01 +1.1780968640769751e+00 
+3.0826877913349842e+00 +7.1111111111111114e-01 +1.1780971042362895e+00 
+3.0955418861008703e+00 +5.4444444444444440e-01 +1.1780972034247614e+00 
+3.1023227454199205e+00 +1.0000000000000001e-01 +1.1780972264319243e+00 

+3.1023227454199205e+00 +1.0000000000000001e-01 +1.1780972277636172e+00 
+3.1091036047389706e+00 +5.4444444444444440e-01 +1.1780972373879475e+00 
+3.1219576995048568e+00 +7.1111111111111114e-01 +1.1780972447623921e+00 
+3.1348117942707430e+00 +5.4444444444444440e-01 +1.1780972449946960e+00 
+3.1415926535897931e+00 +1.0000000000000001e-01 +1.1780972450961722e+00 

+3.1415926535897931e+00 +1.0000000000000001e-01 +1.1780972437644806e+00 
+3.1483735129088433e+00 +5.4444444444444440e-01 +1.1780972455712755e+00 
+3.1612276076747294e+00 +7.1111111111111114e-01 +1.1780972454299519e+00 
+3.1740817024406156e+00 +5.4444444444444440e-01 +1.1780972524307698e+00 
+3.1808625617596658e+00 +1.0000000000000001e-01 +1.1780972637604206e+00 

+3.1808625617596658e+00 +1.0000000000000001e-01 +1.1780972598063413e+00 
+3.1876434210787159e+00 +5.4444444444444440e-01 +1.1780972878769627e+00 
+3.2004975158446021e+00 +7.1111111111111114e-01 +1.1780973859560546e+00 
+3.2133516106104878e+00 +5.4444444444444440e-01 +1.1780976250059900e+00 
+3.2201324699295379e+00 +1.0000000000000001e-01 +1.1780978410377363e+00 

+3.2201324699295379e+00 +1.0000000000000001e-01 +1.1780978345831976e+00 
+3.2269133292485881e+00 +5.4444444444444440e-01 +1.1780981485326147e+00 
+3.2397674240144738e+00 +7.1111111111111114e-01 +1.1780990595520568e+00 
+3.2526215187803600e+00 +5.4444444444444440e-01 +1.1781006003226049e+00 
+3.2594023780994101e+00 +1.0000000000000001e-01 +1.1781017539401633e+00 

+3.2594023780994101e+00 +1.0000000000000001e-01 +1.1781017451848721e+00 
+3.2661832374184603e+00 +5.4444444444444440e-01 +1.1781032081924623e+00 
+3.2790373321843465e+00 +7.1111111111111114e-01 +1.1781069656079064e+00 
+3.2918914269502322e+00 +5.4444444444444440e-01 +1.1781124209635407e+00 
+3.2986722862692828e+00 +1.0000000000000001e-01 +1.1781161478913840e+00 

+3.2986722862692828e+00 +1.0000000000000001e-01 +1.1781161371076572e+00 
+3.3054531455883329e+00 +5.4444444444444440e-01 +1.1781205753216710e+00 
+3.3183072403542191e+00 +7.1111111111111114e-01 +1.1781312003509459e+00 
+3.3311613351201053e+00 +5.4444444444444440e-01 +1.1781453774407589e+00 
+3.3379421944391554e+00 +1.0000000000000001e-01 +1.1781545517354906e+00 

+3.3379421944391554e+00 +1.0000000000000001e-01 +1.1781545392611990e+00 
+3.3447230537582051e+00 +5.4444444444444440e-01 +1.1781650713802774e+00 
+3.3575771485240917e+00 +7.1111111111111114e-01 +1.1781891803972180e+00 
+3.3704312432899775e+00 +5.4444444444444440e-01 +1.1782196635932209e+00 
+3.3772121026090276e+00 +1.0000000000000001e-01 +1.1782386946177157e+00 

+3.3772121026090276e+00 +1.0000000000000001e-01 +1.1782386808475207e+00 
+3.3839929619280777e+00 +5.4444444444444440e-01 +1.1782600074546552e+00 
+3.3968470566939635e+00 +7.1111111111111114e-01 +1.1783073384389990e+00 
+3.4097011514598501e+00 +5.4444444444444440e-01 +1.1783649854434184e+00 
+3.4164820107788998e+00 +1.0000000000000001e-01 +1.1784000667439865e+00 

+3.4164820107788998e+00 +1.0000000000000001e-01 +1.1784000521190794e+00 
+3.4232628700979504e+00 +5.4444444444444440e-01 +1.1784386953863690e+00 
+3.4361169648638361e+00 +7.1111111111111114e-01 +1.1785225362166021e+00 
+3.4489710596297227e+00 +5.4444444444444440e-01 +1.1786218709123080e+00 
+3.4557519189487724e+00 +1.0000000000000001e-01 +1.1786811726668949e+00 

+3.4557519189487724e+00 +1.0000000000000001e-01 +1.1786811576635070e+00 
+3.4625327782678230e+00 +5.4444444444444440e-01 +1.1787456433339183e+00 
+3.4753868730337087e+00 +7.1111111111111114e-01 +1.1788831472581720e+00 
+3.4882409677995945e+00 +5.4444444444444440e-01 +1.1790426355585857e+00 
+3.4950218271186451e+00 +1.0000000000000001e-01 +1.1791364337305439e+00 

+3.4950218271186451e+00 +1.0000000000000001e-01 +1.1791364188475013e+00 
+3.5018026864376948e+00 +5.4444444444444440e-01 +1.1792373939005283e+00 
+3.5146567812035814e+00 +7.1111111111111114e-01 +1.1794497704553695e+00 
+3.5275108759694671e+00 +5.4444444444444440e-01 +1.1796919684559191e+00 
+3.5342917352885173e+00 +1.0000000000000001e-01 +1.1798327054365569e+00 

+3.5342917352885173e+00 +1.0000000000000001e-01 +1.1798326911822032e+00 
+3.5410725946075674e+00 +5.4444444444444440e-01 +1.1799829722663526e+00 
+3.5539266893734531e+00 +7.1111111111111114e-01 +1.1802955451612751e+00 
+3.5667807841393397e+00 +5.4444444444444440e-01 +1.1806471122276858e+00 
+3.5735616434583894e+00 +1.0000000000000001e-01 +1.1808493855404865e+00 

+3.5735616434583894e+00 +1.0000000000000001e-01 +1.1808493724192877e+00 
+3.5803425027774396e+00 +5.4444444444444440e-01 +1.1810639219438956e+00 
+3.5931965975433258e+00 +7.1111111111111114e-01 +1.1815060489094913e+00 
+3.6060506923092119e+00 +5.4444444444444440e-01 +1.1819976218756827e+00 
+3.6128315516282621e+00 +1.0000000000000001e-01 +1.1822780994010849e+00 

+3.6128315516282621e+00 +1.0000000000000001e-01 +1.1822780879002641e+00 
+3.6196124109473122e+00 +5.4444444444444440e-01 +1.1825739165770341e+00 
+3.6324665057131984e+00 +7.1111111111111114e-01 +1.1831787698001934e+00 
+3.6453206004790846e+00 +5.4444444444444440e-01 +1.1838446981018700e+00 
+3.6521014597981347e+00 +1.0000000000000001e-01 +1.1842219602166635e+00 

+3.6521014597981347e+00 +1.0000000000000001e-01 +1.1842219507931919e+00 
+3.6588823191171849e+00 +5.4444444444444440e-01 +1.1846179473566145e+00 
+3.6717364138830710e+00 +7.1111111111111114e-01 +1.1854221568060341e+00 
+3.6845905086489568e+00 +5.4444444444444440e-01 +1.1863001020538471e+00 
+3.6913713679680069e+00 +1.0000000000000001e-01 +1.1867944130151276e+00 

+3.6913713679680069e+00 +1.0000000000000001e-01 +1.1867944060833961e+00 
+3.6981522272870571e+00 +5.4444444444444440e-01 +1.1873110968503136e+00 
+3.7110063220529428e+00 +7.1111111111111114e-01 +1.1883542624379431e+00 
+3.7238604168188290e+00 +5.4444444444444440e-01 +1.1894846695442036e+00 
+3.7306412761378791e+00 +1.0000000000000001e-01 +1.1901176823359627e+00 

+3.7306412761378791e+00 +1.0000000000000001e-01 +1.1901176782564611e+00 
+3.7374221354569293e+00 +5.4444444444444440e-01 +1.1907769210600960e+00 
+3.7502762302228154e+00 +7.1111111111111114e-01 +1.1921010030975718e+00 
+3.7631303249887016e+00 +5.4444444444444440e-01 +1.1935264535223660e+00 
+3.7699111843077517e+00 +1.0000000000000001e-01 +1.1943208541757588e+00 

+3.7699111843077517e+00 +1.0000000000000001e-01 +1.1943208532450242e+00 
+3.7766920436268019e+00 +5.4444444444444440e-01 +1.1951454720507144e+00 
+3.7895461383926881e+00 +7.1111111111111114e-01 +1.1967940727561213e+00 
+3.8024002331585742e+00 +5.4444444444444440e-01 +1.1985585336455273e+00 
+3.8091810924776244e+00 +1.0000000000000001e-01 +1.1995376326965506e+00 

+3.8091810924776244e+00 +1.0000000000000001e-01 +1.1995376351386593e+00 
+3.8159619517966745e+00 +5.4444444444444440e-01 +1.2005510032727327e+00 
+3.8288160465625607e+00 +7.1111111111111114e-01 +1.2025685550790779e+00 
+3.8416701413284464e+00 +5.4444444444444440e-01 +1.2047165409491725e+00 
+3.8484510006474966e+00 +1.0000000000000001e-01 +1.2059038211682442e+00 

+3.8484510006474966e+00 +1.0000000000000001e-01 +1.2059038271280522e+00 
+3.8552318599665467e+00 +5.4444444444444440e-01 +1.2071294084867195e+00 
+3.8680859547324324e+00 +7.1111111111111114e-01 +1.2095602875237319e+00 
+3.8809400494983186e+00 +5.4444444444444440e-01 +1.2121359536263132e+00 
+3.8877209088173688e+00 +1.0000000000000001e-01 +1.2135545844057385e+00 

+3.8877209088173688e+00 +1.0000000000000001e-01 +1.2135545939440515e+00 
+3.8945017681364189e+00 +5.4444444444444440e-01 +1.2150154527595713e+00 
+3.9073558629023051e+00 +7.1111111111111114e-01 +1.2179030380581797e+00 
+3.9202099576681912e+00 +5.4444444444444440e-01 +1.2209492265844628e+00 
+3.9269908169872414e+00 +1.0000000000000001e-01 +1.2226215563702154e+00 

+3.9269908169872414e+00 +1.0000000000000001e-01 +1.2226215694610130e+00 
+3.9337716763062915e+00 +5.4444444444444440e-01 +1.2243398601566702e+00 
+3.9466257710721777e+00 +7.1111111111111114e-01 +1.2277255608052107e+00 
+3.9594798658380639e+00 +5.4444444444444440e-01 +1.2312828225903456e+00 
+3.9662607251571140e+00 +1.0000000000000001e-01 +1.2332298614681283e+00 

+3.9662607251571140e+00 +1.0000000000000001e-01 +1.2332298779979152e+00 
+3.9730415844761642e+00 +5.4444444444444440e-01 +1.2352263273371049e+00 
+3.9858956792420499e+00 +7.1111111111111114e-01 +1.2391486009563943e+00 
+3.9987497740079356e+00 +5.4444444444444440e-01 +1.2432542163012887e+00 
+4.0055306333269858e+00 +1.0000000000000001e-01 +1.2454951212746181e+00 

+4.0055306333269858e+00 +1.0000000000000001e-01 +1.2454951410439328e+00 
+4.0123114926460355e+00 +5.4444444444444440e-01 +1.2477885351539821e+00 
+4.0251655874119221e+00 +7.1111111111111114e-01 +1.2522819216247350e+00 
+4.0380196821778078e+00 +5.4444444444444440e-01 +1.2569689442267036e+00 
+4.0448005414968584e+00 +1.0000000000000001e-01 +1.2595205198450417e+00 

+4.0448005414968584e+00 +1.0000000000000001e-01 +1.2595205425720870e+00 
+4.0515814008159081e+00 +5.4444444444444440e-01 +1.2621272314901233e+00 
+4.0644354955817947e+00 +7.1111111111111114e-01 +1.2672214258446437e+00 
+4.0772895903476805e+00 +5.4444444444444440e-01 +1.2725177736134043e+00 
+4.0840704496667311e+00 +1.0000000000000001e-01 +1.2753940004170961e+00 

+4.0840704496667311e+00 +1.0000000000000001e-01 +1.2753940257434138e+00 
+4.0908513089857808e+00 +5.4444444444444440e-01 +1.2783274578866908e+00 
+4.1037054037516674e+00 +7.1111111111111114e-01 +1.2840464456657359e+00 
+4.1165594985175531e+00 +5.4444444444444440e-01 +1.2899740613993949e+00 
+4.1233403578366037e+00 +1.0000000000000001e-01 +1.2931856641488249e+00 

+4.1233403578366037e+00 +1.0000000000000001e-01 +1.2931856916468849e+00 
+4.1301212171556543e+00 +5.4444444444444440e-01 +1.2964559900584933e+00 
+4.1429753119215400e+00 +7.1111111111111114e-01 +1.3028172672464637e+00 
+4.1558294066874257e+00 +5.4444444444444440e-01 +1.3093913707708960e+00 
+4.1626102660064763e+00 +1.0000000000000001e-01 +1.3129454376311194e+00 

+4.1626102660064763e+00 +1.0000000000000001e-01 +1.3129454668136349e+00 
+4.1693911253255260e+00 +5.4444444444444440e-01 +1.3165590581887976e+00 
+4.1822452200914118e+00 +7.1111111111111114e-01 +1.3235729561031349e+00 
+4.1950993148572984e+00 +5.4444444444444440e-01 +1.3308014075692234e+00 
+4.2018801741763481e+00 +1.0000000000000001e-01 +1.3347010703467208e+00 

+4.2018801741763481e+00 +1.0000000000000001e-01 +1.3347011006774778e+00 
+4.2086610334953978e+00 +5.4444444444444440e-01 +1.3386604070554269e+00 
+4.2215151282612844e+00 +7.1111111111111114e-01 +1.3463295403198792e+00 
+4.2343692230271701e+00 +5.4444444444444440e-01 +1.3542123319512982e+00 
+4.2411500823462207e+00 +1.0000000000000001e-01 +1.3584565161518714e+00 

+4.2411500823462207e+00 +1.0000000000000001e-01 +1.3584565470578061e+00 
+4.2479309416652704e+00 +5.4444444444444440e-01 +1.3627597486959857e+00 
+4.2607850364311570e+00 +7.1111111111111114e-01 +1.3710786017254895e+00 
+4.2736391311970428e+00 +5.4444444444444440e-01 +1.3796074924721735e+00 
+4.2804199905160933e+00 +1.0000000000000001e-01 +1.3841907443999286e+00 

+4.2804199905160933e+00 +1.0000000000000001e-01 +1.3841907752841702e+00 
+4.2872008498351430e+00 +5.4444444444444440e-01 +1.3888316516478498e+00 
+4.3000549446010297e+00 +7.1111111111111114e-01 +1.3977863159796828e+00 
+4.3129090393669154e+00 +5.4444444444444440e-01 +1.4069446203266887e+00 
+4.3196898986859651e+00 +1.0000000000000001e-01 +1.4118570167105993e+00 

+4.3196898986859651e+00 +1.0000000000000001e-01 +1.4118570469661509e+00 
+4.3264707580050157e+00 +5.4444444444444440e-01 +1.4168249010054408e+00 
+4.3393248527709014e+00 +7.1111111111111114e-01 +1.4263929724011810e+00 
+4.3521789475367880e+00 +5.4444444444444440e-01 +1.4361555110863149e+00 
+4.3589598068558377e+00 +1.0000000000000001e-01 +1.4413826548447943e+00 

+4.3589598068558377e+00 +1.0000000000000001e-01 +1.4413826838685382e+00 
+4.3657406661748883e+00 +5.4444444444444440e-01 +1.4466623528585358e+00 
+4.3785947609407740e+00 +7.1111111111111114e-01 +1.4568129934563829e+00 
+4.3914488557066598e+00 +5.4444444444444440e-01 +1.4671462101469748e+00 
+4.3982297150257104e+00 +1.0000000000000001e-01 +1.4726693139272995e+00 

+4.3982297150257104e+00 +1.0000000000000001e-01 +1.4726693411339686e+00 
+4.4050105743447601e+00 +5.4444444444444440e-01 +1.4782412953682389e+00 
+4.4178646691106467e+00 +7.1111111111111114e-01 +1.4889354623733093e+00 
+4.4307187638765324e+00 +5.4444444444444440e-01 +1.4997977065323018e+00 
+4.4374996231955830e+00 +1.0000000000000001e-01 +1.5055937636384698e+00 

+4.4374996231955830e+00 +1.0000000000000001e-01 +1.5055937884742625e+00 
+4.4442804825146327e+00 +5.4444444444444440e-01 +1.5114343170748583e+00 
+4.4571345772805193e+00 +7.1111111111111114e-01 +1.5226251556279309e+00 
+4.4699886720464050e+00 +5.4444444444444440e-01 +1.5339671279544351e+00 
+4.4767695313654556e+00 +1.0000000000000001e-01 +1.5400091682529422e+00 

+4.4767695313654556e+00 +1.0000000000000001e-01 +1.5400091902084423e+00 
+4.4835503906845053e+00 +5.4444444444444440e-01 +1.5460906712964566e+00 
+4.4964044854503911e+00 +7.1111111111111114e-01 +1.5577240653523767e+00 
+4.5092585802162777e+00 +5.4444444444444440e-01 +1.5694894184051909e+00 
+4.5160394395353274e+00 +1.0000000000000001e-01 +1.5757468448223952e+00 

+4.5160394395353274e+00 +1.0000000000000001e-01 +1.5757468634444882e+00 
+4.5228202988543780e+00 +5.4444444444444440e-01 +1.5820381139525224e+00 
+4.5356743936202637e+00 +7.1111111111111114e-01 +1.5940533853205567e+00 
+4.5485284883861503e+00 +5.4444444444444440e-01 +1.6061794683164270e+00 
+4.5553093477052000e+00 +1.0000000000000001e-01 +1.6126184676615731e+00 

+4.5553093477052000e+00 +1.0000000000000001e-01 +1.6126184825640608e+00 
+4.5620902070242506e+00 +5.4444444444444440e-01 +1.6190851811136600e+00 
+4.5749443017901363e+00 +7.1111111111111114e-01 +1.6314159233526846e+00 
+4.5877983965560230e+00 +5.4444444444444440e-01 +1.6438346567621414e+00 
+4.5945792558750727e+00 +1.0000000000000001e-01 +1.6504186768723146e+00 

+4.5945792558750727e+00 +1.0000000000000001e-01 +1.6504186877449838e+00 
+4.6013601151941224e+00 +5.4444444444444440e-01 +1.6570238623031401e+00 
+4.6142142099600090e+00 +7.1111111111111114e-01 +1.6695988930087788e+00 
+4.6270683047258947e+00 +5.4444444444444440e-01 +1.6822377555329906e+00 
+4.6338491640449444e+00 +1.0000000000000001e-01 +1.6889280391825787e+00 

+4.6338491640449444e+00 +1.0000000000000001e-01 +1.6889280457984785e+00 
+4.6406300233639950e+00 +5.4444444444444440e-01 +1.6956326163092892e+00 
+4.6534841181298807e+00 +7.1111111111111114e-01 +1.7083770285545898e+00 
+4.6663382128957664e+00 +5.4444444444444440e-01 +1.7211601364307705e+00 
+4.6731190722148170e+00 +1.0000000000000001e-01 +1.7279163011160876e+00 

+4.6731190722148170e+00 +1.0000000000000001e-01 +1.7279163033368805e+00 
+4.6798999315338676e+00 +5.4444444444444440e-01 +1.7346796682341925e+00 
+4.6927540262997534e+00 +7.1111111111111114e-01 +1.7475159595976644e+00 
+4.7056081210656400e+00 +5.4444444444444440e-01 +1.7603652160121983e+00 
+4.7123889803846897e+00 +1.0000000000000001e-01 +1.7671458676442584e+00 

+4.7123889803846897e+00 +1.0000000000000001e-01 +1.7671458654234675e+00 
+4.7191698397037403e+00 +5.4444444444444440e-01 +1.7739265198993976e+00 
+4.7320239344696260e+00 +7.1111111111111114e-01 +1.7867757756908513e+00 
+4.7448780292355126e+00 +5.4444444444444440e-01 +1.7996120664312463e+00 
+4.7516588885545623e+00 +1.0000000000000001e-01 +1.8063754341724290e+00 

+4.7516588885545623e+00 +1.0000000000000001e-01 +1.8063754275565316e+00 
+4.7584397478736129e+00 +5.4444444444444440e-01 +1.8131316007139417e+00 
+4.7712938426394986e+00 +7.1111111111111114e-01 +1.8259147067339254e+00 
+4.7841479374053852e+00 +5.4444444444444440e-01 +1.8386591171230320e+00 
+4.7909287967244349e+00 +1.0000000000000001e-01 +1.8453636961059381e+00 

+4.7909287967244349e+00 +1.0000000000000001e-01 +1.8453636852332727e+00 
+4.7977096560434855e+00 +5.4444444444444440e-01 +1.8520539828060258e+00 
+4.8105637508093704e+00 +7.1111111111111114e-01 +1.8646928422797369e+00 
+4.8234178455752570e+00 +5.4444444444444440e-01 +1.8772678699348784e+00 
+4.8301987048943067e+00 +1.0000000000000001e-01 +1.8838730584162016e+00 

+4.8301987048943067e+00 +1.0000000000000001e-01 +1.8838730435137170e+00 
+4.8369795642133564e+00 +5.4444444444444440e-01 +1.8904570827075040e+00 
+4.8498336589792430e+00 +7.1111111111111114e-01 +1.9028758119358311e+00 
+4.8626877537451287e+00 +5.4444444444444440e-01 +1.9152065499937279e+00 
+4.8694686130641793e+00 +1.0000000000000001e-01 +1.9216732676269430e+00 

+4.8694686130641793e+00 +1.0000000000000001e-01 +1.9216732490048540e+00 
+4.8762494723832290e+00 +5.4444444444444440e-01 +1.9281122721968134e+00 
+4.8891035671491156e+00 +7.1111111111111114e-01 +1.9402383499679590e+00 
+4.9019576619150023e+00 +5.4444444444444440e-01 +1.9522536161112722e+00 
+4.9087385212340520e+00 +1.0000000000000001e-01 +1.9585448904661213e+00 

+4.9087385212340520e+00 +1.0000000000000001e-01 +1.9585448685106248e+00 
+4.9155193805531017e+00 +5.4444444444444440e-01 +1.9648023230432894e+00 
+4.9283734753189883e+00 +7.1111111111111114e-01 +1.9765676699361392e+00 
+4.9412275700848740e+00 +5.4444444444444440e-01 +1.9882010578320972e+00 
+4.9480084294039237e+00 +1.0000000000000001e-01 +1.9942825670355744e+00 

+4.9480084294039237e+00 +1.0000000000000001e-01 +1.9942825421997845e+00 
+4.9547892887229743e+00 +5.4444444444444440e-01 +2.0003246143021562e+00 
+4.9676433834888600e+00 +7.1111111111111114e-01 +2.0116665796605853e+00 
+4.9804974782547458e+00 +5.4444444444444440e-01 +2.0228574112455830e+00 
+4.9872783375737963e+00 +1.0000000000000001e-01 +2.0286979716500464e+00 

+4.9872783375737963e+00 +1.0000000000000001e-01 +2.0286979444433819e+00 
+4.9940591968928461e+00 +5.4444444444444440e-01 +2.0344940363894768e+00 
+5.0069132916587327e+00 +7.1111111111111114e-01 +2.0453562729152064e+00 
+5.0197673864246193e+00 +5.4444444444444440e-01 +2.0560504322870159e+00 
+5.0265482457436690e+00 +1.0000000000000001e-01 +2.0616224213612164e+00 

+5.0265482457436690e+00 +1.0000000000000001e-01 +2.0616223923374766e+00 
+5.0333291050627196e+00 +5.4444444444444440e-01 +2.0671455332846134e+00 
+5.0461831998286053e+00 +7.1111111111111114e-01 +2.0774787418321332e+00 
+5.0590372945944910e+00 +5.4444444444444440e-01 +2.0876293742869092e+00 
+5.0658181539135416e+00 +1.0000000000000001e-01 +2.0929090804437211e+00 

+5.0658181539135416e+00 +1.0000000000000001e-01 +2.0929090501881720e+00 
+5.0725990132325922e+00 +5.4444444444444440e-01 +2.0981362326908761e+00 
+5.0854531079984779e+00 +7.1111111111111114e-01 +2.1078987628873347e+00 
+5.0983072027643646e+00 +5.4444444444444440e-01 +2.1174668257944020e+00 
+5.1050880620834143e+00 +1.0000000000000001e-01 +2.1224347185779169e+00 

+5.1050880620834143e+00 +1.0000000000000001e-01 +2.1224346876936782e+00 
+5.1118689214024648e+00 +5.4444444444444440e-01 +2.1273471236268922e+00 
+5.1247230161683497e+00 +7.1111111111111114e-01 +2.1365054193088331e+00 
+5.1375771109342363e+00 +5.4444444444444440e-01 +2.1454600749756039e+00 
+5.1443579702532860e+00 +1.0000000000000001e-01 +2.1501009908885873e+00 

+5.1443579702532860e+00 +1.0000000000000001e-01 +2.1501009599826557e+00 
+5.1511388295723357e+00 +5.4444444444444440e-01 +2.1546842514874918e+00 
+5.1639929243382223e+00 +7.1111111111111114e-01 +2.1632131335630262e+00 
+5.1768470191041089e+00 +5.4444444444444440e-01 +2.1715319779213811e+00 
+5.1836278784231586e+00 +1.0000000000000001e-01 +2.1758352191366437e+00 

+5.1836278784231586e+00 +1.0000000000000001e-01 +2.1758351888058911e+00 
+5.1904087377422092e+00 +5.4444444444444440e-01 +2.1800794118469926e+00 
+5.2032628325080950e+00 +7.1111111111111114e-01 +2.1879621949686370e+00 
+5.2161169272739807e+00 +5.4444444444444440e-01 +2.1956313197233155e+00 
+5.2228977865930313e+00 +1.0000000000000001e-01 +2.1995906649417964e+00 

+5.2228977865930313e+00 +1.0000000000000001e-01 +2.1995906357592858e+00 
+5.2296786459120810e+00 +5.4444444444444440e-01 +2.2034903359069102e+00 
+5.2425327406779676e+00 +7.1111111111111114e-01 +2.2107187791853811e+00 
+5.2553868354438533e+00 +5.4444444444444440e-01 +2.2177326689121029e+00 
+5.2621676947629030e+00 +1.0000000000000001e-01 +2.2213462976573970e+00 

+5.2621676947629030e+00 +1.0000000000000001e-01 +2.2213462701593394e+00 
+5.2689485540819536e+00 +5.4444444444444440e-01 +2.2249003722326366e+00 
+5.2818026488478393e+00 +7.1111111111111114e-01 +2.2314744680420526e+00 
+5.2946567436137251e+00 +5.4444444444444440e-01 +2.2378357375150078e+00 
+5.3014376029327757e+00 +1.0000000000000001e-01 +2.2411060711396913e+00 

+5.3014376029327757e+00 +1.0000000000000001e-01 +2.2411060458133765e+00 
+5.3082184622518254e+00 +5.4444444444444440e-01 +2.2443176809948220e+00 
+5.3210725570177120e+00 +7.1111111111111114e-01 +2.2502452896227805e+00 
+5.3339266517835986e+00 +5.4444444444444440e-01 +2.2559642702961265e+00 
+5.3407075111026483e+00 +1.0000000000000001e-01 +2.2588977348714216e+00 

+5.3407075111026483e+00 +1.0000000000000001e-01 +2.2588977121443792e+00 
+5.3474883704216989e+00 +5.4444444444444440e-01 +2.2617739680515445e+00 
+5.3603424651875846e+00 +7.1111111111111114e-01 +2.2670703094438727e+00 
+5.3731965599534703e+00 +5.4444444444444440e-01 +2.2721644974219615e+00 
+5.3799774192725209e+00 +1.0000000000000001e-01 +2.2747712154434749e+00 

+5.3799774192725209e+00 +1.0000000000000001e-01 +2.2747711956741643e+00 
+5.3867582785915706e+00 +5.4444444444444440e-01 +2.2773227966084075e+00 
+5.3996123733574573e+00 +7.1111111111111114e-01 +2.2820098136637803e+00 
+5.4124664681233439e+00 +5.4444444444444440e-01 +2.2865031945879402e+00 
+5.4192473274423936e+00 +1.0000000000000001e-01 +2.2887966140138989e+00 

+5.4192473274423936e+00 +1.0000000000000001e-01 +2.2887965974841151e+00 
+5.4260281867614442e+00 +5.4444444444444440e-01 +2.2910375236249214e+00 
+5.4388822815273290e+00 +7.1111111111111114e-01 +2.2951431343321209e+00 
+5.4517363762932147e+00 +5.4444444444444440e-01 +2.2990654033137181e+00 
+5.4585172356122653e+00 +1.0000000000000001e-01 +2.3010618738203874e+00 

+5.4585172356122653e+00 +1.0000000000000001e-01 +2.3010618607295932e+00 
+5.4652980949313150e+00 +5.4444444444444440e-01 +2.3030089163710010e+00 
+5.4781521896972016e+00 +7.1111111111111114e-01 +2.3065661744833048e+00 
+5.4910062844630882e+00 +5.4444444444444440e-01 +2.3099518714590164e+00 
+5.4977871437821380e+00 +1.0000000000000001e-01 +2.3116701789183018e+00 

+5.4977871437821380e+00 +1.0000000000000001e-01 +2.3116701693799908e+00 
+5.5045680031011885e+00 +5.4444444444444440e-01 +2.3133425113801787e+00 
+5.5174220978670743e+00 +7.1111111111111114e-01 +2.3163886972303360e+00 
+5.5302761926329600e+00 +5.4444444444444440e-01 +2.3192762798528213e+00 
+5.5370570519520106e+00 +1.0000000000000001e-01 +2.3207371508827790e+00 

+5.5370570519520106e+00 +1.0000000000000001e-01 +2.3207371449229739e+00 
+5.5438379112710603e+00 +5.4444444444444440e-01 +2.3221557833343227e+00 
+5.5566920060369469e+00 +7.1111111111111114e-01 +2.3247314477647842e+00 
+5.5695461008028326e+00 +5.4444444444444440e-01 +2.3271623251296796e+00 
+5.5763269601218823e+00 +1.0000000000000001e-01 +2.3283879141202735e+00 

+5.5763269601218823e+00 +1.0000000000000001e-01 +2.3283879116781674e+00 
+5.5831078194409329e+00 +5.4444444444444440e-01 +2.3295751950245172e+00 
+5.5959619142068187e+00 +7.1111111111111114e-01 +2.3317231802094387e+00 
+5.6088160089727044e+00 +5.4444444444444440e-01 +2.3337407313306131e+00 
+5.6155968682917550e+00 +1.0000000000000001e-01 +2.3347541025919667e+00 

+5.6155968682917550e+00 +1.0000000000000001e-01 +2.3347541035227035e+00 
+5.6223777276108047e+00 +5.4444444444444440e-01 +2.3357332013818581e+00 
+5.6352318223766913e+00 +7.1111111111111114e-01 +2.3374976625323955e+00 
+5.6480859171425779e+00 +5.4444444444444440e-01 +2.3391462634989351e+00 
+5.6548667764616276e+00 +1.0000000000000001e-01 +2.3399708811127589e+00 

+5.6548667764616276e+00 +1.0000000000000001e-01 +2.3399708851922632e+00 
+5.6616476357806782e+00 +5.4444444444444440e-01 +2.3407652806215822e+00 
+5.6745017305465639e+00 +7.1111111111111114e-01 +2.3421907321909452e+00 
+5.6873558253124497e+00 +5.4444444444444440e-01 +2.3435148153729912e+00 
+5.6941366846315002e+00 +1.0000000000000001e-01 +2.3441740529525545e+00 

+5.6941366846315002e+00 +1.0000000000000001e-01 +2.3441740598842884e+00 
+5.7009175439505499e+00 +5.4444444444444440e-01 +2.3448070637995064e+00 
+5.7137716387164366e+00 +7.1111111111111114e-01 +2.3459374728505735e+00 
+5.7266257334823232e+00 +5.4444444444444440e-01 +2.3469806403830109e+00 
+5.7334065928013729e+00 +1.0000000000000001e-01 +2.3474973222733890e+00 

+5.7334065928013729e+00 +1.0000000000000001e-01 +2.3474973316968644e+00 
+5.7401874521204235e+00 +5.4444444444444440e-01 +2.3479916305907649e+00 
+5.7530415468863083e+00 +7.1111111111111114e-01 +2.3488695784824816e+00 
+5.7658956416521940e+00 +5.4444444444444440e-01 +2.3496737905758076e+00 
+5.7726765009712446e+00 +1.0000000000000001e-01 +2.3500697750718542e+00 

+5.7726765009712446e+00 +1.0000000000000001e-01 +2.3500697865726763e+00 
+5.7794573602902943e+00 +5.4444444444444440e-01 +2.3504470339599091e+00 
+5.7923114550561809e+00 +7.1111111111111114e-01 +2.3511129654883227e+00 
+5.8051655498220676e+00 +5.4444444444444440e-01 +2.3517178219382209e+00 
+5.8119464091411173e+00 +1.0000000000000001e-01 +2.3520136358874315e+00 

+5.8119464091411173e+00 +1.0000000000000001e-01 +2.3520136490086321e+00 
+5.8187272684601670e+00 +5.4444444444444440e-01 +2.3522941097314729e+00 
+5.8315813632260536e+00 +7.1111111111111114e-01 +2.3527856863790246e+00 
+5.8444354579919393e+00 +5.4444444444444440e-01 +2.3532278170259819e+00 
+5.8512163173109899e+00 +1.0000000000000001e-01 +2.3534423497480308e+00 

+5.8512163173109899e+00 +1.0000000000000001e-01 +2.3534423640023880e+00 
+5.8579971766300396e+00 +5.4444444444444440e-01 +2.3536446190615461e+00 
+5.8708512713959262e+00 +7.1111111111111114e-01 +2.3539961901272406e+00 
+5.8837053661618111e+00 +5.4444444444444440e-01 +2.3543087670214504e+00 
+5.8904862254808616e+00 +1.0000000000000001e-01 +2.3544590298519608e+00 

+5.8904862254808616e+00 +1.0000000000000001e-01 +2.3544590447350040e+00 
+5.8972670847999122e+00 +5.4444444444444440e-01 +2.3545997626569242e+00 
+5.9101211795657980e+00 +7.1111111111111114e-01 +2.3548419648331467e+00 
+5.9229752743316846e+00 +5.4444444444444440e-01 +2.3550543455636617e+00 
+5.9297561336507343e+00 +1.0000000000000001e-01 +2.3551553015579727e+00 

+5.9297561336507343e+00 +1.0000000000000001e-01 +2.3551553165613646e+00 
+5.9365369929697849e+00 +5.4444444444444440e-01 +2.3552490955204930e+00 
+5.9493910877356706e+00 +7.1111111111111114e-01 +2.3554085880303450e+00 
+5.9622451825015563e+00 +5.4444444444444440e-01 +2.3555460961640384e+00 
+5.9690260418206069e+00 +1.0000000000000001e-01 +2.3556105626216226e+00 

+5.9690260418206069e+00 +1.0000000000000001e-01 +2.3556105772465328e+00 
+5.9758069011396575e+00 +5.4444444444444440e-01 +2.3556698602729598e+00 
+5.9886609959055432e+00 +7.1111111111111114e-01 +2.3557691990719145e+00 
+6.0015150906714299e+00 +5.4444444444444440e-01 +2.3558530440053986e+00 
+6.0082959499904796e+00 +1.0000000000000001e-01 +2.3558916685445306e+00 

+6.0082959499904796e+00 +1.0000000000000001e-01 +2.3558916823147285e+00 
+6.0150768093095301e+00 +5.4444444444444440e-01 +2.3559267459816522e+00 
+6.0279309040754159e+00 +7.1111111111111114e-01 +2.3559843968495180e+00 
+6.0407849988413016e+00 +5.4444444444444440e-01 +2.3560317316973101e+00 
+6.0475658581603522e+00 +1.0000000000000001e-01 +2.3560530406708025e+00 

+6.0475658581603522e+00 +1.0000000000000001e-01 +2.3560530531450974e+00 
+6.0543467174794019e+00 +5.4444444444444440e-01 +2.3560720681954370e+00 
+6.0672008122452876e+00 +7.1111111111111114e-01 +2.3561025548912999e+00 
+6.0800549070111742e+00 +5.4444444444444440e-01 +2.3561266674081027e+00 
+6.0868357663302239e+00 +1.0000000000000001e-01 +2.3561371835530283e+00 

+6.0868357663302239e+00 +1.0000000000000001e-01 +2.3561371943367595e+00 
+6.0936166256492745e+00 +5.4444444444444440e-01 +2.3561463548222146e+00 
+6.1064707204151603e+00 +7.1111111111111114e-01 +2.3561605349375734e+00 
+6.1193248151810460e+00 +5.4444444444444440e-01 +2.3561711629923958e+00 
+6.1261056745000966e+00 +1.0000000000000001e-01 +2.3561755873971366e+00 

+6.1261056745000966e+00 +1.0000000000000001e-01 +2.3561755961524309e+00 
+6.1328865338191463e+00 +5.4444444444444440e-01 +2.3561793118685452e+00 
+6.1457406285850329e+00 +7.1111111111111114e-01 +2.3561847696806160e+00 
+6.1585947233509195e+00 +5.4444444444444440e-01 +2.3561885295524982e+00 
+6.1653755826699692e+00 +1.0000000000000001e-01 +2.3561899813483622e+00 

+6.1653755826699692e+00 +1.0000000000000001e-01 +2.3561899878029053e+00 
+6.1721564419890198e+00 +5.4444444444444440e-01 +2.3561911331549981e+00 
+6.1850105367549055e+00 +7.1111111111111114e-01 +2.3561926757364713e+00 
+6.1978646315207904e+00 +5.4444444444444440e-01 +2.3561935885668417e+00 
+6.2046454908398410e+00 +1.0000000000000001e-01 +2.3561938942507967e+00 

+6.2046454908398410e+00 +1.0000000000000001e-01 +2.3561938982048791e+00 
+6.2114263501588907e+00 +5.4444444444444440e-01 +2.3561941091731651e+00 
+6.2242804449247773e+00 +7.1111111111111114e-01 +2.3561943493324842e+00 
+6.2371345396906639e+00 +5.4444444444444440e-01 +2.3561944485209629e+00 
+6.2439153990097136e+00 +1.0000000000000001e-01 +2.3561944715281276e+00 

+6.2439153990097136e+00 +1.0000000000000001e-01 +2.3561944728598214e+00 
+6.2506962583287642e+00 +5.4444444444444440e-01 +2.3561944824841543e+00 
+6.2635503530946499e+00 +7.1111111111111114e-01 +2.3561944898586074e+00 
+6.2764044478605356e+00 +5.4444444444444440e-01 +2.3561944900909220e+00 
+6.2831853071795862e+00 +1.0000000000000001e-01 +2.3561944901924030e+00 


