+0.0000000000000000e+00 +6.6666666666666666e-02 +4.6625957211753790e-09 
+9.2262558542903408e-03 +3.7847495629784700e-01 -1.7140777475827761e-09 
+2.8068892710524034e-02 +5.5485837703548635e-01 +4.5227281720760993e-09 
+5.0470923629220787e-02 +5.5485837703548635e-01 +6.4841417244211479e-08 
+6.9313560485454492e-02 +3.7847495629784700e-01 +3.1947777578621940e-07 
+7.8539816339744828e-02 +6.6666666666666666e-02 +5.9594156370131827e-07 

+7.8539816339744828e-02 +6.6666666666666666e-02 +6.0003230405545085e-07 
+8.7766072194035177e-02 +3.7847495629784700e-01 +1.0361806437957609e-06 
+1.0660870905026885e-01 +5.5485837703548635e-01 +2.7402324241749237e-06 
+1.2901073996896562e-01 +5.5485837703548635e-01 +7.0906480008337066e-06 
+1.4785337682519933e-01 +3.7847495629784700e-01 +1.3985278364639615e-05 
+1.5707963267948966e-01 +6.6666666666666666e-02 +1.8902795211552399e-05 

+1.5707963267948966e-01 +6.6666666666666666e-02 +1.8905801061073272e-05 
+1.6630588853378001e-01 +3.7847495629784700e-01 +2.5108937035706139e-05 
+1.8514852539001367e-01 +5.5485837703548635e-01 +4.2810233676461100e-05 
+2.0755055630871044e-01 +5.5485837703548635e-01 +7.5463489166313107e-05 
+2.2639319316494413e-01 +3.7847495629784700e-01 +1.1607673053903526e-04 
+2.3561944901923448e-01 +6.6666666666666666e-02 +1.4144952154334381e-04 

+2.3561944901923448e-01 +6.6666666666666666e-02 +1.4145104127866848e-04 
+2.4484570487352483e-01 +3.7847495629784700e-01 +1.7103680530500604e-04 
+2.6368834172975852e-01 +5.5485837703548635e-01 +2.4666126644596860e-04 
+2.8609037264845527e-01 +5.5485837703548635e-01 +3.6864882969815367e-04 
+3.0493300950468899e-01 +3.7847495629784700e-01 +5.0444541950841885e-04 
+3.1415926535897931e-01 +6.6666666666666666e-02 +5.8392757072251301e-04 

+3.1415926535897931e-01 +6.6666666666666666e-02 +5.8392735684136541e-04 
+3.2338552121326969e-01 +3.7847495629784700e-01 +6.7296879217288135e-04 
+3.4222815806950335e-01 +5.5485837703548635e-01 +8.8792097235066423e-04 
+3.6463018898820010e-01 +5.5485837703548635e-01 +1.2099857217579468e-03 
+3.8347282584443382e-01 +3.7847495629784700e-01 +1.5462197321361815e-03 
+3.9269908169872414e-01 +6.6666666666666666e-02 +1.7354603403846767e-03 

+3.9269908169872414e-01 +6.6666666666666666e-02 +1.7354583257644200e-03 
+4.0192533755301452e-01 +3.7847495629784700e-01 +1.9423345226331021e-03 
+4.2076797440924812e-01 +5.5485837703548635e-01 +2.4243736052436274e-03 
+4.4317000532794493e-01 +5.5485837703548635e-01 +3.1133570336672241e-03 
+4.6201264218417865e-01 +3.7847495629784700e-01 +3.8028810211791428e-03 
+4.7123889803846897e-01 +6.6666666666666666e-02 +4.1808543049125626e-03 

+4.7123889803846897e-01 +6.6666666666666666e-02 +4.1808506115489337e-03 
+4.8046515389275934e-01 +3.7847495629784700e-01 +4.5872193249835618e-03 
+4.9930779074899295e-01 +5.5485837703548635e-01 +5.5113203755147800e-03 
+5.2170982166768964e-01 +5.5485837703548635e-01 +6.7891948904510351e-03 
+5.4055245852392342e-01 +3.7847495629784700e-01 +8.0299546271625118e-03 
+5.4977871437821380e-01 +6.6666666666666666e-02 +8.6971679189553203e-03 

+5.4977871437821380e-01 +6.6666666666666666e-02 +8.6971628478725530e-03 
+5.5900497023250417e-01 +3.7847495629784700e-01 +9.4057972222678227e-03 
+5.7784760708873772e-01 +5.5485837703548635e-01 +1.0988584250206558e-02 
+6.0024963800743447e-01 +5.5485837703548635e-01 +1.3123846984994109e-02 
+6.1909227486366836e-01 +3.7847495629784700e-01 +1.5150000271258035e-02 
+6.2831853071795862e-01 +6.6666666666666666e-02 +1.6223609079585883e-02 

+6.2831853071795862e-01 +6.6666666666666666e-02 +1.6223603082860204e-02 
+6.3754478657224900e-01 +3.7847495629784700e-01 +1.7353160686938228e-02 
+6.5638742342848255e-01 +5.5485837703548635e-01 +1.9841171780778998e-02 
+6.7878945434717930e-01 +5.5485837703548635e-01 +2.3133119242959702e-02 
+6.9763209120341307e-01 +3.7847495629784700e-01 +2.6200389729620827e-02 
+7.0685834705770345e-01 +6.6666666666666666e-02 +2.7806576072071470e-02 

+7.0685834705770345e-01 +6.6666666666666666e-02 +2.7806569709670072e-02 
+7.1608460291199383e-01 +3.7847495629784700e-01 +2.9483687014542029e-02 
+7.3492723976822738e-01 +5.5485837703548635e-01 +3.3136387062282113e-02 
+7.5732927068692413e-01 +5.5485837703548635e-01 +3.7893549977266780e-02 
+7.7617190754315801e-01 +3.7847495629784700e-01 +4.2260045913702381e-02 
+7.8539816339744828e-01 +6.6666666666666666e-02 +4.4524311274043105e-02 

+7.8539816339744828e-01 +6.6666666666666666e-02 +4.4524305159676182e-02 
+7.9462441925173866e-01 +3.7847495629784700e-01 +4.6873699967183977e-02 
+8.1346705610797221e-01 +5.5485837703548635e-01 +5.1942727847529624e-02 
+8.3586908702666896e-01 +5.5485837703548635e-01 +5.8457386756071185e-02 
+8.5471172388290284e-01 +3.7847495629784700e-01 +6.4361618193506498e-02 
+8.6393797973719311e-01 +6.6666666666666666e-02 +6.7397876178445865e-02 

+8.6393797973719311e-01 +6.6666666666666666e-02 +6.7397870919716218e-02 
+8.7316423559148348e-01 +3.7847495629784700e-01 +7.0531360063250156e-02 
+8.9200687244771704e-01 +5.5485837703548635e-01 +7.7237927351339289e-02 
+9.1440890336641378e-01 +5.5485837703548635e-01 +8.5759087410034560e-02 
+9.3325154022264756e-01 +3.7847495629784700e-01 +9.3397252860015670e-02 
+9.4247779607693793e-01 +6.6666666666666666e-02 +9.7296755320923523e-02 

+9.4247779607693793e-01 +6.6666666666666666e-02 +9.7296751459626518e-02 
+9.5170405193122831e-01 +3.7847495629784700e-01 +1.0130222861446726e-01 
+9.7054668878746186e-01 +5.5485837703548635e-01 +1.0981483216744553e-01 
+9.9294871970615861e-01 +5.5485837703548635e-01 +1.2052226353281746e-01 
+1.0117913565623926e+00 +3.7847495629784700e-01 +1.3002701381755802e-01 
+1.0210176124166828e+00 +6.6666666666666666e-02 +1.3484819253494695e-01 

+1.0210176124166828e+00 +6.6666666666666666e-02 +1.3484819049336971e-01 
+1.0302438682709731e+00 +3.7847495629784700e-01 +1.3977964491582748e-01 
+1.0490865051272067e+00 +5.5485837703548635e-01 +1.5019429058909381e-01 
+1.0714885360459034e+00 +5.5485837703548635e-01 +1.6317621452760273e-01 
+1.0903311729021372e+00 +3.7847495629784700e-01 +1.7459902257131107e-01 
+1.0995574287564276e+00 +6.6666666666666666e-02 +1.8035927105569988e-01 

+1.0995574287564276e+00 +6.6666666666666666e-02 +1.8035927109419425e-01 
+1.1087836846107180e+00 +3.7847495629784700e-01 +1.8622885824636604e-01 
+1.1276263214669515e+00 +5.5485837703548635e-01 +1.9855381241035938e-01 
+1.1500283523856483e+00 +5.5485837703548635e-01 +2.1379053351502234e-01 
+1.1688709892418823e+00 +3.7847495629784700e-01 +2.2708951022957671e-01 
+1.1780972450961724e+00 +6.6666666666666666e-02 +2.3375977161442774e-01 

+1.1780972450961724e+00 +6.6666666666666666e-02 +2.3375977380443497e-01 
+1.1873235009504628e+00 +3.7847495629784700e-01 +2.4053277916420010e-01 
+1.2061661378066963e+00 +5.5485837703548635e-01 +2.5467948471466317e-01 
+1.2285681687253931e+00 +5.5485837703548635e-01 +2.7203476181021430e-01 
+1.2474108055816271e+00 +3.7847495629784700e-01 +2.8706928668922627e-01 
+1.2566370614359172e+00 +6.6666666666666666e-02 +2.9457206883112713e-01 

+1.2566370614359172e+00 +6.6666666666666666e-02 +2.9457207304633287e-01 
+1.2658633172902076e+00 +3.7847495629784700e-01 +3.0216535678932976e-01 
+1.2847059541464412e+00 +5.5485837703548635e-01 +3.1794660660878332e-01 
+1.3071079850651379e+00 +5.5485837703548635e-01 +3.3716786697013124e-01 
+1.3259506219213717e+00 +3.7847495629784700e-01 +3.5370079216420991e-01 
+1.3351768777756621e+00 +6.6666666666666666e-02 +3.6191192315676929e-01 

+1.3351768777756621e+00 +6.6666666666666666e-02 +3.6191192908329956e-01 
+1.3444031336299525e+00 +3.7847495629784700e-01 +3.7019612585182232e-01 
+1.3632457704861860e+00 +5.5485837703548635e-01 +3.8733193094137508e-01 
+1.3856478014048828e+00 +5.5485837703548635e-01 +4.0805962996377093e-01 
+1.4044904382611165e+00 +3.7847495629784700e-01 +4.2576712675298439e-01 
+1.4137166941154069e+00 +6.6666666666666666e-02 +4.3452122256540088e-01 

+1.4137166941154069e+00 +6.6666666666666666e-02 +4.3452122973011581e-01 
+1.4229429499696973e+00 +3.7847495629784700e-01 +4.4332663438669784e-01 
+1.4417855868259308e+00 +5.5485837703548635e-01 +4.6145751898737214e-01 
+1.4641876177446278e+00 +5.5485837703548635e-01 +4.8324310742896476e-01 
+1.4830302546008616e+00 +3.7847495629784700e-01 +5.0173152039627522e-01 
+1.4922565104551517e+00 +6.6666666666666666e-02 +5.1083079408640697e-01 

+1.4922565104551517e+00 +6.6666666666666666e-02 +5.1083080190057994e-01 
+1.5014827663094423e+00 +3.7847495629784700e-01 +5.1995653201049352e-01 
+1.5203254031656757e+00 +5.5485837703548635e-01 +5.3866330178299682e-01 
+1.5427274340843724e+00 +5.5485837703548635e-01 +5.6099446601882674e-01 
+1.5615700709406064e+00 +3.7847495629784700e-01 +5.7982289063990322e-01 
+1.5707963267948966e+00 +6.6666666666666666e-02 +5.8904862254808654e-01 

+1.5707963267948966e+00 +6.6666666666666666e-02 +5.8904863036225852e-01 
+1.5800225826491872e+00 +3.7847495629784700e-01 +5.9827435194720546e-01 
+1.5988652195054205e+00 +5.5485837703548635e-01 +6.1710277984992645e-01 
+1.6212672504241175e+00 +5.5485837703548635e-01 +6.3943394408575660e-01 
+1.6401098872803512e+00 +3.7847495629784700e-01 +6.5814071057661516e-01 
+1.6493361431346414e+00 +6.6666666666666666e-02 +6.6726645100976534e-01 

+1.6493361431346414e+00 +6.6666666666666666e-02 +6.6726645817448071e-01 
+1.6585623989889318e+00 +3.7847495629784700e-01 +6.7636572239936843e-01 
+1.6774050358451653e+00 +5.5485837703548635e-01 +6.9485413837557675e-01 
+1.6998070667638621e+00 +5.5485837703548635e-01 +7.1663972681716948e-01 
+1.7186497036200961e+00 +3.7847495629784700e-01 +7.3477060840894604e-01 
+1.7278759594743862e+00 +6.6666666666666666e-02 +7.4357602253077149e-01 

+1.7278759594743862e+00 +6.6666666666666666e-02 +7.4357602845730153e-01 
+1.7371022153286766e+00 +3.7847495629784700e-01 +7.5233011644022996e-01 
+1.7559448521849101e+00 +5.5485837703548635e-01 +7.7003761571835228e-01 
+1.7783468831036071e+00 +5.5485837703548635e-01 +7.9076531474074840e-01 
+1.7971895199598407e+00 +3.7847495629784700e-01 +8.0790111734139203e-01 
+1.8064157758141310e+00 +6.6666666666666666e-02 +8.1618532193940296e-01 

+1.8064157758141310e+00 +6.6666666666666666e-02 +8.1618532615460881e-01 
+1.8156420316684214e+00 +3.7847495629784700e-01 +8.2439645157849595e-01 
+1.8344846685246550e+00 +5.5485837703548635e-01 +8.4092937854279481e-01 
+1.8568866994433515e+00 +5.5485837703548635e-01 +8.6015063890414278e-01 
+1.8757293362995855e+00 +3.7847495629784700e-01 +8.7593188695337643e-01 
+1.8849555921538759e+00 +6.6666666666666666e-02 +8.8352517626504556e-01 

+1.8849555921538759e+00 +6.6666666666666666e-02 +8.8352517845505252e-01 
+1.8941818480081662e+00 +3.7847495629784700e-01 +8.9102795770375343e-01 
+1.9130244848643998e+00 +5.5485837703548635e-01 +9.0606248350248220e-01 
+1.9354265157830965e+00 +5.5485837703548635e-01 +9.2341776059803349e-01 
+1.9542691526393305e+00 +3.7847495629784700e-01 +9.3756446522877979e-01 
+1.9634954084936207e+00 +6.6666666666666666e-02 +9.4433747348174479e-01 

+1.9634954084936207e+00 +6.6666666666666666e-02 +9.4433747352023900e-01 
+1.9727216643479113e+00 +3.7847495629784700e-01 +9.5100773485423518e-01 
+1.9915643012041446e+00 +5.5485837703548635e-01 +9.6430671158495573e-01 
+2.0139663321228412e+00 +5.5485837703548635e-01 +9.7954343268961874e-01 
+2.0328089689790754e+00 +3.7847495629784700e-01 +9.9186838683744571e-01 
+2.0420352248333655e+00 +6.6666666666666666e-02 +9.9773797404047260e-01 

+2.0420352248333655e+00 +6.6666666666666666e-02 +9.9773797199889525e-01 
+2.0512614806876561e+00 +3.7847495629784700e-01 +1.0034982231803942e+00 
+2.0701041175438895e+00 +5.5485837703548635e-01 +1.0149210303667209e+00 
+2.0925061484625864e+00 +5.5485837703548635e-01 +1.0279029543052300e+00 
+2.1113487853188202e+00 +3.7847495629784700e-01 +1.0383176008358779e+00 
+2.1205750411731104e+00 +6.6666666666666666e-02 +1.0432490525612257e+00 

+2.1205750411731104e+00 +6.6666666666666666e-02 +1.0432490486999284e+00 
+2.1298012970274010e+00 +3.7847495629784700e-01 +1.0480702325184437e+00 
+2.1486439338836343e+00 +5.5485837703548635e-01 +1.0575749811815920e+00 
+2.1710459648023308e+00 +5.5485837703548635e-01 +1.0682824125469641e+00 
+2.1898886016585650e+00 +3.7847495629784700e-01 +1.0767950177215344e+00 
+2.1991148575128552e+00 +6.6666666666666666e-02 +1.0808004897752492e+00 

+2.1991148575128552e+00 +6.6666666666666666e-02 +1.0808004845165193e+00 
+2.2083411133671458e+00 +3.7847495629784700e-01 +1.0846999939246893e+00 
+2.2271837502233791e+00 +5.5485837703548635e-01 +1.0923381571662119e+00 
+2.2495857811420761e+00 +5.5485837703548635e-01 +1.1008593172249070e+00 
+2.2684284179983099e+00 +3.7847495629784700e-01 +1.1075658867214546e+00 
+2.2776546738526000e+00 +6.6666666666666666e-02 +1.1106993689177269e+00 

+2.2776546738526000e+00 +6.6666666666666666e-02 +1.1106993628033601e+00 
+2.2868809297068902e+00 +3.7847495629784700e-01 +1.1137356288659364e+00 
+2.3057235665631239e+00 +5.5485837703548635e-01 +1.1196398577355797e+00 
+2.3281255974818205e+00 +5.5485837703548635e-01 +1.1261545166441211e+00 
+2.3469682343380547e+00 +3.7847495629784700e-01 +1.1312235470922589e+00 
+2.3561944901923448e+00 +6.6666666666666666e-02 +1.1335729338221290e+00 

+2.3561944901923448e+00 +6.6666666666666666e-02 +1.1335729274597282e+00 
+2.3654207460466354e+00 +3.7847495629784700e-01 +1.1358372012253819e+00 
+2.3842633829028688e+00 +5.5485837703548635e-01 +1.1402036944898604e+00 
+2.4066654138215657e+00 +5.5485837703548635e-01 +1.1449608574048451e+00 
+2.4255080506777995e+00 +3.7847495629784700e-01 +1.1486135601245422e+00 
+2.4347343065320897e+00 +6.6666666666666666e-02 +1.1502906690241010e+00 

+2.4347343065320897e+00 +6.6666666666666666e-02 +1.1502906630273757e+00 
+2.4439605623863798e+00 +3.7847495629784700e-01 +1.1518968572920483e+00 
+2.4628031992426136e+00 +5.5485837703548635e-01 +1.1549641252603220e+00 
+2.4852052301613101e+00 +5.5485837703548635e-01 +1.1582560727225026e+00 
+2.5040478670175443e+00 +3.7847495629784700e-01 +1.1607440863347311e+00 
+2.5132741228718345e+00 +6.6666666666666666e-02 +1.1618736360165869e+00 

+2.5132741228718345e+00 +6.6666666666666666e-02 +1.1618736309455042e+00 
+2.5225003787261251e+00 +3.7847495629784700e-01 +1.1629472464531951e+00 
+2.5413430155823584e+00 +5.5485837703548635e-01 +1.1649733976098047e+00 
+2.5637450465010554e+00 +5.5485837703548635e-01 +1.1671086603445924e+00 
+2.5825876833572892e+00 +3.7847495629784700e-01 +1.1686914495021854e+00 
+2.5918139392115793e+00 +6.6666666666666666e-02 +1.1694000771772171e+00 

+2.5918139392115793e+00 +6.6666666666666666e-02 +1.1694000734838543e+00 
+2.6010401950658699e+00 +3.7847495629784700e-01 +1.1700672916549166e+00 
+2.6198828319221033e+00 +5.5485837703548635e-01 +1.1713080498405621e+00 
+2.6422848628407998e+00 +5.5485837703548635e-01 +1.1725859243554986e+00 
+2.6611274996970340e+00 +3.7847495629784700e-01 +1.1735100269570959e+00 
+2.6703537555513241e+00 +6.6666666666666666e-02 +1.1739163907912602e+00 

+2.6703537555513241e+00 +6.6666666666666666e-02 +1.1739163887766400e+00 
+2.6795800114056147e+00 +3.7847495629784700e-01 +1.1742943647218700e+00 
+2.6984226482618481e+00 +5.5485837703548635e-01 +1.1749838878633214e+00 
+2.7208246791805450e+00 +5.5485837703548635e-01 +1.1756728712917452e+00 
+2.7396673160367788e+00 +3.7847495629784700e-01 +1.1761549112204164e+00 
+2.7488935718910690e+00 +6.6666666666666666e-02 +1.1763617847557879e+00 

+2.7488935718910690e+00 +6.6666666666666666e-02 +1.1763617845419068e+00 
+2.7581198277453596e+00 +3.7847495629784700e-01 +1.1765510254327112e+00 
+2.7769624646015929e+00 +5.5485837703548635e-01 +1.1768872593532682e+00 
+2.7993644955202894e+00 +5.5485837703548635e-01 +1.1772093241026751e+00 
+2.8182071323765236e+00 +3.7847495629784700e-01 +1.1774242763726745e+00 
+2.8274333882308138e+00 +6.6666666666666666e-02 +1.1775133175254500e+00 

+2.8274333882308138e+00 +6.6666666666666666e-02 +1.1775133190451856e+00 
+2.8366596440851044e+00 +3.7847495629784700e-01 +1.1775927991886901e+00 
+2.8555022809413373e+00 +5.5485837703548635e-01 +1.1777285964167294e+00 
+2.8779043118600347e+00 +5.5485837703548635e-01 +1.1778505839799813e+00 
+2.8967469487162685e+00 +3.7847495629784700e-01 +1.1779262078028929e+00 
+2.9059732045705586e+00 +6.6666666666666666e-02 +1.1779557955746291e+00 

+2.9059732045705586e+00 +6.6666666666666666e-02 +1.1779557985804783e+00 
+2.9151994604248492e+00 +3.7847495629784700e-01 +1.1779811674004803e+00 
+2.9340420972810826e+00 +5.5485837703548635e-01 +1.1780217819041918e+00 
+2.9564441281997791e+00 +5.5485837703548635e-01 +1.1780544351596816e+00 
+2.9752867650560137e+00 +3.7847495629784700e-01 +1.1780721351939840e+00 
+2.9845130209103035e+00 +6.6666666666666666e-02 +1.1780783423009609e+00 

+2.9845130209103035e+00 +6.6666666666666666e-02 +1.1780783463917015e+00 
+2.9937392767645941e+00 +3.7847495629784700e-01 +1.1780832585043062e+00 
+3.0125819136208274e+00 +5.5485837703548635e-01 +1.1780901548526199e+00 
+3.0349839445395244e+00 +5.5485837703548635e-01 +1.1780945052681966e+00 
+3.0538265813957581e+00 +3.7847495629784700e-01 +1.1780962076020269e+00 
+3.0630528372500483e+00 +6.6666666666666666e-02 +1.1780966491546085e+00 

+3.0630528372500483e+00 +6.6666666666666666e-02 +1.1780966538172049e+00 
+3.0722790931043389e+00 +3.7847495629784700e-01 +1.1780969241212771e+00 
+3.0911217299605722e+00 +5.5485837703548635e-01 +1.1780971807157421e+00 
+3.1135237608792687e+00 +5.5485837703548635e-01 +1.1780972410344313e+00 
+3.1323663977355030e+00 +3.7847495629784700e-01 +1.1780972453131306e+00 
+3.1415926535897931e+00 +6.6666666666666666e-02 +1.1780972450961729e+00 

+3.1415926535897931e+00 +6.6666666666666666e-02 +1.1780972497587683e+00 
+3.1508189094440837e+00 +3.7847495629784700e-01 +1.1780972433820946e+00 
+3.1696615463003166e+00 +5.5485837703548635e-01 +1.1780972496189006e+00 
+3.1920635772190140e+00 +5.5485837703548635e-01 +1.1780973099375898e+00 
+3.2109062140752478e+00 +3.7847495629784700e-01 +1.1780975645739482e+00 
+3.2201324699295379e+00 +6.6666666666666666e-02 +1.1780978410377363e+00 

+3.2201324699295379e+00 +6.6666666666666666e-02 +1.1780978451284769e+00 
+3.2293587257838281e+00 +3.7847495629784700e-01 +1.1780982812768162e+00 
+3.2482013626400619e+00 +5.5485837703548635e-01 +1.1780999853285969e+00 
+3.2706033935587584e+00 +5.5485837703548635e-01 +1.1781043357441736e+00 
+3.2894460304149926e+00 +3.7847495629784700e-01 +1.1781112303745365e+00 
+3.2986722862692828e+00 +6.6666666666666666e-02 +1.1781161478913840e+00 

+3.2986722862692828e+00 +6.6666666666666666e-02 +1.1781161508972340e+00 
+3.3078985421235734e+00 +3.7847495629784700e-01 +1.1781223540332073e+00 
+3.3267411789798067e+00 +5.5485837703548635e-01 +1.1781400553298493e+00 
+3.3491432098985037e+00 +5.5485837703548635e-01 +1.1781727085853395e+00 
+3.3679858467547374e+00 +3.7847495629784700e-01 +1.1782133218267110e+00 
+3.3772121026090276e+00 +6.6666666666666666e-02 +1.1782386946177157e+00 

+3.3772121026090276e+00 +6.6666666666666666e-02 +1.1782386961374507e+00 
+3.3864383584633178e+00 +3.7847495629784700e-01 +1.1782682819014771e+00 
+3.4052809953195515e+00 +5.5485837703548635e-01 +1.1783439063626187e+00 
+3.4276830262382481e+00 +5.5485837703548635e-01 +1.1784658939258708e+00 
+3.4465256630944823e+00 +3.7847495629784700e-01 +1.1786016905156804e+00 
+3.4557519189487724e+00 +6.6666666666666666e-02 +1.1786811726668946e+00 

+3.4557519189487724e+00 +6.6666666666666666e-02 +1.1786811724530142e+00 
+3.4649781748030630e+00 +3.7847495629784700e-01 +1.1787702138883449e+00 
+3.4838208116592959e+00 +5.5485837703548635e-01 +1.1789851660685235e+00 
+3.5062228425779933e+00 +5.5485837703548635e-01 +1.1793072308179304e+00 
+3.5250654794342271e+00 +3.7847495629784700e-01 +1.1796434648283083e+00 
+3.5342917352885173e+00 +6.6666666666666666e-02 +1.1798327054365574e+00 

+3.5342917352885173e+00 +6.6666666666666666e-02 +1.1798327034219367e+00 
+3.5435179911428079e+00 +3.7847495629784700e-01 +1.1800395796188052e+00 
+3.5623606279990412e+00 +5.5485837703548635e-01 +1.1805216187014163e+00 
+3.5847626589177377e+00 +5.5485837703548635e-01 +1.1812106021298396e+00 
+3.6036052957739719e+00 +3.7847495629784700e-01 +1.1819001261173510e+00 
+3.6128315516282621e+00 +6.6666666666666666e-02 +1.1822780994010851e+00 

+3.6128315516282621e+00 +6.6666666666666666e-02 +1.1822780957077224e+00 
+3.6220578074825527e+00 +3.7847495629784700e-01 +1.1826844644211563e+00 
+3.6409004443387860e+00 +5.5485837703548635e-01 +1.1836085654716875e+00 
+3.6633024752574830e+00 +5.5485837703548635e-01 +1.1848864399866239e+00 
+3.6821451121137168e+00 +3.7847495629784700e-01 +1.1861271997233349e+00 
+3.6913713679680069e+00 +6.6666666666666666e-02 +1.1867944130151278e+00 

+3.6913713679680069e+00 +6.6666666666666666e-02 +1.1867944079440453e+00 
+3.7005976238222975e+00 +3.7847495629784700e-01 +1.1875030423184398e+00 
+3.7194402606785308e+00 +5.5485837703548635e-01 +1.1890858293463791e+00 
+3.7418422915972274e+00 +5.5485837703548635e-01 +1.1912210920811672e+00 
+3.7606849284534616e+00 +3.7847495629784700e-01 +1.1932472453674308e+00 
+3.7699111843077517e+00 +6.6666666666666666e-02 +1.1943208541757586e+00 

+3.7699111843077517e+00 +6.6666666666666666e-02 +1.1943208481790326e+00 
+3.7791374401620423e+00 +3.7847495629784700e-01 +1.1954504057831110e+00 
+3.7979800770182752e+00 +5.5485837703548635e-01 +1.1979384168769518e+00 
+3.8203821079369722e+00 +5.5485837703548635e-01 +1.2012303643391324e+00 
+3.8392247447932064e+00 +3.7847495629784700e-01 +1.2042976348257934e+00 
+3.8484510006474966e+00 +6.6666666666666666e-02 +1.2059038211682434e+00 

+3.8484510006474966e+00 +6.6666666666666666e-02 +1.2059038148058421e+00 
+3.8576772565017872e+00 +3.7847495629784700e-01 +1.2075809321107140e+00 
+3.8765198933580205e+00 +5.5485837703548635e-01 +1.2112336321584547e+00 
+3.8989219242767170e+00 +5.5485837703548635e-01 +1.2159907950734394e+00 
+3.9177645611329517e+00 +3.7847495629784700e-01 +1.2203572910098746e+00 
+3.9269908169872414e+00 +6.6666666666666666e-02 +1.2226215563702154e+00 

+3.9269908169872414e+00 +6.6666666666666666e-02 +1.2226215502558486e+00 
+3.9362170728415320e+00 +3.7847495629784700e-01 +1.2249709450633557e+00 
+3.9550597096977649e+00 +5.5485837703548635e-01 +1.2300399729437022e+00 
+3.9774617406164614e+00 +5.5485837703548635e-01 +1.2365546318522436e+00 
+3.9963043774726956e+00 +3.7847495629784700e-01 +1.2424588632896783e+00 
+4.0055306333269858e+00 +6.6666666666666666e-02 +1.2454951212746184e+00 

+4.0055306333269858e+00 +6.6666666666666666e-02 +1.2454951160158889e+00 
+4.0147568891812764e+00 +3.7847495629784700e-01 +1.2486286051594224e+00 
+4.0335995260375093e+00 +5.5485837703548635e-01 +1.2553351724475117e+00 
+4.0560015569562067e+00 +5.5485837703548635e-01 +1.2638563325062071e+00 
+4.0748441938124413e+00 +3.7847495629784700e-01 +1.2714944979561880e+00 
+4.0840704496667311e+00 +6.6666666666666666e-02 +1.2753940004170961e+00 

+4.0840704496667311e+00 +6.6666666666666666e-02 +1.2753939965557983e+00 
+4.0932967055210217e+00 +3.7847495629784700e-01 +1.2793994737106398e+00 
+4.1121393423772545e+00 +5.5485837703548635e-01 +1.2879120772636179e+00 
+4.1345413732959519e+00 +5.5485837703548635e-01 +1.2986195086289898e+00 
+4.1533840101521857e+00 +3.7847495629784700e-01 +1.3081242589137303e+00 
+4.1626102660064763e+00 +6.6666666666666666e-02 +1.3129454376311196e+00 

+4.1626102660064763e+00 +6.6666666666666666e-02 +1.3129454355895429e+00 
+4.1718365218607669e+00 +3.7847495629784700e-01 +1.3178768900119993e+00 
+4.1906791587169998e+00 +5.5485837703548635e-01 +1.3282915356852665e+00 
+4.2130811896356963e+00 +5.5485837703548635e-01 +1.3412734596237752e+00 
+4.2319238264919310e+00 +3.7847495629784700e-01 +1.3526962676674827e+00 
+4.2411500823462207e+00 +6.6666666666666666e-02 +1.3584565161518720e+00 

+4.2411500823462207e+00 +6.6666666666666666e-02 +1.3584565161903672e+00 
+4.2503763382005113e+00 +3.7847495629784700e-01 +1.3643261033425376e+00 
+4.2692189750567442e+00 +5.5485837703548635e-01 +1.3766510575065316e+00 
+4.2916210059754407e+00 +5.5485837703548635e-01 +1.3918877786111947e+00 
+4.3104636428316754e+00 +3.7847495629784700e-01 +1.4051867553257482e+00 
+4.3196898986859651e+00 +6.6666666666666666e-02 +1.4118570167105995e+00 

+4.3196898986859651e+00 +6.6666666666666666e-02 +1.4118570189006052e+00 
+4.3289161545402557e+00 +3.7847495629784700e-01 +1.4186300242603722e+00 
+4.3477587913964886e+00 +5.5485837703548635e-01 +1.4327767298108349e+00 
+4.3701608223151860e+00 +5.5485837703548635e-01 +1.4501320069063863e+00 
+4.3890034591714198e+00 +3.7847495629784700e-01 +1.4651665317853984e+00 
+4.3982297150257104e+00 +6.6666666666666666e-02 +1.4726693139272988e+00 

+4.3982297150257104e+00 +6.6666666666666666e-02 +1.4726693181425050e+00 
+4.4074559708800010e+00 +3.7847495629784700e-01 +1.4802626018855023e+00 
+4.4262986077362338e+00 +5.5485837703548635e-01 +1.4960438517049559e+00 
+4.4487006386549313e+00 +5.5485837703548635e-01 +1.5152651120663041e+00 
+4.4675432755111659e+00 +3.7847495629784700e-01 +1.5317980372603828e+00 
+4.4767695313654556e+00 +6.6666666666666666e-02 +1.5400091682529422e+00 

+4.4767695313654556e+00 +6.6666666666666666e-02 +1.5400091741794735e+00 
+4.4859957872197462e+00 +3.7847495629784700e-01 +1.5482933709479942e+00 
+4.5048384240759791e+00 +5.5485837703548635e-01 +1.5654291760375478e+00 
+4.5272404549946756e+00 +5.5485837703548635e-01 +1.5861568750599437e+00 
+4.5460830918509103e+00 +3.7847495629784700e-01 +1.6038643718491563e+00 
+4.5553093477052000e+00 +6.6666666666666666e-02 +1.6126184676615734e+00 

+4.5553093477052000e+00 +6.6666666666666666e-02 +1.6126184748262888e+00 
+4.5645356035594906e+00 +3.7847495629784700e-01 +1.6214238794828693e+00 
+4.5833782404157235e+00 +5.5485837703548635e-01 +1.6395547640835444e+00 
+4.6057802713344200e+00 +5.5485837703548635e-01 +1.6613403525251371e+00 
+4.6246229081906547e+00 +3.7847495629784700e-01 +1.6798287654924462e+00 
+4.6338491640449444e+00 +6.6666666666666666e-02 +1.6889280391825792e+00 

+4.6338491640449444e+00 +6.6666666666666666e-02 +1.6889280469967518e+00 
+4.6430754198992350e+00 +3.7847495629784700e-01 +1.6980537771066653e+00 
+4.6619180567554679e+00 +5.5485837703548635e-01 +1.7167605468791689e+00 
+4.6843200876741653e+00 +5.5485837703548635e-01 +1.7390917111149991e+00 
+4.7031627245304000e+00 +3.7847495629784700e-01 +1.7579201357360750e+00 
+4.7123889803846897e+00 +6.6666666666666666e-02 +1.7671458676442586e+00 

+4.7123889803846897e+00 +6.6666666666666666e-02 +1.7671458754584297e+00 
+4.7216152362389803e+00 +3.7847495629784700e-01 +1.7763715970433778e+00 
+4.7404578730952132e+00 +5.5485837703548635e-01 +1.7952000249460982e+00 
+4.7628599040139106e+00 +5.5485837703548635e-01 +1.8175311891819288e+00 
+4.7817025408701443e+00 +3.7847495629784700e-01 +1.8362379556727879e+00 
+4.7909287967244349e+00 +6.6666666666666666e-02 +1.8453636961059379e+00 

+4.7909287967244349e+00 +6.6666666666666666e-02 +1.8453637032706527e+00 
+4.8001550525787255e+00 +3.7847495629784700e-01 +1.8544629674955413e+00 
+4.8189976894349584e+00 +5.5485837703548635e-01 +1.8729513834717497e+00 
+4.8413997203536550e+00 +5.5485837703548635e-01 +1.8947369719133420e+00 
+4.8602423572098887e+00 +3.7847495629784700e-01 +1.9128678535051180e+00 
+4.8694686130641793e+00 +6.6666666666666666e-02 +1.9216732676269435e+00 

+4.8694686130641793e+00 +6.6666666666666666e-02 +1.9216732735534732e+00 
+4.8786948689184699e+00 +3.7847495629784700e-01 +1.9304273615364020e+00 
+4.8975375057747028e+00 +5.5485837703548635e-01 +1.9481348608145252e+00 
+4.9199395366933993e+00 +5.5485837703548635e-01 +1.9688625598369203e+00 
+4.9387821735496340e+00 +3.7847495629784700e-01 +1.9859983624375634e+00 
+4.9480084294039237e+00 +6.6666666666666666e-02 +1.9942825670355744e+00 

+4.9480084294039237e+00 +6.6666666666666666e-02 +1.9942825712507801e+00 
+4.9572346852582143e+00 +3.7847495629784700e-01 +2.0024936966746685e+00 
+4.9760773221144472e+00 +5.5485837703548635e-01 +2.0190266236389669e+00 
+4.9984793530331446e+00 +5.5485837703548635e-01 +2.0382478840003144e+00 
+5.0173219898893793e+00 +3.7847495629784700e-01 +2.0540291320495490e+00 
+5.0265482457436690e+00 +6.6666666666666666e-02 +2.0616224213612169e+00 

+5.0265482457436690e+00 +6.6666666666666666e-02 +2.0616224235512246e+00 
+5.0357745015979596e+00 +3.7847495629784700e-01 +2.0691252027999263e+00 
+5.0546171384541925e+00 +5.5485837703548635e-01 +2.0841597285986548e+00 
+5.0770191693728899e+00 +5.5485837703548635e-01 +2.1015150056942060e+00 
+5.0958618062291237e+00 +3.7847495629784700e-01 +2.1156617103249524e+00 
+5.1050880620834143e+00 +6.6666666666666666e-02 +2.1224347185779169e+00 

+5.1050880620834143e+00 +6.6666666666666666e-02 +2.1224347186164101e+00 
+5.1143143179377049e+00 +3.7847495629784700e-01 +2.1291049799504069e+00 
+5.1331569547939377e+00 +5.5485837703548635e-01 +2.1424039566811284e+00 
+5.1555589857126343e+00 +5.5485837703548635e-01 +2.1576406777857913e+00 
+5.1744016225688689e+00 +3.7847495629784700e-01 +2.1699656319336174e+00 
+5.1836278784231586e+00 +6.6666666666666666e-02 +2.1758352191366441e+00 

+5.1836278784231586e+00 +6.6666666666666666e-02 +2.1758352170950679e+00 
+5.1928541342774492e+00 +3.7847495629784700e-01 +2.1815954682765657e+00 
+5.2116967711336821e+00 +5.5485837703548635e-01 +2.1930182754628933e+00 
+5.2340988020523787e+00 +5.5485837703548635e-01 +2.2060001994014025e+00 
+5.2529414389086133e+00 +3.7847495629784700e-01 +2.2164148459320496e+00 
+5.2621676947629030e+00 +6.6666666666666666e-02 +2.2213462976573974e+00 

+5.2621676947629030e+00 +6.6666666666666666e-02 +2.2213462937960995e+00 
+5.2713939506171936e+00 +3.7847495629784700e-01 +2.2261674776146161e+00 
+5.2902365874734265e+00 +5.5485837703548635e-01 +2.2356722262777642e+00 
+5.3126386183921239e+00 +5.5485837703548635e-01 +2.2463796576431365e+00 
+5.3314812552483577e+00 +3.7847495629784700e-01 +2.2548922628177075e+00 
+5.3407075111026483e+00 +6.6666666666666666e-02 +2.2588977348714221e+00 

+5.3407075111026483e+00 +6.6666666666666666e-02 +2.2588977296126913e+00 
+5.3499337669569389e+00 +3.7847495629784700e-01 +2.2627972390208622e+00 
+5.3687764038131718e+00 +5.5485837703548635e-01 +2.2704354022623847e+00 
+5.3911784347318692e+00 +5.5485837703548635e-01 +2.2789565623210799e+00 
+5.4100210715881030e+00 +3.7847495629784700e-01 +2.2856631318176279e+00 
+5.4192473274423936e+00 +6.6666666666666666e-02 +2.2887966140138989e+00 

+5.4192473274423936e+00 +6.6666666666666666e-02 +2.2887966078995317e+00 
+5.4284735832966842e+00 +3.7847495629784700e-01 +2.2918328739621088e+00 
+5.4473162201529171e+00 +5.5485837703548635e-01 +2.2977371028317521e+00 
+5.4697182510716136e+00 +5.5485837703548635e-01 +2.3042517617402933e+00 
+5.4885608879278482e+00 +3.7847495629784700e-01 +2.3093207921884318e+00 
+5.4977871437821380e+00 +6.6666666666666666e-02 +2.3116701789183023e+00 

+5.4977871437821380e+00 +6.6666666666666666e-02 +2.3116701725559023e+00 
+5.5070133996364286e+00 +3.7847495629784700e-01 +2.3139344463215545e+00 
+5.5258560364926614e+00 +5.5485837703548635e-01 +2.3183009395860332e+00 
+5.5482580674113580e+00 +5.5485837703548635e-01 +2.3230581025010184e+00 
+5.5671007042675926e+00 +3.7847495629784700e-01 +2.3267108052207148e+00 
+5.5763269601218823e+00 +6.6666666666666666e-02 +2.3283879141202730e+00 

+5.5763269601218823e+00 +6.6666666666666666e-02 +2.3283879081235477e+00 
+5.5855532159761729e+00 +3.7847495629784700e-01 +2.3299941023882207e+00 
+5.6043958528324058e+00 +5.5485837703548635e-01 +2.3330613703564933e+00 
+5.6267978837511023e+00 +5.5485837703548635e-01 +2.3363533178186739e+00 
+5.6456405206073370e+00 +3.7847495629784700e-01 +2.3388413314309036e+00 
+5.6548667764616276e+00 +6.6666666666666666e-02 +2.3399708811127584e+00 

+5.6548667764616276e+00 +6.6666666666666666e-02 +2.3399708760416775e+00 
+5.6640930323159182e+00 +3.7847495629784700e-01 +2.3410444915493676e+00 
+5.6829356691721511e+00 +5.5485837703548635e-01 +2.3430706427059778e+00 
+5.7053377000908485e+00 +5.5485837703548635e-01 +2.3452059054407655e+00 
+5.7241803369470832e+00 +3.7847495629784700e-01 +2.3467886945983576e+00 
+5.7334065928013729e+00 +6.6666666666666666e-02 +2.3474973222733908e+00 

+5.7334065928013729e+00 +6.6666666666666666e-02 +2.3474973185800256e+00 
+5.7426328486556635e+00 +3.7847495629784700e-01 +2.3481645367510895e+00 
+5.7614754855118964e+00 +5.5485837703548635e-01 +2.3494052949367346e+00 
+5.7838775164305929e+00 +5.5485837703548635e-01 +2.3506831694516714e+00 
+5.8027201532868276e+00 +3.7847495629784700e-01 +2.3516072720532692e+00 
+5.8119464091411173e+00 +6.6666666666666666e-02 +2.3520136358874324e+00 

+5.8119464091411173e+00 +6.6666666666666666e-02 +2.3520136338728128e+00 
+5.8211726649954079e+00 +3.7847495629784700e-01 +2.3523916098180431e+00 
+5.8400153018516407e+00 +5.5485837703548635e-01 +2.3530811329594941e+00 
+5.8624173327703373e+00 +5.5485837703548635e-01 +2.3537701163879174e+00 
+5.8812599696265710e+00 +3.7847495629784700e-01 +2.3542521563165888e+00 
+5.8904862254808616e+00 +6.6666666666666666e-02 +2.3544590298519608e+00 

+5.8904862254808616e+00 +6.6666666666666666e-02 +2.3544590296380803e+00 
+5.8997124813351522e+00 +3.7847495629784700e-01 +2.3546482705288838e+00 
+5.9185551181913851e+00 +5.5485837703548635e-01 +2.3549845044494409e+00 
+5.9409571491100825e+00 +5.5485837703548635e-01 +2.3553065691988491e+00 
+5.9597997859663172e+00 +3.7847495629784700e-01 +2.3555215214688481e+00 
+5.9690260418206069e+00 +6.6666666666666666e-02 +2.3556105626216239e+00 

+5.9690260418206069e+00 +6.6666666666666666e-02 +2.3556105641413607e+00 
+5.9782522976748984e+00 +3.7847495629784700e-01 +2.3556900442848638e+00 
+5.9970949345311304e+00 +5.5485837703548635e-01 +2.3558258415129032e+00 
+6.0194969654498278e+00 +5.5485837703548635e-01 +2.3559478290761566e+00 
+6.0383396023060625e+00 +3.7847495629784700e-01 +2.3560234528990689e+00 
+6.0475658581603522e+00 +6.6666666666666666e-02 +2.3560530406708047e+00 

+6.0475658581603522e+00 +6.6666666666666666e-02 +2.3560530436766549e+00 
+6.0567921140146428e+00 +3.7847495629784700e-01 +2.3560784124966565e+00 
+6.0756347508708757e+00 +5.5485837703548635e-01 +2.3561190270003691e+00 
+6.0980367817895722e+00 +5.5485837703548635e-01 +2.3561516802558606e+00 
+6.1168794186458069e+00 +3.7847495629784700e-01 +2.3561693802901633e+00 
+6.1261056745000966e+00 +6.6666666666666666e-02 +2.3561755873971415e+00 

+6.1261056745000966e+00 +6.6666666666666666e-02 +2.3561755914878821e+00 
+6.1353319303543872e+00 +3.7847495629784700e-01 +2.3561805036004864e+00 
+6.1541745672106201e+00 +5.5485837703548635e-01 +2.3561873999488037e+00 
+6.1765765981293166e+00 +5.5485837703548635e-01 +2.3561917503643843e+00 
+6.1954192349855504e+00 +3.7847495629784700e-01 +2.3561934526982182e+00 
+6.2046454908398410e+00 +6.6666666666666666e-02 +2.3561938942508025e+00 

+6.2046454908398410e+00 +6.6666666666666666e-02 +2.3561938989133977e+00 
+6.2138717466941316e+00 +3.7847495629784700e-01 +2.3561941692174724e+00 
+6.2327143835503644e+00 +5.5485837703548635e-01 +2.3561944258119443e+00 
+6.2551164144690610e+00 +5.5485837703548635e-01 +2.3561944861306419e+00 
+6.2739590513252965e+00 +3.7847495629784700e-01 +2.3561944904093508e+00 
+6.2831853071795862e+00 +6.6666666666666666e-02 +2.3561944901923977e+00 


