+0.0000000000000000e+00 +1.6666666666666666e-01 +1.7505236791598528e-10 
+5.4269678355676502e-03 +8.3333333333333337e-01 -5.0490134823783373e-11 
+1.4207986249368556e-02 +8.3333333333333337e-01 +1.3220840542338881e-10 
+1.9634954084936207e-02 +1.6666666666666666e-01 +5.8357872329864372e-10 

+1.9634954084936207e-02 +1.6666666666666666e-01 +1.9239045086311083e-09 
+2.5061921920503855e-02 +8.3333333333333337e-01 +1.5482824403889952e-09 
+3.3842940334304759e-02 +8.3333333333333337e-01 +9.0347913849151464e-09 
+3.9269908169872414e-02 +1.6666666666666666e-01 +1.8664247422751802e-08 

+3.9269908169872414e-02 +1.6666666666666666e-01 +2.2326137313522606e-08 
+4.4696876005440062e-02 +8.3333333333333337e-01 +3.4465422373021485e-08 
+5.3477894419240973e-02 +8.3333333333333337e-01 +8.7807026336790837e-08 
+5.8904862254808621e-02 +1.6666666666666666e-01 +1.4160158980538300e-07 

+5.8904862254808621e-02 +1.6666666666666666e-01 +1.4872342718538911e-07 
+6.4331830090376269e-02 +8.3333333333333337e-01 +2.1764000636414606e-07 
+7.3112848504177180e-02 +8.3333333333333337e-01 +4.1764203654013025e-07 
+7.8539816339744828e-02 +1.6666666666666666e-01 +5.9594156229685379e-07 

+7.8539816339744828e-02 +1.6666666666666666e-01 +6.0763501461714775e-07 
+8.3966784175312476e-02 +8.3333333333333337e-01 +8.2819421086960884e-07 
+9.2747802589113387e-02 +8.3333333333333337e-01 +1.3684423733485525e-06 
+9.8174770424681035e-02 +1.6666666666666666e-01 +1.8156666306394170e-06 

+9.8174770424681035e-02 +1.6666666666666666e-01 +1.8330080138044537e-06 
+1.0360173826024868e-01 +8.3333333333333337e-01 +2.3692930719726597e-06 
+1.1238275667404959e-01 +8.3333333333333337e-01 +3.5659632993590181e-06 
+1.1780972450961724e-01 +1.6666666666666666e-01 +4.5088439888904805e-06 

+1.1780972450961724e-01 +1.6666666666666666e-01 +4.5328658606477817e-06 
+1.2323669234518489e-01 +8.3333333333333337e-01 +5.6362580112718518e-06 
+1.3201771075898580e-01 +8.3333333333333337e-01 +7.9569782449956606e-06 
+1.3744467859455345e-01 +1.6666666666666666e-01 +9.7221540600134166e-06 

+1.3744467859455345e-01 +1.6666666666666666e-01 +9.7538370969067195e-06 
+1.4287164643012110e-01 +8.3333333333333337e-01 +1.1780419790310891e-05 
+1.5165266484392201e-01 +8.3333333333333337e-01 +1.5871958242648503e-05 
+1.5707963267948966e-01 +1.6666666666666666e-01 +1.8902795208887894e-05 

+1.5707963267948966e-01 +1.6666666666666666e-01 +1.8943060419564149e-05 
+1.6250660051505730e-01 +8.3333333333333337e-01 +2.2370211201505687e-05 
+1.7128761892885822e-01 +8.3333333333333337e-01 +2.9084773251170489e-05 
+1.7671458676442586e-01 +1.6666666666666666e-01 +3.3957277601754972e-05 

+1.7671458676442586e-01 +1.6666666666666666e-01 +3.4006978927316513e-05 
+1.8214155459999351e-01 +8.3333333333333337e-01 +3.9449017693191179e-05 
+1.9092257301379442e-01 +8.3333333333333337e-01 +4.9868942588982071e-05 
+1.9634954084936207e-01 +1.6666666666666666e-01 +5.7306639314747338e-05 

+1.9634954084936207e-01 +1.6666666666666666e-01 +5.7366556664424814e-05 
+2.0177650868492972e-01 +8.3333333333333337e-01 +6.5589325148676590e-05 
+2.1055752709873063e-01 +8.3333333333333337e-01 +8.1049984075779729e-05 
+2.1598449493429828e-01 +1.6666666666666666e-01 +9.1937641002366377e-05 

+2.1598449493429828e-01 +1.6666666666666666e-01 +9.2008473770069770e-05 
+2.2141146276986592e-01 +8.3333333333333337e-01 +1.0394272806285950e-04 
+2.3019248118366684e-01 +8.3333333333333337e-01 +1.2605343680119823e-04 
+2.3561944901923448e-01 +1.6666666666666666e-01 +1.4144952153969376e-04 

+2.3561944901923448e-01 +1.6666666666666666e-01 +1.4153188264399798e-04 
+2.4104641685480216e-01 +8.3333333333333337e-01 +1.5828538823504980e-04 
+2.4982743526860304e-01 +8.3333333333333337e-01 +1.8894816053568539e-04 
+2.5525440310417069e-01 +1.6666666666666666e-01 +2.1009592588681694e-04 

+2.5525440310417069e-01 +1.6666666666666666e-01 +2.1019033637366733e-04 
+2.6068137093973837e-01 +8.3333333333333337e-01 +2.3305856365541690e-04 
+2.6946238935353928e-01 +8.3333333333333337e-01 +2.7448454549889819e-04 
+2.7488935718910690e-01 +1.6666666666666666e-01 +3.0282164781036356e-04 

+2.7488935718910690e-01 +1.6666666666666666e-01 +3.0292853205427374e-04 
+2.8031632502467457e-01 +8.3333333333333337e-01 +3.3340385932032553e-04 
+2.8909734343847548e-01 +8.3333333333333337e-01 +3.8812729931239772e-04 
+2.9452431127404310e-01 +1.6666666666666666e-01 +4.2529386383917758e-04 

+2.9452431127404310e-01 +1.6666666666666666e-01 +4.2541354537495117e-04 
+2.9995127910961078e-01 +8.3333333333333337e-01 +4.6519288606855903e-04 
+3.0873229752341164e-01 +8.3333333333333337e-01 +5.3608251327950886e-04 
+3.1415926535897931e-01 +1.6666666666666666e-01 +5.8392757071825481e-04 

+3.1415926535897931e-01 +1.6666666666666666e-01 +5.8406026873132654e-04 
+3.1958623319454693e-01 +8.3333333333333337e-01 +6.3505104997141760e-04 
+3.2836725160834784e-01 +8.3333333333333337e-01 +7.2531874743526675e-04 
+3.3379421944391552e-01 +1.6666666666666666e-01 +7.8590497643287848e-04 

+3.3379421944391552e-01 +1.6666666666666666e-01 +7.8605080293223941e-04 
+3.3922118727948314e-01 +8.3333333333333337e-01 +8.5037523310723621e-04 
+3.4800220569328405e-01 +8.3333333333333337e-01 +9.6358191286030181e-04 
+3.5342917352885173e-01 +1.6666666666666666e-01 +1.0391886343671434e-03 

+3.5342917352885173e-01 +1.6666666666666666e-01 +1.0393475920605689e-03 
+3.5885614136441935e-01 +8.3333333333333337e-01 +1.1193451664655925e-03 
+3.6763715977822031e-01 +8.3333333333333337e-01 +1.2594037703102202e-03 
+3.7306412761378793e-01 +1.6666666666666666e-01 +1.3525281510908681e-03 

+3.7306412761378793e-01 +1.6666666666666666e-01 +1.3527001319777441e-03 
+3.7849109544935561e-01 +8.3333333333333337e-01 +1.4509283370088518e-03 
+3.8727211386315652e-01 +8.3333333333333337e-01 +1.6221039060228511e-03 
+3.9269908169872414e-01 +1.6666666666666666e-01 +1.7354603403802531e-03 

+3.9269908169872414e-01 +1.6666666666666666e-01 +1.7356451250728415e-03 
+3.9812604953429176e-01 +8.3333333333333337e-01 +1.8548783133104645e-03 
+4.0690706794809267e-01 +8.3333333333333337e-01 +2.0617850883681613e-03 
+4.1233403578366035e-01 +1.6666666666666666e-01 +2.1983027391071094e-03 

+4.1233403578366035e-01 +1.6666666666666666e-01 +2.1984999968864844e-03 
+4.1776100361922797e-01 +8.3333333333333337e-01 +2.3417264174253856e-03 
+4.2654202203302893e-01 +8.3333333333333337e-01 +2.5893219525317292e-03 
+4.3196898986859655e-01 +1.6666666666666666e-01 +2.7521404443097012e-03 

+4.3196898986859655e-01 +1.6666666666666666e-01 +2.7523497339180338e-03 
+4.3739595770416417e-01 +8.3333333333333337e-01 +2.9227667144574149e-03 
+4.4617697611796509e-01 +8.3333333333333337e-01 +3.2163430043999418e-03 
+4.5160394395353276e-01 +1.6666666666666666e-01 +3.4088062748117115e-03 

+4.5160394395353276e-01 +1.6666666666666666e-01 +3.4090270459779331e-03 
+4.5703091178910038e-01 +8.3333333333333337e-01 +3.6100343353967857e-03 
+4.6581193020290135e-01 +8.3333333333333337e-01 +3.9552059789679768e-03 
+4.7123889803846897e-01 +1.6666666666666666e-01 +4.1808543049084382e-03 

+4.7123889803846897e-01 +1.6666666666666666e-01 +4.1810859005996957e-03 
+4.7666586587403659e-01 +8.3333333333333337e-01 +4.4162771929325741e-03 
+4.8544688428783750e-01 +8.3333333333333337e-01 +4.8189666326433839e-03 
+4.9087385212340517e-01 +1.6666666666666666e-01 +5.0815268616143687e-03 

+4.9087385212340517e-01 +1.6666666666666666e-01 +5.0817685210012131e-03 
+4.9630081995897279e-01 +8.3333333333333337e-01 +5.3549211938215451e-03 
+5.0508183837277376e-01 +8.3333333333333337e-01 +5.8213410924923348e-03 
+5.1050880620834138e-01 +1.6666666666666666e-01 +6.1247151204876574e-03 

+5.1050880620834138e-01 +1.6666666666666666e-01 +6.1249659826062650e-03 
+5.1593577404390900e-01 +8.3333333333333337e-01 +6.4400290947428523e-03 
+5.2471679245770997e-01 +8.3333333333333337e-01 +6.9766619284982161e-03 
+5.3014376029327759e-01 +1.6666666666666666e-01 +7.3249134778415950e-03 

+5.3014376029327759e-01 +1.6666666666666666e-01 +7.3251725859321201e-03 
+5.3557072812884521e-01 +8.3333333333333337e-01 +7.6862531911137963e-03 
+5.4435174654264618e-01 +8.3333333333333337e-01 +8.2998281570027532e-03 
+5.4977871437821380e-01 +1.6666666666666666e-01 +8.6971679189519306e-03 

+5.4977871437821380e-01 +1.6666666666666666e-01 +8.6974342254476870e-03 
+5.5520568221378142e-01 +8.3333333333333337e-01 +9.1087820698187837e-03 
+5.6398670062758238e-01 +8.3333333333333337e-01 +9.8062494244136548e-03 
+5.6941366846315000e-01 +1.6666666666666666e-01 +1.0257018642408756e-02 

+5.6941366846315000e-01 +1.6666666666666666e-01 +1.0257291014546850e-02 
+5.7484063629871762e-01 +8.3333333333333337e-01 +1.0723281696950039e-02 
+5.8362165471251859e-01 +8.3333333333333337e-01 +1.1511784659732042e-02 
+5.8904862254808621e-01 +1.6666666666666666e-01 +1.2020437239787381e-02 

+5.8904862254808621e-01 +1.6666666666666666e-01 +1.2020714465807606e-02 
+5.9447559038365383e-01 +8.3333333333333337e-01 +1.2545831150221901e-02 
+6.0325660879745480e-01 +8.3333333333333337e-01 +1.3432675522228758e-02 
+6.0868357663302242e-01 +1.6666666666666666e-01 +1.4003758767078035e-02 

+6.0868357663302242e-01 +1.6666666666666666e-01 +1.4004039562972883e-02 
+6.1411054446859004e-01 +8.3333333333333337e-01 +1.4592853342457307e-02 
+6.2289156288239100e-01 +8.3333333333333337e-01 +1.5585475006442898e-02 
+6.2831853071795862e-01 +1.6666666666666666e-01 +1.6223609079583607e-02 

+6.2831853071795862e-01 +1.6666666666666666e-01 +1.6223892096359015e-02 
+6.3374549855352624e-01 +8.3333333333333337e-01 +1.6881041117222845e-02 
+6.4252651696732721e-01 +8.3333333333333337e-01 +1.7986971600361040e-02 
+6.4795348480289483e-01 +1.6666666666666666e-01 +1.8696827835045185e-02 

+6.4795348480289483e-01 +1.6666666666666666e-01 +1.8697111666448225e-02 
+6.5338045263846245e-01 +8.3333333333333337e-01 +1.9427279130088241e-02 
+6.6216147105226342e-01 +8.3333333333333337e-01 +2.0654109423948911e-02 
+6.6758843888783104e-01 +1.6666666666666666e-01 +2.1440387600376712e-02 

+6.6758843888783104e-01 +1.6666666666666666e-01 +2.1440670791043382e-02 
+6.7301540672339866e-01 +8.3333333333333337e-01 +2.2248561958901160e-02 
+6.8179642513719962e-01 +8.3333333333333337e-01 +2.3603904803948819e-02 
+6.8722339297276724e-01 +1.6666666666666666e-01 +2.4471309525387900e-02 

+6.8722339297276724e-01 +1.6666666666666666e-01 +2.4471590579361806e-02 
+6.9265036080833498e-01 +8.3333333333333337e-01 +2.5361908913708976e-02 
+7.0143137922213583e-01 +8.3333333333333337e-01 +2.6853359766843450e-02 
+7.0685834705770345e-01 +1.6666666666666666e-01 +2.7806576072070568e-02 

+7.0685834705770345e-01 +1.6666666666666666e-01 +2.7806853461640534e-02 
+7.1228531489327107e-01 +8.3333333333333337e-01 +2.8784276041350563e-02 
+7.2106633330707204e-01 +8.3333333333333337e-01 +3.0419372954952621e-02 
+7.2649330114263966e-01 +1.6666666666666666e-01 +3.1463041310254805e-02 

+7.2649330114263966e-01 +1.6666666666666666e-01 +3.1463313485057369e-02 
+7.3192026897820739e-01 +8.3333333333333337e-01 +3.2532465841127761e-02 
+7.4070128739200825e-01 +8.3333333333333337e-01 +3.4318648490625943e-02 
+7.4612825522757587e-01 +1.6666666666666666e-01 +3.5457339309566009e-02 

+7.4612825522757587e-01 +1.6666666666666666e-01 +3.5457604705897594e-02 
+7.5155522306314360e-01 +8.3333333333333337e-01 +3.6623035226208508e-02 
+7.6033624147694434e-01 +8.3333333333333337e-01 +3.8567603330292188e-02 
+7.6576320931251207e-01 +1.6666666666666666e-01 +3.9805791173506661e-02 

+7.6576320931251207e-01 +1.6666666666666666e-01 +3.9806048223788075e-02 
+7.7119017714807969e-01 +8.3333333333333337e-01 +4.1072202280394370e-02 
+7.7997119556188066e-01 +8.3333333333333337e-01 +4.3182273663613803e-02 
+7.8539816339744828e-01 +1.6666666666666666e-01 +4.4524311274043708e-02 

+7.8539816339744828e-01 +1.6666666666666666e-01 +4.4524558416378666e-02 
+7.9082513123301590e-01 +8.3333333333333337e-01 +4.5895752371504020e-02 
+7.9960614964681687e-01 +8.3333333333333337e-01 +4.8178220923085047e-02 
+8.0503311748238449e-01 +1.6666666666666666e-01 +4.9628313254219285e-02 

+8.0503311748238449e-01 +1.6666666666666666e-01 +4.9628548941988794e-02 
+8.1046008531795222e-01 +8.3333333333333337e-01 +5.1108944190803987e-02 
+8.1924110373175296e-01 +8.3333333333333337e-01 +5.3570437976034418e-02 
+8.2466807156732069e-01 +1.6666666666666666e-01 +5.5132616371957412e-02 

+8.2466807156732069e-01 +1.6666666666666666e-01 +5.5132839083390756e-02 
+8.3009503940288831e-01 +8.3333333333333337e-01 +5.6726416292601632e-02 
+8.3887605781668917e-01 +8.3333333333333337e-01 +5.9373256074098935e-02 
+8.4430302565225690e-01 +1.6666666666666666e-01 +6.1051352760369451e-02 

+8.4430302565225690e-01 +1.6666666666666666e-01 +6.1051561008031996e-02 
+8.4972999348782452e-01 +8.3333333333333337e-01 +6.2762094709267816e-02 
+8.5851101190162549e-01 +8.3333333333333337e-01 +6.5600253134805483e-02 
+8.6393797973719311e-01 +1.6666666666666666e-01 +6.7397876178447974e-02 

+8.6393797973719311e-01 +1.6666666666666666e-01 +6.7398068518588039e-02 
+8.6936494757276073e-01 +8.3333333333333337e-01 +6.9229102214562174e-02 
+8.7814596598656169e-01 +8.3333333333333337e-01 +7.2264163925917016e-02 
+8.8357293382212931e-01 +1.6666666666666666e-01 +7.4184672821084263e-02 

+8.8357293382212931e-01 +1.6666666666666666e-01 +7.4184847862780887e-02 
+8.8899990165769704e-01 +8.3333333333333337e-01 +7.6139669802205032e-02 
+8.9778092007149779e-01 +8.3333333333333337e-01 +7.9376792715697489e-02 
+9.0320788790706552e-01 +1.6666666666666666e-01 +8.1423274748872357e-02 

+9.0320788790706552e-01 +1.6666666666666666e-01 +8.1423431162927148e-02 
+9.0863485574263314e-01 +8.3333333333333337e-01 +8.3505050937201633e-02 
+9.1741587415643400e-01 +8.3333333333333337e-01 +8.6948928941260245e-02 
+9.2284284199200173e-01 +1.6666666666666666e-01 +8.9124176486218551e-02 

+9.2284284199200173e-01 +1.6666666666666666e-01 +8.9124313013735842e-02 
+9.2826980982756935e-01 +8.3333333333333337e-01 +9.1335439124532430e-02 
+9.3705082824137031e-01 +8.3333333333333337e-01 +9.4990266432747356e-02 
+9.4247779607693793e-01 +1.6666666666666666e-01 +9.7296755320926978e-02 

+9.4247779607693793e-01 +1.6666666666666666e-01 +9.7296870781529557e-02 
+9.4790476391250555e-01 +8.3333333333333337e-01 +9.9639889323547740e-02 
+9.5668578232630652e-01 +8.3333333333333337e-01 +1.0350932671333236e-01 
+9.6211275016187414e-01 +1.6666666666666666e-01 +1.0594919581976724e-01 

+9.6211275016187414e-01 +1.6666666666666666e-01 +1.0594928911939611e-01 
+9.6753971799744187e-01 +8.3333333333333337e-01 +1.0842624371684199e-01 
+9.7632073641124273e-01 +8.3333333333333337e-01 +1.1251338687403666e-01 
+9.8174770424681035e-01 +1.6666666666666666e-01 +1.1508841905265654e-01 

+9.8174770424681035e-01 +1.6666666666666666e-01 +1.1508848919090543e-01 
+9.8717467208237797e-01 +8.3333333333333337e-01 +1.1770106231964507e-01 
+9.9595569049617882e-01 +8.3333333333333337e-01 +1.2200841249823925e-01 
+1.0013826583317464e+00 +1.6666666666666666e-01 +1.2472001699313785e-01 

+1.0013826583317464e+00 +1.6666666666666666e-01 +1.2472006307007651e-01 
+1.0068096261673141e+00 +8.3333333333333337e-01 +1.2746955888999134e-01 
+1.0155906445811151e+00 +8.3333333333333337e-01 +1.3199899608366716e-01 
+1.0210176124166828e+00 +1.6666666666666666e-01 +1.3484819253495145e-01 

+1.0210176124166828e+00 +1.6666666666666666e-01 +1.3484821375739500e-01 
+1.0264445802522504e+00 +8.3333333333333337e-01 +1.3773554257125922e-01 
+1.0352255986660515e+00 +8.3333333333333337e-01 +1.4248830137975269e-01 
+1.0406525665016191e+00 +1.6666666666666666e-01 +1.4547570553384717e-01 

+1.0406525665016191e+00 +1.6666666666666666e-01 +1.4547570122103126e-01 
+1.0460795343371867e+00 +8.3333333333333337e-01 +1.4850136566729408e-01 
+1.0548605527509876e+00 +8.3333333333333337e-01 +1.5347801402570618e-01 
+1.0602875205865552e+00 +1.6666666666666666e-01 +1.5660382525055350e-01 

+1.0602875205865552e+00 +1.6666666666666666e-01 +1.5660379483917961e-01 
+1.0657144884221228e+00 +8.3333333333333337e-01 +1.5976787791641275e-01 
+1.0744955068359237e+00 +8.3333333333333337e-01 +1.6496829883967226e-01 
+1.0799224746714913e+00 +1.6666666666666666e-01 +1.6823228953520011e-01 

+1.0799224746714913e+00 +1.6666666666666666e-01 +1.6823223258381795e-01 
+1.0853494425070589e+00 +8.3333333333333337e-01 +1.7153438759435052e-01 
+1.0941304609208600e+00 +8.3333333333333337e-01 +1.7695776407212954e-01 
+1.0995574287564276e+00 +1.6666666666666666e-01 +1.8035927105570501e-01 

+1.0995574287564276e+00 +1.6666666666666666e-01 +1.8035918724840364e-01 
+1.1049843965919952e+00 +8.3333333333333337e-01 +1.8379862973786143e-01 
+1.1137654150057963e+00 +8.3333333333333337e-01 +1.8944343289747412e-01 
+1.1191923828413639e+00 +1.6666666666666666e-01 +1.9298135083290299e-01 

+1.1191923828413639e+00 +1.6666666666666666e-01 +1.9298123998228753e-01 
+1.1246193506769315e+00 +8.3333333333333337e-01 +1.9655674174045634e-01 
+1.1334003690907324e+00 +8.3333333333333337e-01 +2.0242072237674075e-01 
+1.1388273369263000e+00 +1.6666666666666666e-01 +2.0609349930376195e-01 

+1.1388273369263000e+00 +1.6666666666666666e-01 +2.0609336135319423e-01 
+1.1442543047618676e+00 +8.3333333333333337e-01 +2.0980324652990229e-01 
+1.1530353231756685e+00 +8.3333333333333337e-01 +2.1588343008189997e-01 
+1.1584622910112361e+00 +1.6666666666666666e-01 +2.1968906509113711e-01 

+1.1584622910112361e+00 +1.6666666666666666e-01 +2.1968890011622649e-01 
+1.1638892588468037e+00 +8.3333333333333337e-01 +2.2353104349385769e-01 
+1.1726702772606048e+00 +8.3333333333333337e-01 +2.2982372852838859e-01 
+1.1780972450961724e+00 +1.6666666666666666e-01 +2.3375977161443301e-01 

+1.1780972450961724e+00 +1.6666666666666666e-01 +2.3375957982376444e-01 
+1.1835242129317400e+00 +8.3333333333333337e-01 +2.3773140727564768e-01 
+1.1923052313455411e+00 +8.3333333333333337e-01 +2.4423216751774657e-01 
+1.1977321991811087e+00 +1.6666666666666666e-01 +2.4829572163052532e-01 

+1.1977321991811087e+00 +1.6666666666666666e-01 +2.4829550336562034e-01 
+1.2031591670166764e+00 +8.3333333333333337e-01 +2.5239399451696592e-01 
+1.2119401854304772e+00 +8.3333333333333337e-01 +2.5909768444671849e-01 
+1.2173671532660448e+00 +1.6666666666666666e-01 +2.6328540974862802e-01 

+1.2173671532660448e+00 +1.6666666666666666e-01 +2.6328516548313591e-01 
+1.2227941211016125e+00 +8.3333333333333337e-01 +2.6750685857848044e-01 
+1.2315751395154133e+00 +8.3333333333333337e-01 +2.7440762259320173e-01 
+1.2370021073509809e+00 +1.6666666666666666e-01 +2.7871574291673701e-01 

+1.2370021073509809e+00 +1.6666666666666666e-01 +2.7871547325485929e-01 
+1.2424290751865485e+00 +8.3333333333333337e-01 +2.8305647222321917e-01 
+1.2512100936003496e+00 +8.3333333333333337e-01 +2.9014775734327292e-01 
+1.2566370614359172e+00 +1.6666666666666666e-01 +2.9457206883113202e-01 

+1.2566370614359172e+00 +1.6666666666666666e-01 +2.9457177450528738e-01 
+1.2620640292714849e+00 +8.3333333333333337e-01 +2.9902775820147581e-01 
+1.2708450476852859e+00 +8.3333333333333337e-01 +3.0630233027747661e-01 
+1.2762720155208536e+00 +1.6666666666666666e-01 +3.1083821217444663e-01 

+1.2762720155208536e+00 +1.6666666666666666e-01 +3.1083789404218970e-01 
+1.2816989833564212e+00 +8.3333333333333337e-01 +3.1540412763011028e-01 
+1.2904800017702220e+00 +8.3333333333333337e-01 +3.2285409098888918e-01 
+1.2959069696057897e+00 +1.6666666666666666e-01 +3.2749651854230194e-01 

+1.2959069696057897e+00 +1.6666666666666666e-01 +3.2749617758251243e-01 
+1.3013339374413573e+00 +8.3333333333333337e-01 +3.3216752601377370e-01 
+1.3101149558551581e+00 +8.3333333333333337e-01 +3.3978434646046402e-01 
+1.3155419236907258e+00 +1.6666666666666666e-01 +3.4452790587372234e-01 

+1.3155419236907258e+00 +1.6666666666666666e-01 +3.4452754318208423e-01 
+1.3209688915262934e+00 +8.3333333333333337e-01 +3.4929848671106567e-01 
+1.3297499099400945e+00 +8.3333333333333337e-01 +3.5707301778508416e-01 
+1.3351768777756621e+00 +1.6666666666666666e-01 +3.6191192315677367e-01 

+1.3351768777756621e+00 +1.6666666666666666e-01 +3.6191153994057174e-01 
+1.3406038456112297e+00 +8.3333333333333337e-01 +3.6677619160517683e-01 
+1.3493848640250308e+00 +8.3333333333333337e-01 +3.7469870396886928e-01 
+1.3548118318605984e+00 +1.6666666666666666e-01 +3.7962681613837029e-01 

+1.3548118318605984e+00 +1.6666666666666666e-01 +3.7962641371063366e-01 
+1.3602387996961660e+00 +8.3333333333333337e-01 +3.8457853869647513e-01 
+1.3690198181099669e+00 +8.3333333333333337e-01 +3.9263875251687314e-01 
+1.3744467859455345e+00 +1.6666666666666666e-01 +3.9764959972622693e-01 

+1.3744467859455345e+00 +1.6666666666666666e-01 +3.9764917949925238e-01 
+1.3798737537811021e+00 +8.3333333333333337e-01 +4.0268221629398920e-01 
+1.3886547721949030e+00 +8.3333333333333337e-01 +4.1086933646059315e-01 
+1.3940817400304706e+00 +1.6666666666666666e-01 +4.1595613673173815e-01 

+1.3940817400304706e+00 +1.6666666666666666e-01 +4.1595570021003031e-01 
+1.3995087078660382e+00 +8.3333333333333337e-01 +4.2106278344408765e-01 
+1.4082897262798393e+00 +8.3333333333333337e-01 +4.2936553744896921e-01 
+1.4137166941154069e+00 +1.6666666666666666e-01 +4.3452122256540399e-01 

+1.4137166941154069e+00 +1.6666666666666666e-01 +4.3452077133807437e-01 
+1.4191436619509745e+00 +8.3333333333333337e-01 +4.3969475619808118e-01 
+1.4279246803647756e+00 +8.3333333333333337e-01 +4.4810143448897721e-01 
+1.4333516482003432e+00 +1.6666666666666666e-01 +4.5331867546148946e-01 

+1.4333516482003432e+00 +1.6666666666666666e-01 +4.5331821119415999e-01 
+1.4387786160359108e+00 +8.3333333333333337e-01 +4.5855169928620992e-01 
+1.4475596344497117e+00 +8.3333333333333337e-01 +4.6705019788875818e-01 
+1.4529866022852793e+00 +1.6666666666666666e-01 +4.7232143177614488e-01 

+1.4529866022852793e+00 +1.6666666666666666e-01 +4.7232095620239839e-01 
+1.4584135701208469e+00 +8.3333333333333337e-01 +4.7760632273372350e-01 
+1.4671945885346478e+00 +8.3333333333333337e-01 +4.8618418792565721e-01 
+1.4726215563702154e+00 +1.6666666666666666e-01 +4.9150164587339146e-01 

+1.4726215563702154e+00 +1.6666666666666666e-01 +4.9150116078582534e-01 
+1.4780485242057830e+00 +8.3333333333333337e-01 +4.9683058292571580e-01 
+1.4868295426195841e+00 +8.3333333333333337e-01 +5.0547505773376544e-01 
+1.4922565104551517e+00 +1.6666666666666666e-01 +5.1083079408640852e-01 

+1.4922565104551517e+00 +1.6666666666666666e-01 +5.1083030132733875e-01 
+1.4976834782907196e+00 +8.3333333333333337e-01 +5.1619578760121188e-01 
+1.5064644967045204e+00 +8.3333333333333337e-01 +5.2489385988074333e-01 
+1.5118914645400880e+00 +1.6666666666666666e-01 +5.3027978221757777e-01 

+1.5118914645400880e+00 +1.6666666666666666e-01 +5.3027928366945176e-01 
+1.5173184323756557e+00 +8.3333333333333337e-01 +5.3567270423388680e-01 
+1.5260994507894565e+00 +8.3333333333333337e-01 +5.4441115608198853e-01 
+1.5315264186250241e+00 +1.6666666666666666e-01 +5.4981905601991621e-01 

+1.5315264186250241e+00 +1.6666666666666666e-01 +5.4981855359548948e-01 
+1.5369533864605918e+00 +8.3333333333333337e-01 +5.5523167123686523e-01 
+1.5457344048743926e+00 +8.3333333333333337e-01 +5.6399712948174341e-01 
+1.5511613727099602e+00 +1.6666666666666666e-01 +5.6941871408497324e-01 

+1.5511613727099602e+00 +1.6666666666666666e-01 +5.6941820971730461e-01 
+1.5565883405455279e+00 +8.3333333333333337e-01 +5.7484271141240972e-01 
+1.5653693589593289e+00 +8.3333333333333337e-01 +5.8362169891561222e-01 
+1.5707963267948966e+00 +1.6666666666666666e-01 +5.8904862254808621e-01 

+1.5707963267948966e+00 +1.6666666666666666e-01 +5.8904811818041769e-01 
+1.5762232946304642e+00 +8.3333333333333337e-01 +5.9447564705409373e-01 
+1.5850043130442653e+00 +8.3333333333333337e-01 +6.0325463455729622e-01 
+1.5904312808798329e+00 +1.6666666666666666e-01 +6.0867853101119929e-01 

+1.5904312808798329e+00 +1.6666666666666666e-01 +6.0867802858677234e-01 
+1.5958582487154005e+00 +8.3333333333333337e-01 +6.1410021609931409e-01 
+1.6046392671292014e+00 +8.3333333333333337e-01 +6.2286567434419227e-01 
+1.6100662349647690e+00 +1.6666666666666666e-01 +6.2827818907625610e-01 

+1.6100662349647690e+00 +1.6666666666666666e-01 +6.2827769052812998e-01 
+1.6154932028003366e+00 +8.3333333333333337e-01 +6.3368618872380866e-01 
+1.6242742212141374e+00 +8.3333333333333337e-01 +6.4242464057191040e-01 
+1.6297011890497051e+00 +1.6666666666666666e-01 +6.4781746287859443e-01 

+1.6297011890497051e+00 +1.6666666666666666e-01 +6.4781697011952466e-01 
+1.6351281568852727e+00 +8.3333333333333337e-01 +6.5320348376724302e-01 
+1.6439091752990735e+00 +8.3333333333333337e-01 +6.6190155604677436e-01 
+1.6493361431346414e+00 +1.6666666666666666e-01 +6.6726645100976367e-01 

+1.6493361431346414e+00 +1.6666666666666666e-01 +6.6726596592219745e-01 
+1.6547631109702090e+00 +8.3333333333333337e-01 +6.7262228437992000e-01 
+1.6635441293840101e+00 +8.3333333333333337e-01 +6.8126675918796964e-01 
+1.6689710972195777e+00 +1.6666666666666666e-01 +6.8659559922278068e-01 

+1.6689710972195777e+00 +1.6666666666666666e-01 +6.8659512364903441e-01 
+1.6743980650551453e+00 +8.3333333333333337e-01 +6.9191315228526440e-01 
+1.6831790834689462e+00 +8.3333333333333337e-01 +7.0049101747719811e-01 
+1.6886060513045138e+00 +1.6666666666666666e-01 +7.0577581332002737e-01 

+1.6886060513045138e+00 +1.6666666666666666e-01 +7.0577534905269779e-01 
+1.6940330191400814e+00 +8.3333333333333337e-01 +7.1104714006087988e-01 
+1.7028140375538823e+00 +8.3333333333333337e-01 +7.1954563866342813e-01 
+1.7082410053894499e+00 +1.6666666666666666e-01 +7.2477856963468279e-01 

+1.7082410053894499e+00 +1.6666666666666666e-01 +7.2477811840735307e-01 
+1.7136679732250175e+00 +8.3333333333333337e-01 +7.2999590085266108e-01 
+1.7224489916388186e+00 +8.3333333333333337e-01 +7.3840257914355711e-01 
+1.7278759594743862e+00 +1.6666666666666666e-01 +7.4357602253076827e-01 

+1.7278759594743862e+00 +1.6666666666666666e-01 +7.4357558600906015e-01 
+1.7333029273099538e+00 +8.3333333333333337e-01 +7.4873179495154463e-01 
+1.7420839457237549e+00 +8.3333333333333337e-01 +7.5703454895642630e-01 
+1.7475109135593225e+00 +1.6666666666666666e-01 +7.6214110836443372e-01 

+1.7475109135593225e+00 +1.6666666666666666e-01 +7.6214068813745939e-01 
+1.7529378813948902e+00 +8.3333333333333337e-01 +7.6722799268097419e-01 
+1.7617188998086910e+00 +8.3333333333333337e-01 +7.7541511284757814e-01 
+1.7671458676442586e+00 +1.6666666666666666e-01 +7.8044764536994526e-01 

+1.7671458676442586e+00 +1.6666666666666666e-01 +7.8044724294220857e-01 
+1.7725728354798262e+00 +8.3333333333333337e-01 +7.8545857306484645e-01 
+1.7813538538936271e+00 +8.3333333333333337e-01 +7.9351878688524446e-01 
+1.7867808217291947e+00 +1.6666666666666666e-01 +7.9847042895780207e-01 

+1.7867808217291947e+00 +1.6666666666666666e-01 +7.9847004574159997e-01 
+1.7922077895647623e+00 +8.3333333333333337e-01 +8.0339861777054367e-01 
+1.8009888079785632e+00 +8.3333333333333337e-01 +8.1132113013423601e-01 
+1.8064157758141310e+00 +1.6666666666666666e-01 +8.1618532193939897e-01 

+1.8064157758141310e+00 +1.6666666666666666e-01 +8.1618495924776091e-01 
+1.8118427436496987e+00 +8.3333333333333337e-01 +8.2102429984941605e-01 
+1.8206237620634997e+00 +8.3333333333333337e-01 +8.2879883092343432e-01 
+1.8260507298990674e+00 +1.6666666666666666e-01 +8.3356933922245002e-01 

+1.8260507298990674e+00 +1.6666666666666666e-01 +8.3356899826266040e-01 
+1.8314776977346350e+00 +8.3333333333333337e-01 +8.3831296682766610e-01 
+1.8402587161484358e+00 +8.3333333333333337e-01 +8.4592978727435653e-01 
+1.8456856839840035e+00 +1.6666666666666666e-01 +8.5060072655387042e-01 

+1.8456856839840035e+00 +1.6666666666666666e-01 +8.5060040842161333e-01 
+1.8511126518195711e+00 +8.3333333333333337e-01 +8.5524321773373457e-01 
+1.8598936702333719e+00 +8.3333333333333337e-01 +8.6269318109251358e-01 
+1.8653206380689396e+00 +1.6666666666666666e-01 +8.6725903292172568e-01 

+1.8653206380689396e+00 +1.6666666666666666e-01 +8.6725873859588121e-01 
+1.8707476059045072e+00 +8.3333333333333337e-01 +8.7179497368386483e-01 
+1.8795286243183082e+00 +8.3333333333333337e-01 +8.7906954575986540e-01 
+1.8849555921538759e+00 +1.6666666666666666e-01 +8.8352517626504024e-01 

+1.8849555921538759e+00 +1.6666666666666666e-01 +8.8352490660316263e-01 
+1.8903825599894435e+00 +8.3333333333333337e-01 +8.8794954168527496e-01 
+1.8991635784032446e+00 +8.3333333333333337e-01 +8.9504082680532870e-01 
+1.9045905462388122e+00 +1.6666666666666666e-01 +8.9938150217943547e-01 

+1.9045905462388122e+00 +1.6666666666666666e-01 +8.9938125791394330e-01 
+1.9100175140743798e+00 +8.3333333333333337e-01 +9.0368967135606904e-01 
+1.9187985324881809e+00 +8.3333333333333337e-01 +9.1059043537079043e-01 
+1.9242255003237483e+00 +1.6666666666666666e-01 +9.1481183534754429e-01 

+1.9242255003237483e+00 +1.6666666666666666e-01 +9.1481161708263903e-01 
+1.9296524681593161e+00 +8.3333333333333337e-01 +9.1899960430243477e-01 
+1.9384334865731168e+00 +8.3333333333333337e-01 +9.2570329423218733e-01 
+1.9438604544086844e+00 +1.6666666666666666e-01 +9.2980152346564693e-01 

+1.9438604544086844e+00 +1.6666666666666666e-01 +9.2980133167497858e-01 
+1.9492874222442520e+00 +8.3333333333333337e-01 +9.3386511593655952e-01 
+1.9580684406580531e+00 +8.3333333333333337e-01 +9.4036587617865830e-01 
+1.9634954084936207e+00 +1.6666666666666666e-01 +9.4433747348173924e-01 

+1.9634954084936207e+00 +1.6666666666666666e-01 +9.4433730850682840e-01 
+1.9689223763291883e+00 +8.3333333333333337e-01 +9.4827354956276566e-01 
+1.9777033947429894e+00 +8.3333333333333337e-01 +9.5456623459729673e-01 
+1.9831303625785570e+00 +1.6666666666666666e-01 +9.5840818000503514e-01 

+1.9831303625785570e+00 +1.6666666666666666e-01 +9.5840804205446750e-01 
+1.9885573304141246e+00 +8.3333333333333337e-01 +9.6221384260438592e-01 
+1.9973383488279253e+00 +8.3333333333333337e-01 +9.6829402615638338e-01 
+2.0027653166634929e+00 +1.6666666666666666e-01 +9.7200374579241033e-01 

+2.0027653166634929e+00 +1.6666666666666666e-01 +9.7200363494179443e-01 
+2.0081922844990605e+00 +8.3333333333333337e-01 +9.7567654488955446e-01 
+2.0169733029128616e+00 +8.3333333333333337e-01 +9.8154052552583904e-01 
+2.0224002707484292e+00 +1.6666666666666666e-01 +9.8511589426326895e-01 

+2.0224002707484292e+00 +1.6666666666666666e-01 +9.8511581045596752e-01 
+2.0278272385839968e+00 +8.3333333333333337e-01 +9.8865382896015841e-01 
+2.0366082569977979e+00 +8.3333333333333337e-01 +9.9429863211977121e-01 
+2.0420352248333655e+00 +1.6666666666666666e-01 +9.9773797404046716e-01 

+2.0420352248333655e+00 +1.6666666666666666e-01 +9.9773791708908521e-01 
+2.0474621926689331e+00 +8.3333333333333337e-01 +1.0011394924143189e+00 
+2.0562432110827342e+00 +8.3333333333333337e-01 +1.0065628688920980e+00 
+2.0616701789183018e+00 +1.6666666666666666e-01 +1.0098649555609724e+00 

+2.0616701789183018e+00 +1.6666666666666666e-01 +1.0098649251495986e+00 
+2.0670971467538695e+00 +8.3333333333333337e-01 +1.0131289523387748e+00 
+2.0758781651676705e+00 +8.3333333333333337e-01 +1.0183293732620344e+00 
+2.0813051330032382e+00 +1.6666666666666666e-01 +1.0214934198456191e+00 

+2.0813051330032382e+00 +1.6666666666666666e-01 +1.0214934155328030e+00 
+2.0867321008388058e+00 +8.3333333333333337e-01 +1.0246192319330292e+00 
+2.0955131192526064e+00 +8.3333333333333337e-01 +1.0295958802914411e+00 
+2.1009400870881740e+00 +1.6666666666666666e-01 +1.0326215395623251e+00 

+2.1009400870881740e+00 +1.6666666666666666e-01 +1.0326215607847686e+00 
+2.1063670549237417e+00 +8.3333333333333337e-01 +1.0356089394719306e+00 
+2.1151480733375427e+00 +8.3333333333333337e-01 +1.0403616982804242e+00 
+2.1205750411731104e+00 +1.6666666666666666e-01 +1.0432490525612210e+00 

+2.1205750411731104e+00 +1.6666666666666666e-01 +1.0432490986381597e+00 
+2.1260020090086780e+00 +8.3333333333333337e-01 +1.0460982397971175e+00 
+2.1347830274224791e+00 +8.3333333333333337e-01 +1.0506276769907932e+00 
+2.1402099952580467e+00 +1.6666666666666666e-01 +1.0533772281030349e+00 

+2.1402099952580467e+00 +1.6666666666666666e-01 +1.0533772982412837e+00 
+2.1456369630936143e+00 +8.3333333333333337e-01 +1.0560888185702835e+00 
+2.1544179815074149e+00 +8.3333333333333337e-01 +1.0603961687488774e+00 
+2.1598449493429825e+00 +1.6666666666666666e-01 +1.0630088260435160e+00 

+2.1598449493429825e+00 +1.6666666666666666e-01 +1.0630089193431447e+00 
+2.1652719171785502e+00 +8.3333333333333337e-01 +1.0655838395622099e+00 
+2.1740529355923512e+00 +8.3333333333333337e-01 +1.0696709827194046e+00 
+2.1794799034279189e+00 +1.6666666666666666e-01 +1.0721480492764051e+00 

+2.1794799034279189e+00 +1.6666666666666666e-01 +1.0721481647370070e+00 
+2.1849068712634865e+00 +8.3333333333333337e-01 +1.0745878952907193e+00 
+2.1936878896772876e+00 +8.3333333333333337e-01 +1.0784573326805040e+00 
+2.1991148575128552e+00 +1.6666666666666666e-01 +1.0808004897752452e+00 

+2.1991148575128552e+00 +1.6666666666666666e-01 +1.0808006263027625e+00 
+2.2045418253484228e+00 +8.3333333333333337e-01 +1.0831069513579217e+00 
+2.2133228437622239e+00 +8.3333333333333337e-01 +1.0867617786661370e+00 
+2.2187498115977915e+00 +1.6666666666666666e-01 +1.0889730686099539e+00 

+2.2187498115977915e+00 +1.6666666666666666e-01 +1.0889732250240090e+00 
+2.2241767794333591e+00 +8.3333333333333337e-01 +1.0911482848721012e+00 
+2.2329577978471602e+00 +8.3333333333333337e-01 +1.0945921628761599e+00 
+2.2383847656827278e+00 +1.6666666666666666e-01 +1.0966739703473003e+00 

+2.2383847656827278e+00 +1.6666666666666666e-01 +1.0966741453889970e+00 
+2.2438117335182954e+00 +8.3333333333333337e-01 +1.0987204173721359e+00 
+2.2525927519320961e+00 +8.3333333333333337e-01 +1.1019575402856281e+00 
+2.2580197197676637e+00 +1.6666666666666666e-01 +1.1039125722750884e+00 

+2.2580197197676637e+00 +1.6666666666666666e-01 +1.1039127646152282e+00 
+2.2634466876032313e+00 +8.3333333333333337e-01 +1.1058330427022274e+00 
+2.2722277060170324e+00 +8.3333333333333337e-01 +1.1088681044135822e+00 
+2.2776546738526000e+00 +1.6666666666666666e-01 +1.1106993689177247e+00 

+2.2776546738526000e+00 +1.6666666666666666e-01 +1.1106995771653876e+00 
+2.2830816416881676e+00 +8.3333333333333337e-01 +1.1124969503118343e+00 
+2.2918626601019687e+00 +8.3333333333333337e-01 +1.1153351087373720e+00 
+2.2972896279375363e+00 +1.6666666666666666e-01 +1.1170458923358033e+00 

+2.2972896279375363e+00 +1.6666666666666666e-01 +1.1170461150472371e+00 
+2.3027165957731039e+00 +8.3333333333333337e-01 +1.1187239444797872e+00 
+2.3114976141869046e+00 +8.3333333333333337e-01 +1.1213707842612843e+00 
+2.3169245820224722e+00 +1.6666666666666666e-01 +1.1229646287242157e+00 

+2.3169245820224722e+00 +1.6666666666666666e-01 +1.1229648644119850e+00 
+2.3223515498580398e+00 +8.3333333333333337e-01 +1.1245267599825846e+00 
+2.3311325682718409e+00 +8.3333333333333337e-01 +1.1269882537678149e+00 
+2.3365595361074085e+00 +1.6666666666666666e-01 +1.1284689318419534e+00 

+2.3365595361074085e+00 +1.6666666666666666e-01 +1.1284691789842887e+00 
+2.3419865039429761e+00 +8.3333333333333337e-01 +1.1299189747446210e+00 
+2.3507675223567772e+00 +8.3333333333333337e-01 +1.1322014432962018e+00 
+2.3561944901923448e+00 +1.6666666666666666e-01 +1.1335729338221290e+00 

+2.3561944901923448e+00 +1.6666666666666666e-01 +1.1335731908724107e+00 
+2.3616214580279125e+00 +8.3333333333333337e-01 +1.1349149200225026e+00 
+2.3704024764417135e+00 +8.3333333333333337e-01 +1.1370249914057220e+00 
+2.3758294442772812e+00 +1.6666666666666666e-01 +1.1382914539226661e+00 

+2.3758294442772812e+00 +1.6666666666666666e-01 +1.1382917193189976e+00 
+2.3812564121128488e+00 +8.3333333333333337e-01 +1.1395295886866139e+00 
+2.3900374305266499e+00 +8.3333333333333337e-01 +1.1414741567906976e+00 
+2.3954643983622175e+00 +1.6666666666666666e-01 +1.1426399057866063e+00 

+2.3954643983622175e+00 +1.6666666666666666e-01 +1.1426401779614097e+00 
+2.4008913661977851e+00 +8.3333333333333337e-01 +1.1437785421705862e+00 
+2.4096723846115857e+00 +8.3333333333333337e-01 +1.1455647248200840e+00 
+2.4150993524471533e+00 +1.6666666666666666e-01 +1.1466342037859181e+00 

+2.4150993524471533e+00 +1.6666666666666666e-01 +1.1466344811754881e+00 
+2.4205263202827210e+00 +8.3333333333333337e-01 +1.1476778166633061e+00 
+2.4293073386965220e+00 +8.3333333333333337e-01 +1.1493129135769080e+00 
+2.4347343065320897e+00 +1.6666666666666666e-01 +1.1502906690241019e+00 

+2.4347343065320897e+00 +1.6666666666666666e-01 +1.1502909500780758e+00 
+2.4401612743676573e+00 +8.3333333333333337e-01 +1.1512438291185343e+00 
+2.4489422927814584e+00 +8.3333333333333337e-01 +1.1527352799716688e+00 
+2.4543692606170260e+00 +1.6666666666666666e-01 +1.1536259355707843e+00 

+2.4543692606170260e+00 +1.6666666666666666e-01 +1.1536262187614506e+00 
+2.4597962284525936e+00 +8.3333333333333337e-01 +1.1544932836540902e+00 
+2.4685772468663942e+00 +8.3333333333333337e-01 +1.1558486264991379e+00 
+2.4740042147019619e+00 +1.6666666666666666e-01 +1.1566568574957954e+00 

+2.4740042147019619e+00 +1.6666666666666666e-01 +1.1566571413271991e+00 
+2.4794311825375295e+00 +8.3333333333333337e-01 +1.1574430789059431e+00 
+2.4882122009513306e+00 +8.3333333333333337e-01 +1.1586699091998038e+00 
+2.4936391687868982e+00 +1.6666666666666666e-01 +1.1594004172611274e+00 

+2.4936391687868982e+00 +1.6666666666666666e-01 +1.1594007002779028e+00 
+2.4990661366224658e+00 +8.3333333333333337e-01 +1.1601102168924564e+00 
+2.5078471550362669e+00 +8.3333333333333337e-01 +1.1612161473755944e+00 
+2.5132741228718345e+00 +1.6666666666666666e-01 +1.1618736360165889e+00 

+2.5132741228718345e+00 +1.6666666666666666e-01 +1.1618739168124839e+00 
+2.5187010907074021e+00 +8.3333333333333337e-01 +1.1625117139305507e+00 
+2.5274821091212032e+00 +8.3333333333333337e-01 +1.1635043355945360e+00 
+2.5329090769567708e+00 +1.6666666666666666e-01 +1.1640934863290944e+00 

+2.5329090769567708e+00 +1.6666666666666666e-01 +1.1640937635551145e+00 
+2.5383360447923384e+00 +8.3333333333333337e-01 +1.1646645141287397e+00 
+2.5471170632061395e+00 +8.3333333333333337e-01 +1.1655513585007466e+00 
+2.5525440310417071e+00 +1.6666666666666666e-01 +1.1660768078563852e+00 

+2.5525440310417071e+00 +1.6666666666666666e-01 +1.1660770802285234e+00 
+2.5579709988772747e+00 +8.3333333333333337e-01 +1.1665854059620127e+00 
+2.5667520172910754e+00 +8.3333333333333337e-01 +1.1673739089247943e+00 
+2.5721789851266430e+00 +1.6666666666666666e-01 +1.1678402264537637e+00 

+2.5721789851266430e+00 +1.6666666666666666e-01 +1.1678404927602590e+00 
+2.5776059529622106e+00 +8.3333333333333337e-01 +1.1682909424104593e+00 
+2.5863869713760117e+00 +8.3333333333333337e-01 +1.1689884097650545e+00 
+2.5918139392115793e+00 +1.6666666666666666e-01 +1.1694000771772204e+00 

+2.5918139392115793e+00 +1.6666666666666666e-01 +1.1694003362853116e+00 
+2.5972409070471469e+00 +8.3333333333333337e-01 +1.1697973651175519e+00 
+2.6060219254609480e+00 +8.3333333333333337e-01 +1.1704109400834406e+00 
+2.6114488932965156e+00 +1.6666666666666666e-01 +1.1707723316183309e+00 

+2.6114488932965156e+00 +1.6666666666666666e-01 +1.1707725824804494e+00 
+2.6168758611320833e+00 +8.3333333333333337e-01 +1.1711205329952508e+00 
+2.6256568795458839e+00 +8.3333333333333337e-01 +1.1716571658290063e+00 
+2.6310838473814515e+00 +1.6666666666666666e-01 +1.1719725299756847e+00 

+2.6310838473814515e+00 +1.6666666666666666e-01 +1.1719727716350719e+00 
+2.6365108152170191e+00 +8.3333333333333337e-01 +1.1722758556718029e+00 
+2.6452918336308202e+00 +8.3333333333333337e-01 +1.1727422755704737e+00 
+2.6507188014663878e+00 +1.6666666666666666e-01 +1.1730157182345582e+00 

+2.6507188014663878e+00 +1.6666666666666666e-01 +1.1730159498302493e+00 
+2.6561457693019555e+00 +8.3333333333333337e-01 +1.1732782321443911e+00 
+2.6649267877157565e+00 +8.3333333333333337e-01 +1.1736809215841020e+00 
+2.6703537555513241e+00 +1.6666666666666666e-01 +1.1739163907912638e+00 

+2.6703537555513241e+00 +1.6666666666666666e-01 +1.1739166115624302e+00 
+2.6757807233868918e+00 +8.3333333333333337e-01 +1.1741419949629712e+00 
+2.6845617418006928e+00 +8.3333333333333337e-01 +1.1744871666065424e+00 
+2.6899887096362605e+00 +1.6666666666666666e-01 +1.1746884388213608e+00 

+2.6899887096362605e+00 +1.6666666666666666e-01 +1.1746886481109693e+00 
+2.6954156774718281e+00 +8.3333333333333337e-01 +1.1748808602338510e+00 
+2.7041966958856292e+00 +8.3333333333333337e-01 +1.1751744365237935e+00 
+2.7096236637211968e+00 +1.6666666666666666e-01 +1.1753451046518630e+00 

+2.7096236637211968e+00 +1.6666666666666666e-01 +1.1753453019096425e+00 
+2.7150506315567644e+00 +8.3333333333333337e-01 +1.1755078836920849e+00 
+2.7238316499705650e+00 +8.3333333333333337e-01 +1.1757554792271909e+00 
+2.7292586178061327e+00 +1.6666666666666666e-01 +1.1758989423570652e+00 

+2.7292586178061327e+00 +1.6666666666666666e-01 +1.1758991271417574e+00 
+2.7346855856417003e+00 +8.3333333333333337e-01 +1.1760354230508658e+00 
+2.7434666040555014e+00 +8.3333333333333337e-01 +1.1762423298259235e+00 
+2.7488935718910690e+00 +1.6666666666666666e-01 +1.1763617847557919e+00 

+2.7488935718910690e+00 +1.6666666666666666e-01 +1.1763619567366788e+00 
+2.7543205397266366e+00 +8.3333333333333337e-01 +1.1764751067939723e+00 
+2.7631015581404377e+00 +8.3333333333333337e-01 +1.1766462823629862e+00 
+2.7685285259760053e+00 +1.6666666666666666e-01 +1.1767447169450813e+00 

+2.7685285259760053e+00 +1.6666666666666666e-01 +1.1767448759027750e+00 
+2.7739554938115729e+00 +8.3333333333333337e-01 +1.1768378095343235e+00 
+2.7827365122253735e+00 +8.3333333333333337e-01 +1.1769778681381680e+00 
+2.7881634800609412e+00 +1.6666666666666666e-01 +1.1770580564618052e+00 

+2.7881634800609412e+00 +1.6666666666666666e-01 +1.1770582022883052e+00 
+2.7935904478965088e+00 +8.3333333333333337e-01 +1.1771336340180123e+00 
+2.8023714663103094e+00 +8.3333333333333337e-01 +1.1772468406977654e+00 
+2.8077984341458775e+00 +1.6666666666666666e-01 +1.1773113401197397e+00 

+2.8077984341458775e+00 +1.6666666666666666e-01 +1.1773114728177527e+00 
+2.8132254019814451e+00 +8.3333333333333337e-01 +1.1773718998091345e+00 
+2.8220064203952462e+00 +8.3333333333333337e-01 +1.1774621675065984e+00 
+2.8274333882308138e+00 +1.6666666666666666e-01 +1.1775133175254540e+00 

+2.8274333882308138e+00 +1.6666666666666666e-01 +1.1775134372069898e+00 
+2.8328603560663814e+00 +8.3333333333333337e-01 +1.1775611386465854e+00 
+2.8416413744801825e+00 +8.3333333333333337e-01 +1.1776320282737964e+00 
+2.8470683423157501e+00 +1.6666666666666666e-01 +1.1776719512323328e+00 

+2.8470683423157501e+00 +1.6666666666666666e-01 +1.1776720581165769e+00 
+2.8524953101513177e+00 +8.3333333333333337e-01 +1.1777090964200112e+00 
+2.8612763285651188e+00 +8.3333333333333337e-01 +1.1777638198600031e+00 
+2.8667032964006864e+00 +1.6666666666666666e-01 +1.1777944234483619e+00 

+2.8667032964006864e+00 +1.6666666666666666e-01 +1.1777945178588489e+00 
+2.8721302642362541e+00 +8.3333333333333337e-01 +1.1778227416685760e+00 
+2.8809112826500547e+00 +8.3333333333333337e-01 +1.1778641676504196e+00 
+2.8863382504856223e+00 +1.6666666666666666e-01 +1.1778871491702858e+00 

+2.8863382504856223e+00 +1.6666666666666666e-01 +1.1778872315313900e+00 
+2.8917652183211899e+00 +8.3333333333333337e-01 +1.1779082804634158e+00 
+2.9005462367349910e+00 +8.3333333333333337e-01 +1.1779389432357161e+00 
+2.9059732045705586e+00 +1.6666666666666666e-01 +1.1779557955746325e+00 

+2.9059732045705586e+00 +1.6666666666666666e-01 +1.1779558664074004e+00 
+2.9114001724061263e+00 +8.3333333333333337e-01 +1.1779711774928177e+00 
+2.9201811908199273e+00 +8.3333333333333337e-01 +1.1779932882015562e+00 
+2.9256081586554950e+00 +1.6666666666666666e-01 +1.1780053074551700e+00 

+2.9256081586554950e+00 +1.6666666666666666e-01 +1.1780053673725197e+00 
+2.9310351264910626e+00 +8.3333333333333337e-01 +1.1780161831286262e+00 
+2.9398161449048632e+00 +8.3333333333333337e-01 +1.1780316437875535e+00 
+2.9452431127404308e+00 +1.6666666666666666e-01 +1.1780399384568576e+00 

+2.9452431127404308e+00 +1.6666666666666666e-01 +1.1780399881581831e+00 
+2.9506700805759984e+00 +8.3333333333333337e-01 +1.1780473662133182e+00 
+2.9594510989897995e+00 +8.3333333333333337e-01 +1.1780577861382140e+00 
+2.9648780668253671e+00 +1.6666666666666666e-01 +1.1780632878185708e+00 

+2.9648780668253671e+00 +1.6666666666666666e-01 +1.1780633280837813e+00 
+2.9703050346609352e+00 +8.3333333333333337e-01 +1.1780681522698790e+00 
+2.9790860530747358e+00 +8.3333333333333337e-01 +1.1780748668319290e+00 
+2.9845130209103035e+00 +1.6666666666666666e-01 +1.1780783423009638e+00 

+2.9845130209103035e+00 +1.6666666666666666e-01 +1.1780783739840006e+00 
+2.9899399887458715e+00 +8.3333333333333337e-01 +1.1780813668013224e+00 
+2.9987210071596717e+00 +8.3333333333333337e-01 +1.1780854583397748e+00 
+3.0041479749952398e+00 +1.6666666666666666e-01 +1.1780875229421126e+00 

+3.0041479749952398e+00 +1.6666666666666666e-01 +1.1780875469639844e+00 
+3.0095749428308074e+00 +8.3333333333333337e-01 +1.1780892833135530e+00 
+3.0183559612446080e+00 +8.3333333333333337e-01 +1.1780916040337868e+00 
+3.0237829290801761e+00 +1.6666666666666666e-01 +1.1780927362521836e+00 

+3.0237829290801761e+00 +1.6666666666666666e-01 +1.1780927535935668e+00 
+3.0292098969157433e+00 +8.3333333333333337e-01 +1.1780936756645963e+00 
+3.0379909153295444e+00 +8.3333333333333337e-01 +1.1780948723348237e+00 
+3.0434178831651120e+00 +1.6666666666666666e-01 +1.1780954294295418e+00 

+3.0434178831651120e+00 +1.6666666666666666e-01 +1.1780954411229938e+00 
+3.0488448510006796e+00 +8.3333333333333337e-01 +1.1780958743151084e+00 
+3.0576258694144807e+00 +8.3333333333333337e-01 +1.1780964145632711e+00 
+3.0630528372500483e+00 +1.6666666666666666e-01 +1.1780966491546103e+00 

+3.0630528372500483e+00 +1.6666666666666666e-01 +1.1780966562764474e+00 
+3.0684798050856159e+00 +8.3333333333333337e-01 +1.1780968260297680e+00 
+3.0772608234994170e+00 +8.3333333333333337e-01 +1.1780970260317984e+00 
+3.0826877913349846e+00 +1.6666666666666666e-01 +1.1780971034945829e+00 

+3.0826877913349846e+00 +1.6666666666666666e-01 +1.1780971071564725e+00 
+3.0881147591705522e+00 +8.3333333333333337e-01 +1.1780971565567684e+00 
+3.0968957775843529e+00 +8.3333333333333337e-01 +1.1780972098983724e+00 
+3.1023227454199205e+00 +1.6666666666666666e-01 +1.1780972264319247e+00 

+3.1023227454199205e+00 +1.6666666666666666e-01 +1.1780972277722508e+00 
+3.1077497132554881e+00 +8.3333333333333337e-01 +1.1780972357933157e+00 
+3.1165307316692892e+00 +8.3333333333333337e-01 +1.1780972432798245e+00 
+3.1219576995048568e+00 +1.6666666666666666e-01 +1.1780972445125937e+00 

+3.1219576995048568e+00 +1.6666666666666666e-01 +1.1780972446876459e+00 
+3.1273846673404244e+00 +8.3333333333333337e-01 +1.1780972449289533e+00 
+3.1361656857542255e+00 +8.3333333333333337e-01 +1.1780972451116520e+00 
+3.1415926535897931e+00 +1.6666666666666666e-01 +1.1780972450961724e+00 

+3.1415926535897931e+00 +1.6666666666666666e-01 +1.1780972452712248e+00 
+3.1470196214253607e+00 +8.3333333333333337e-01 +1.1780972450456824e+00 
+3.1558006398391618e+00 +8.3333333333333337e-01 +1.1780972452283807e+00 
+3.1612276076747294e+00 +1.6666666666666666e-01 +1.1780972456797509e+00 

+3.1612276076747294e+00 +1.6666666666666666e-01 +1.1780972470200763e+00 
+3.1666545755102971e+00 +8.3333333333333337e-01 +1.1780972466444550e+00 
+3.1754355939240981e+00 +8.3333333333333337e-01 +1.1780972541309642e+00 
+3.1808625617596658e+00 +1.6666666666666666e-01 +1.1780972637604197e+00 

+3.1808625617596658e+00 +1.6666666666666666e-01 +1.1780972674223098e+00 
+3.1862895295952334e+00 +8.3333333333333337e-01 +1.1780972795615947e+00 
+3.1950705480090340e+00 +8.3333333333333337e-01 +1.1780973329031983e+00 
+3.2004975158446016e+00 +1.6666666666666666e-01 +1.1780973866977615e+00 

+3.2004975158446016e+00 +1.6666666666666666e-01 +1.1780973938195998e+00 
+3.2059244836801692e+00 +8.3333333333333337e-01 +1.1780974627361784e+00 
+3.2147055020939703e+00 +8.3333333333333337e-01 +1.1780976627382085e+00 
+3.2201324699295379e+00 +1.6666666666666666e-01 +1.1780978410377343e+00 

+3.2201324699295379e+00 +1.6666666666666666e-01 +1.1780978527311867e+00 
+3.2255594377651056e+00 +8.3333333333333337e-01 +1.1780980732903832e+00 
+3.2343404561789066e+00 +8.3333333333333337e-01 +1.1780986135385458e+00 
+3.2397674240144743e+00 +1.6666666666666666e-01 +1.1780990607628032e+00 

+3.2397674240144743e+00 +1.6666666666666666e-01 +1.1780990781041858e+00 
+3.2451943918500419e+00 +8.3333333333333337e-01 +1.1780996143892442e+00 
+3.2539754102638430e+00 +8.3333333333333337e-01 +1.1781008110594715e+00 
+3.2594023780994101e+00 +1.6666666666666666e-01 +1.1781017539401613e+00 

+3.2594023780994101e+00 +1.6666666666666666e-01 +1.1781017779620329e+00 
+3.2648293459349782e+00 +8.3333333333333337e-01 +1.1781028813541834e+00 
+3.2736103643487788e+00 +8.3333333333333337e-01 +1.1781052020744172e+00 
+3.2790373321843465e+00 +1.6666666666666666e-01 +1.1781069672502325e+00 

+3.2790373321843465e+00 +1.6666666666666666e-01 +1.1781069989332691e+00 
+3.2844643000199145e+00 +8.3333333333333337e-01 +1.1781090255159625e+00 
+3.2932453184337147e+00 +8.3333333333333337e-01 +1.1781131170544150e+00 
+3.2986722862692828e+00 +1.6666666666666666e-01 +1.1781161478913811e+00 

+3.2986722862692828e+00 +1.6666666666666666e-01 +1.1781161881565916e+00 
+3.3040992541048504e+00 +8.3333333333333337e-01 +1.1781196153073736e+00 
+3.3128802725186510e+00 +8.3333333333333337e-01 +1.1781263298694236e+00 
+3.3183072403542191e+00 +1.6666666666666666e-01 +1.1781312023737740e+00 

+3.3183072403542191e+00 +1.6666666666666666e-01 +1.1781312520750995e+00 
+3.3237342081897867e+00 +8.3333333333333337e-01 +1.1781366941138656e+00 
+3.3325152266035878e+00 +8.3333333333333337e-01 +1.1781471140387614e+00 
+3.3379421944391554e+00 +1.6666666666666666e-01 +1.1781545517354868e+00 

+3.3379421944391554e+00 +1.6666666666666666e-01 +1.1781546116528359e+00 
+3.3433691622747230e+00 +8.3333333333333337e-01 +1.1781628344213206e+00 
+3.3521501806885237e+00 +8.3333333333333337e-01 +1.1781782950802480e+00 
+3.3575771485240913e+00 +1.6666666666666666e-01 +1.1781891827371742e+00 

+3.3575771485240913e+00 +1.6666666666666666e-01 +1.1781892535699423e+00 
+3.3630041163596589e+00 +8.3333333333333337e-01 +1.1782011878242349e+00 
+3.3717851347734600e+00 +8.3333333333333337e-01 +1.1782232985329735e+00 
+3.3772121026090276e+00 +1.6666666666666666e-01 +1.1782386946177119e+00 

+3.3772121026090276e+00 +1.6666666666666666e-01 +1.1782387769788158e+00 
+3.3826390704445952e+00 +8.3333333333333337e-01 +1.1782555304844073e+00 
+3.3914200888583963e+00 +8.3333333333333337e-01 +1.1782861932567081e+00 
+3.3968470566939639e+00 +1.6666666666666666e-01 +1.1783073410220588e+00 

+3.3968470566939639e+00 +1.6666666666666666e-01 +1.1783074354325460e+00 
+3.4022740245295315e+00 +8.3333333333333337e-01 +1.1783303036598274e+00 
+3.4110550429433322e+00 +8.3333333333333337e-01 +1.1783717296416709e+00 
+3.4164820107788998e+00 +1.6666666666666666e-01 +1.1784000667439825e+00 

+3.4164820107788998e+00 +1.6666666666666666e-01 +1.1784001736282266e+00 
+3.4219089786144674e+00 +8.3333333333333337e-01 +1.1784306489554925e+00 
+3.4306899970282685e+00 +8.3333333333333337e-01 +1.1784853723954849e+00 
+3.4361169648638361e+00 +1.6666666666666666e-01 +1.1785225389600116e+00 

+3.4361169648638361e+00 +1.6666666666666666e-01 +1.1785226586415478e+00 
+3.4415439326994037e+00 +8.3333333333333337e-01 +1.1785624379822410e+00 
+3.4503249511132048e+00 +8.3333333333333337e-01 +1.1786333276094516e+00 
+3.4557519189487724e+00 +1.6666666666666666e-01 +1.1786811726668904e+00 

+3.4557519189487724e+00 +1.6666666666666666e-01 +1.1786813053649035e+00 
+3.4611788867843400e+00 +8.3333333333333337e-01 +1.1787322961461435e+00 
+3.4699599051981411e+00 +8.3333333333333337e-01 +1.1788225638436074e+00 
+3.4753868730337087e+00 +1.6666666666666666e-01 +1.1788831500726056e+00 

+3.4753868730337087e+00 +1.6666666666666666e-01 +1.1788832958991047e+00 
+3.4808138408692764e+00 +8.3333333333333337e-01 +1.1789476203292799e+00 
+3.4895948592830774e+00 +8.3333333333333337e-01 +1.1790608270090330e+00 
+3.4950218271186451e+00 +1.6666666666666666e-01 +1.1791364337305397e+00 

+3.4950218271186451e+00 +1.6666666666666666e-01 +1.1791365926882327e+00 
+3.5004487949542127e+00 +8.3333333333333337e-01 +1.1792165902626381e+00 
+3.5092298133680133e+00 +8.3333333333333337e-01 +1.1793566488664826e+00 
+3.5146567812035809e+00 +1.6666666666666666e-01 +1.1794497732472633e+00 

+3.5146567812035809e+00 +1.6666666666666666e-01 +1.1794499452281504e+00 
+3.5200837490391486e+00 +8.3333333333333337e-01 +1.1795481734331816e+00 
+3.5288647674529496e+00 +8.3333333333333337e-01 +1.1797193490021955e+00 
+3.5342917352885173e+00 +1.6666666666666666e-01 +1.1798327054365525e+00 

+3.5342917352885173e+00 +1.6666666666666666e-01 +1.1798328902212449e+00 
+3.5397187031240849e+00 +8.3333333333333337e-01 +1.1799521234094830e+00 
+3.5484997215378860e+00 +8.3333333333333337e-01 +1.1801590301845406e+00 
+3.5539266893734536e+00 +1.6666666666666666e-01 +1.1802955478352795e+00 

+3.5539266893734536e+00 +1.6666666666666666e-01 +1.1802957450930589e+00 
+3.5593536572090212e+00 +8.3333333333333337e-01 +1.1804389715135977e+00 
+3.5681346756228223e+00 +8.3333333333333337e-01 +1.1806865670487041e+00 
+3.5735616434583894e+00 +1.6666666666666666e-01 +1.1808493855404820e+00 

+3.5735616434583894e+00 +1.6666666666666666e-01 +1.1808495948300908e+00 
+3.5789886112939575e+00 +8.3333333333333337e-01 +1.1810200118106300e+00 
+3.5877696297077581e+00 +8.3333333333333337e-01 +1.1813135881005725e+00 
+3.5931965975433258e+00 +1.6666666666666666e-01 +1.1815060513709845e+00 

+3.5931965975433258e+00 +1.6666666666666666e-01 +1.1815062721421508e+00 
+3.5986235653788938e+00 +8.3333333333333337e-01 +1.1817072794315693e+00 
+3.6074045837926940e+00 +8.3333333333333337e-01 +1.1820524510751405e+00 
+3.6128315516282621e+00 +1.6666666666666666e-01 +1.1822780994010813e+00 

+3.6128315516282621e+00 +1.6666666666666666e-01 +1.1822783309967728e+00 
+3.6182585194638297e+00 +8.3333333333333337e-01 +1.1825135222891048e+00 
+3.6270395378776303e+00 +8.3333333333333337e-01 +1.1829162117288154e+00 
+3.6324665057131984e+00 +1.6666666666666666e-01 +1.1831787719577873e+00 

+3.6324665057131984e+00 +1.6666666666666666e-01 +1.1831790136171745e+00 
+3.6378934735487660e+00 +8.3333333333333337e-01 +1.1834521662899944e+00 
+3.6466744919625671e+00 +8.3333333333333337e-01 +1.1839185861886647e+00 
+3.6521014597981347e+00 +1.6666666666666666e-01 +1.1842219602166604e+00 

+3.6521014597981347e+00 +1.6666666666666666e-01 +1.1842222110787790e+00 
+3.6575284276337023e+00 +8.3333333333333337e-01 +1.1845372741909155e+00 
+3.6663094460475030e+00 +8.3333333333333337e-01 +1.1850739070246710e+00 
+3.6717364138830706e+00 +1.6666666666666666e-01 +1.1854221585740143e+00 

+3.6717364138830706e+00 +1.6666666666666666e-01 +1.1854224176821049e+00 
+3.6771633817186382e+00 +8.3333333333333337e-01 +1.1857834982872866e+00 
+3.6859444001324393e+00 +8.3333333333333337e-01 +1.1863970732531757e+00 
+3.6913713679680069e+00 +1.6666666666666666e-01 +1.1867944130151247e+00 

+3.6913713679680069e+00 +1.6666666666666666e-01 +1.1867946793216202e+00 
+3.6967983358035745e+00 +8.3333333333333337e-01 +1.1872060271659914e+00 
+3.7055793542173756e+00 +8.3333333333333337e-01 +1.1879034945205862e+00 
+3.7110063220529432e+00 +1.6666666666666666e-01 +1.1883542637385811e+00 

+3.7110063220529432e+00 +1.6666666666666666e-01 +1.1883545361107197e+00 
+3.7164332898885108e+00 +8.3333333333333337e-01 +1.1888205267931224e+00 
+3.7252143083023115e+00 +8.3333333333333337e-01 +1.1896090297559045e+00 
+3.7306412761378791e+00 +1.6666666666666666e-01 +1.1901176823359600e+00 

+3.7306412761378791e+00 +1.6666666666666666e-01 +1.1901179595619795e+00 
+3.7360682439734467e+00 +8.3333333333333337e-01 +1.1906430762463942e+00 
+3.7448492623872478e+00 +8.3333333333333337e-01 +1.1915299206184011e+00 
+3.7502762302228154e+00 +1.6666666666666666e-01 +1.1921010038632502e+00 

+3.7502762302228154e+00 +1.6666666666666666e-01 +1.1921012846591461e+00 
+3.7557031980583830e+00 +8.3333333333333337e-01 +1.1926900984386297e+00 
+3.7644842164721841e+00 +8.3333333333333337e-01 +1.1936827201026150e+00 
+3.7699111843077517e+00 +1.6666666666666666e-01 +1.1943208541757562e+00 

+3.7699111843077517e+00 +1.6666666666666666e-01 +1.1943211371925313e+00 
+3.7753381521433198e+00 +8.3333333333333337e-01 +1.1949782862133951e+00 
+3.7841191705571204e+00 +8.3333333333333337e-01 +1.1960842166965335e+00 
+3.7895461383926881e+00 +1.6666666666666666e-01 +1.1967940729312179e+00 

+3.7895461383926881e+00 +1.6666666666666666e-01 +1.1967943567626207e+00 
+3.7949731062282561e+00 +8.3333333333333337e-01 +1.1975245242262604e+00 
+3.8037541246420572e+00 +8.3333333333333337e-01 +1.1987513545201209e+00 
+3.8091810924776244e+00 +1.6666666666666666e-01 +1.1995376326965490e+00 

+3.8091810924776244e+00 +1.6666666666666666e-01 +1.1995379158872155e+00 
+3.8146080603131924e+00 +8.3333333333333337e-01 +1.2003458070550734e+00 
+3.8233890787269926e+00 +8.3333333333333337e-01 +1.2017011499001211e+00 
+3.8288160465625602e+00 +1.6666666666666666e-01 +1.2025685546215603e+00 

+3.8288160465625602e+00 +1.6666666666666666e-01 +1.2025688356755346e+00 
+3.8342430143981279e+00 +8.3333333333333337e-01 +1.2034591540098813e+00 
+3.8430240328119289e+00 +8.3333333333333337e-01 +1.2049506048630159e+00 
+3.8484510006474966e+00 +1.6666666666666666e-01 +1.2059038211682431e+00 

+3.8484510006474966e+00 +1.6666666666666666e-01 +1.2059040985578129e+00 
+3.8538779684830642e+00 +8.3333333333333337e-01 +1.2068815211375228e+00 
+3.8626589868968653e+00 +8.3333333333333337e-01 +1.2085166180511251e+00 
+3.8680859547324329e+00 +1.6666666666666666e-01 +1.2095602864064272e+00 

+3.8680859547324329e+00 +1.6666666666666666e-01 +1.2095605585812299e+00 
+3.8735129225680005e+00 +8.3333333333333337e-01 +1.2106297109373003e+00 
+3.8822939409818016e+00 +8.3333333333333337e-01 +1.2124158935867984e+00 
+3.8877209088173688e+00 +1.6666666666666666e-01 +1.2135545844057383e+00 

+3.8877209088173688e+00 +1.6666666666666666e-01 +1.2135548498020698e+00 
+3.8931478766529368e+00 +8.3333333333333337e-01 +1.2147202803223809e+00 
+3.9019288950667370e+00 +8.3333333333333337e-01 +1.2166648484264646e+00 
+3.9073558629023051e+00 +1.6666666666666666e-01 +1.2179030362696790e+00 

+3.9073558629023051e+00 +1.6666666666666666e-01 +1.2179032933199603e+00 
+3.9127828307378723e+00 +8.3333333333333337e-01 +1.2191694473765669e+00 
+3.9215638491516733e+00 +8.3333333333333337e-01 +1.2212795187597865e+00 
+3.9269908169872414e+00 +1.6666666666666666e-01 +1.2226215563702161e+00 

+3.9269908169872414e+00 +1.6666666666666666e-01 +1.2226218035125509e+00 
+3.9324177848228090e+00 +8.3333333333333337e-01 +1.2239929974676764e+00 
+3.9411988032366096e+00 +8.3333333333333337e-01 +1.2262754660192574e+00 
+3.9466257710721777e+00 +1.6666666666666666e-01 +1.2277255583503917e+00 

+3.9466257710721777e+00 +1.6666666666666666e-01 +1.2277257940381610e+00 
+3.9520527389077453e+00 +8.3333333333333337e-01 +1.2292061892869763e+00 
+3.9608337573215464e+00 +8.3333333333333337e-01 +1.2316676830722066e+00 
+3.9662607251571140e+00 +1.6666666666666666e-01 +1.2332298614681290e+00 

+3.9662607251571140e+00 +1.6666666666666666e-01 +1.2332300841795631e+00 
+3.9716876929926817e+00 +8.3333333333333337e-01 +1.2348236613887740e+00 
+3.9804687114064823e+00 +8.3333333333333337e-01 +1.2374705011702711e+00 
+3.9858956792420499e+00 +1.6666666666666666e-01 +1.2391485978565417e+00 

+3.9858956792420499e+00 +1.6666666666666666e-01 +1.2391488061042037e+00 
+3.9913226470776175e+00 +8.3333333333333337e-01 +1.2408593398054399e+00 
+4.0001036654914177e+00 +8.3333333333333337e-01 +1.2436974982309774e+00 
+4.0055306333269858e+00 +1.6666666666666666e-01 +1.2454951212746199e+00 

+4.0055306333269858e+00 +1.6666666666666666e-01 +1.2454953136147593e+00 
+4.0109576011625538e+00 +8.3333333333333337e-01 +1.2473263473107343e+00 
+4.0197386195763540e+00 +8.3333333333333337e-01 +1.2503614090220891e+00 
+4.0251655874119221e+00 +1.6666666666666666e-01 +1.2522819179172562e+00 

+4.0251655874119221e+00 +1.6666666666666666e-01 +1.2522820929589529e+00 
+4.0305925552474893e+00 +8.3333333333333337e-01 +1.2542369148983770e+00 
+4.0393735736612904e+00 +8.3333333333333337e-01 +1.2574740378118694e+00 
+4.0448005414968584e+00 +1.6666666666666666e-01 +1.2595205198450443e+00 

+4.0448005414968584e+00 +1.6666666666666666e-01 +1.2595206762590991e+00 
+4.0502275093324265e+00 +8.3333333333333337e-01 +1.2616022960333737e+00 
+4.0590085277462276e+00 +8.3333333333333337e-01 +1.2650461740374324e+00 
+4.0644354955817947e+00 +1.6666666666666666e-01 +1.2672214215823905e+00 

+4.0644354955817947e+00 +1.6666666666666666e-01 +1.2672215581099076e+00 
+4.0698624634173628e+00 +8.3333333333333337e-01 +1.2694326842207044e+00 
+4.0786434818311630e+00 +8.3333333333333337e-01 +1.2730875115289193e+00 
+4.0840704496667311e+00 +1.6666666666666666e-01 +1.2753940004170994e+00 

+4.0840704496667311e+00 +1.6666666666666666e-01 +1.2753941158777018e+00 
+4.0894974175022991e+00 +8.3333333333333337e-01 +1.2777371344197195e+00 
+4.0982784359161002e+00 +8.3333333333333337e-01 +1.2816065718095042e+00 
+4.1037054037516674e+00 +1.6666666666666666e-01 +1.2840464409159396e+00 

+4.1037054037516674e+00 +1.6666666666666666e-01 +1.2840465342155682e+00 
+4.1091323715872354e+00 +8.3333333333333337e-01 +1.2865234888130144e+00 
+4.1179133900010356e+00 +8.3333333333333337e-01 +1.2906106319702086e+00 
+4.1233403578366037e+00 +1.6666666666666666e-01 +1.2931856641488286e+00 

+4.1233403578366037e+00 +1.6666666666666666e-01 +1.2931857342870774e+00 
+4.1287673256721709e+00 +8.3333333333333337e-01 +1.2957983074158170e+00 
+4.1375483440859719e+00 +8.3333333333333337e-01 +1.3001056575944114e+00 
+4.1429753119215400e+00 +1.6666666666666666e-01 +1.3028172620893101e+00 

+4.1429753119215400e+00 +1.6666666666666666e-01 +1.3028173081662489e+00 
+4.1484022797571072e+00 +8.3333333333333337e-01 +1.3055668039861636e+00 
+4.1571832981709083e+00 +8.3333333333333337e-01 +1.3100962411798394e+00 
+4.1626102660064763e+00 +1.6666666666666666e-01 +1.3129454376311236e+00 

+4.1626102660064763e+00 +1.6666666666666666e-01 +1.3129454588535676e+00 
+4.1680372338420435e+00 +8.3333333333333337e-01 +1.3158327876674314e+00 
+4.1768182522558446e+00 +8.3333333333333337e-01 +1.3205855464759246e+00 
+4.1822452200914118e+00 +1.6666666666666666e-01 +1.3235729506300187e+00 

+4.1822452200914118e+00 +1.6666666666666666e-01 +1.3235729463172019e+00 
+4.1876721879269798e+00 +8.3333333333333337e-01 +1.3265986107634660e+00 
+4.1964532063407800e+00 +8.3333333333333337e-01 +1.3315752591218779e+00 
+4.2018801741763481e+00 +1.6666666666666666e-01 +1.3347010703467248e+00 

+4.2018801741763481e+00 +1.6666666666666666e-01 +1.3347010399353516e+00 
+4.2073071420119152e+00 +8.3333333333333337e-01 +1.3378651230125842e+00 
+4.2160881604257163e+00 +8.3333333333333337e-01 +1.3430655439358437e+00 
+4.2215151282612844e+00 +1.6666666666666666e-01 +1.3463295346313717e+00 

+4.2215151282612844e+00 +1.6666666666666666e-01 +1.3463294776799895e+00 
+4.2269420960968525e+00 +8.3333333333333337e-01 +1.3496316326905222e+00 
+4.2357231145106526e+00 +8.3333333333333337e-01 +1.3550550091683009e+00 
+4.2411500823462207e+00 +1.6666666666666666e-01 +1.3584565161518769e+00 

+4.2411500823462207e+00 +1.6666666666666666e-01 +1.3584564323445754e+00 
+4.2465770501817879e+00 +8.3333333333333337e-01 +1.3618958748340335e+00 
+4.2553580685955890e+00 +8.3333333333333337e-01 +1.3675406779936463e+00 
+4.2607850364311570e+00 +1.6666666666666666e-01 +1.3710785959290750e+00 

+4.2607850364311570e+00 +1.6666666666666666e-01 +1.3710784850784594e+00 
+4.2662120042667251e+00 +8.3333333333333337e-01 +1.3746539868366281e+00 
+4.2749930226805262e+00 +8.3333333333333337e-01 +1.3805179674729127e+00 
+4.2804199905160933e+00 +1.6666666666666666e-01 +1.3841907443999339e+00 

+4.2804199905160933e+00 +1.6666666666666666e-01 +1.3841906064493661e+00 
+4.2858469583516605e+00 +8.3333333333333337e-01 +1.3879004916260747e+00 
+4.2946279767654616e+00 +8.3333333333333337e-01 +1.3939806751780726e+00 
+4.3000549446010297e+00 +1.6666666666666666e-01 +1.3977863101873091e+00 

+4.3000549446010297e+00 +1.6666666666666666e-01 +1.3977861452123976e+00 
+4.3054819124365977e+00 +8.3333333333333337e-01 +1.4016282885900302e+00 
+4.3142629308503970e+00 +8.3333333333333337e-01 +1.4079209736245604e+00 
+4.3196898986859651e+00 +1.6666666666666666e-01 +1.4118570167106048e+00 

+4.3196898986859651e+00 +1.6666666666666666e-01 +1.4118568249199361e+00 
+4.3251168665215332e+00 +8.3333333333333337e-01 +1.4158286523718191e+00 
+4.3338978849353342e+00 +8.3333333333333337e-01 +1.4223294126139179e+00 
+4.3393248527709014e+00 +1.6666666666666666e-01 +1.4263929667266972e+00 

+4.3393248527709014e+00 +1.6666666666666666e-01 +1.4263927484617926e+00 
+4.3447518206064686e+00 +8.3333333333333337e-01 +1.4304912396131375e+00 
+4.3535328390202697e+00 +8.3333333333333337e-01 +1.4371949295428901e+00 
+4.3589598068558377e+00 +1.6666666666666666e-01 +1.4413826548447999e+00 

+4.3589598068558377e+00 +1.6666666666666666e-01 +1.4413824105793076e+00 
+4.3643867746914058e+00 +8.3333333333333337e-01 +1.4456041036746521e+00 
+4.3731677931052069e+00 +8.3333333333333337e-01 +1.4525048676893735e+00 
+4.3785947609407740e+00 +1.6666666666666666e-01 +1.4568129880129093e+00 

+4.3785947609407740e+00 +1.6666666666666666e-01 +1.4568127183510300e+00 
+4.3840217287763421e+00 +8.3333333333333337e-01 +1.4611537173193916e+00 
+4.3928027471901423e+00 +8.3333333333333337e-01 +1.4682450024394453e+00 
+4.3982297150257104e+00 +1.6666666666666666e-01 +1.4726693139273039e+00 

+4.3982297150257104e+00 +1.6666666666666666e-01 +1.4726690196014589e+00 
+4.4036566828612784e+00 +8.3333333333333337e-01 +1.4771250032976486e+00 
+4.4124377012750786e+00 +8.3333333333333337e-01 +1.4843995753736487e+00 
+4.4178646691106467e+00 +1.6666666666666666e-01 +1.4889354572706188e+00 

+4.4178646691106467e+00 +1.6666666666666666e-01 +1.4889351391383618e+00 
+4.4232916369462139e+00 +8.3333333333333337e-01 +1.4935013727262825e+00 
+4.4320726553600149e+00 +8.3333333333333337e-01 +1.5009513360850615e+00 
+4.4374996231955830e+00 +1.6666666666666666e-01 +1.5055937636384744e+00 

+4.4374996231955830e+00 +1.6666666666666666e-01 +1.5055934226786840e+00 
+4.4429265910311511e+00 +8.3333333333333337e-01 +1.5102647711099464e+00 
+4.4517076094449513e+00 +8.3333333333333337e-01 +1.5178815915566366e+00 
+4.4571345772805193e+00 +1.6666666666666666e-01 +1.5226251509698947e+00 

+4.4571345772805193e+00 +1.6666666666666666e-01 +1.5226247882782571e+00 
+4.4625615451160865e+00 +8.3333333333333337e-01 +1.5273957318072380e+00 
+4.4713425635298876e+00 +8.3333333333333337e-01 +1.5351702628812565e+00 
+4.4767695313654556e+00 +1.6666666666666666e-01 +1.5400091682529464e+00 

+4.4767695313654556e+00 +1.6666666666666666e-01 +1.5400087850367437e+00 
+4.4821964992010228e+00 +8.3333333333333337e-01 +1.5448734367013495e+00 
+4.4909775176148230e+00 +8.3333333333333337e-01 +1.5527959490650414e+00 
+4.4964044854503911e+00 +1.6666666666666666e-01 +1.5577240612345420e+00 

+4.4964044854503911e+00 +1.6666666666666666e-01 +1.5577236588068060e+00 
+4.5018314532859582e+00 +8.3333333333333337e-01 +1.5626757837926470e+00 
+4.5106124716997593e+00 +8.3333333333333337e-01 +1.5707359976130451e+00 
+4.5160394395353274e+00 +1.6666666666666666e-01 +1.5757468448223990e+00 

+4.5160394395353274e+00 +1.6666666666666666e-01 +1.5757464245954247e+00 
+4.5214664073708946e+00 +8.3333333333333337e-01 +1.5807794613901611e+00 
+4.5302474257846956e+00 +8.3333333333333337e-01 +1.5889665815567653e+00 
+4.5356743936202637e+00 +1.6666666666666666e-01 +1.5940533818279103e+00 

+4.5356743936202637e+00 +1.6666666666666666e-01 +1.5940529453062029e+00 
+4.5411013614558318e+00 +8.3333333333333337e-01 +1.5991600285402598e+00 
+4.5498823798696328e+00 +8.3333333333333337e-01 +1.6074627825451415e+00 
+4.5553093477052000e+00 +1.6666666666666666e-01 +1.6126184676615767e+00 

+4.5553093477052000e+00 +1.6666666666666666e-01 +1.6126180164342467e+00 
+4.5607363155407672e+00 +8.3333333333333337e-01 +1.6177920012942533e+00 
+4.5695173339545683e+00 +8.3333333333333337e-01 +1.6261986795851495e+00 
+4.5749443017901363e+00 +1.6666666666666666e-01 +1.6314159205576622e+00 

+4.5749443017901363e+00 +1.6666666666666666e-01 +1.6314154562903329e+00 
+4.5803712696257044e+00 +8.3333333333333337e-01 +1.6366489443823820e+00 
+4.5891522880395055e+00 +8.3333333333333337e-01 +1.6451474429849302e+00 
+4.5945792558750727e+00 +1.6666666666666666e-01 +1.6504186768723177e+00 

+4.5945792558750727e+00 +1.6666666666666666e-01 +1.6504182012985709e+00 
+4.6000062237106407e+00 +8.3333333333333337e-01 +1.6557035678298964e+00 
+4.6087872421244409e+00 +8.3333333333333337e-01 +1.6642814330218298e+00 
+4.6142142099600090e+00 +1.6666666666666666e-01 +1.6695988909695649e+00 

+4.6142142099600090e+00 +1.6666666666666666e-01 +1.6695984058819977e+00 
+4.6196411777955770e+00 +8.3333333333333337e-01 +1.6749278280218887e+00 
+4.6284221962093772e+00 +8.3333333333333337e-01 +1.6835723028299374e+00 
+4.6338491640449444e+00 +1.6666666666666666e-01 +1.6889280391825803e+00 

+4.6338491640449444e+00 +1.6666666666666666e-01 +1.6889275464235103e+00 
+4.6392761318805125e+00 +8.3333333333333337e-01 +1.6942930326973833e+00 
+4.6480571502943135e+00 +8.3333333333333337e-01 +1.7029911049769153e+00 
+4.6534841181298807e+00 +1.6666666666666666e-01 +1.7083770273137497e+00 

+4.6534841181298807e+00 +1.6666666666666666e-01 +1.7083765287656236e+00 
+4.6589110859654479e+00 +8.3333333333333337e-01 +1.7137699493300584e+00 
+4.6676921043792490e+00 +8.3333333333333337e-01 +1.7225084011781606e+00 
+4.6731190722148170e+00 +1.6666666666666666e-01 +1.7279163011160881e+00 

+4.6731190722148170e+00 +1.6666666666666666e-01 +1.7279157986916616e+00 
+4.6785460400503851e+00 +8.3333333333333337e-01 +1.7333289163330374e+00 
+4.6873270584641862e+00 +8.3333333333333337e-01 +1.7420943745779158e+00 
+4.6927540262997534e+00 +1.6666666666666666e-01 +1.7475159591811456e+00 

+4.6927540262997534e+00 +1.6666666666666666e-01 +1.7475154548134768e+00 
+4.6981809941353214e+00 +8.3333333333333337e-01 +1.7529399565085817e+00 
+4.7069620125491225e+00 +8.3333333333333337e-01 +1.7617189440117844e+00 
+4.7123889803846897e+00 +1.6666666666666666e-01 +1.7671458676442591e+00 

+4.7123889803846897e+00 +1.6666666666666666e-01 +1.7671453632765888e+00 
+4.7178159482202577e+00 +8.3333333333333337e-01 +1.7725728921502666e+00 
+4.7265969666340579e+00 +8.3333333333333337e-01 +1.7813518796534684e+00 
+4.7320239344696260e+00 +1.6666666666666666e-01 +1.7867757761073715e+00 

+4.7320239344696260e+00 +1.6666666666666666e-01 +1.7867752736829450e+00 
+4.7374509023051932e+00 +8.3333333333333337e-01 +1.7921974611954861e+00 
+4.7462319207189942e+00 +8.3333333333333337e-01 +1.8009629194403645e+00 
+4.7516588885545623e+00 +1.6666666666666666e-01 +1.8063754341724285e+00 

+4.7516588885545623e+00 +1.6666666666666666e-01 +1.8063749356243015e+00 
+4.7570858563901304e+00 +8.3333333333333337e-01 +1.8117834338199812e+00 
+4.7658668748039306e+00 +8.3333333333333337e-01 +1.8205218856680829e+00 
+4.7712938426394986e+00 +1.6666666666666666e-01 +1.8259147079747673e+00 

+4.7712938426394986e+00 +1.6666666666666666e-01 +1.8259142152156964e+00 
+4.7767208104750658e+00 +8.3333333333333337e-01 +1.8313007288634153e+00 
+4.7855018288888669e+00 +8.3333333333333337e-01 +1.8399988011429469e+00 
+4.7909287967244349e+00 +1.6666666666666666e-01 +1.8453636961059359e+00 

+4.7909287967244349e+00 +1.6666666666666666e-01 +1.8453632110183698e+00 
+4.7963557645600021e+00 +8.3333333333333337e-01 +1.8507195294760923e+00 
+4.8051367829738023e+00 +8.3333333333333337e-01 +1.8593640042841415e+00 
+4.8105637508093704e+00 +1.6666666666666666e-01 +1.8646928443189528e+00 

+4.8105637508093704e+00 +1.6666666666666666e-01 +1.8646923687452064e+00 
+4.8159907186449376e+00 +8.3333333333333337e-01 +1.8700103973814362e+00 
+4.8247717370587386e+00 +8.3333333333333337e-01 +1.8785882625733701e+00 
+4.8301987048943067e+00 +1.6666666666666666e-01 +1.8838730584161991e+00 

+4.8301987048943067e+00 +1.6666666666666666e-01 +1.8838725941488699e+00 
+4.8356256727298739e+00 +8.3333333333333337e-01 +1.8891443851570520e+00 
+4.8444066911436749e+00 +8.3333333333333337e-01 +1.8976428837596004e+00 
+4.8498336589792430e+00 +1.6666666666666666e-01 +1.9028758147308547e+00 

+4.8498336589792430e+00 +1.6666666666666666e-01 +1.9028753635035249e+00 
+4.8552606268148111e+00 +8.3333333333333337e-01 +1.9080931459488326e+00 
+4.8640416452286122e+00 +8.3333333333333337e-01 +1.9164998242397289e+00 
+4.8694686130641793e+00 +1.6666666666666666e-01 +1.9216732676269404e+00 

+4.8694686130641793e+00 +1.6666666666666666e-01 +1.9216728311052318e+00 
+4.8748955808997465e+00 +8.3333333333333337e-01 +1.9268290400477166e+00 
+4.8836765993135476e+00 +8.3333333333333337e-01 +1.9351317940525983e+00 
+4.8891035671491156e+00 +1.6666666666666666e-01 +1.9402383534606060e+00 

+4.8891035671491156e+00 +1.6666666666666666e-01 +1.9402379332336317e+00 
+4.8945305349846837e+00 +8.3333333333333337e-01 +1.9453252377771464e+00 
+4.9033115533984848e+00 +8.3333333333333337e-01 +1.9535123579437503e+00 
+4.9087385212340520e+00 +1.6666666666666666e-01 +1.9585448904661173e+00 

+4.9087385212340520e+00 +1.6666666666666666e-01 +1.9585444880383807e+00 
+4.9141654890696200e+00 +8.3333333333333337e-01 +1.9635558181610189e+00 
+4.9229465074834211e+00 +8.3333333333333337e-01 +1.9716160319814171e+00 
+4.9283734753189883e+00 +1.6666666666666666e-01 +1.9765676740539737e+00 

+4.9283734753189883e+00 +1.6666666666666666e-01 +1.9765672908377707e+00 
+4.9338004431545563e+00 +8.3333333333333337e-01 +1.9814958628667154e+00 
+4.9425814615683565e+00 +8.3333333333333337e-01 +1.9894183752304075e+00 
+4.9480084294039237e+00 +1.6666666666666666e-01 +1.9942825670355695e+00 

+4.9480084294039237e+00 +1.6666666666666666e-01 +1.9942822043439314e+00 
+4.9534353972394918e+00 +8.3333333333333337e-01 +1.9991215449455875e+00 
+4.9622164156532929e+00 +8.3333333333333337e-01 +2.0068960760196060e+00 
+4.9676433834888600e+00 +1.6666666666666666e-01 +2.0116665843186214e+00 

+4.9676433834888600e+00 +1.6666666666666666e-01 +2.0116662433588308e+00 
+4.9730703513244281e+00 +8.3333333333333337e-01 +2.0164102119238381e+00 
+4.9818513697382283e+00 +8.3333333333333337e-01 +2.0240270323705278e+00 
+4.9872783375737963e+00 +1.6666666666666666e-01 +2.0286979716500415e+00 

+4.9872783375737963e+00 +1.6666666666666666e-01 +2.0286976535177850e+00 
+4.9927053054093644e+00 +8.3333333333333337e-01 +2.0333404628299059e+00 
+5.0014863238231655e+00 +8.3333333333333337e-01 +2.0407904261886847e+00 
+5.0069132916587327e+00 +1.6666666666666666e-01 +2.0453562780178975e+00 

+5.0069132916587327e+00 +1.6666666666666666e-01 +2.0453559836920507e+00 
+5.0123402594943007e+00 +8.3333333333333337e-01 +2.0498922187800361e+00 
+5.0211212779081009e+00 +8.3333333333333337e-01 +2.0571667908560367e+00 
+5.0265482457436690e+00 +1.6666666666666666e-01 +2.0616224213612120e+00 

+5.0265482457436690e+00 +1.6666666666666666e-01 +2.0616221516993343e+00 
+5.0319752135792362e+00 +8.3333333333333337e-01 +2.0660467867814467e+00 
+5.0407562319930372e+00 +8.3333333333333337e-01 +2.0731380719015005e+00 
+5.0461831998286053e+00 +1.6666666666666666e-01 +2.0774787472756073e+00 

+5.0461831998286053e+00 +1.6666666666666666e-01 +2.0774785030101151e+00 
+5.0516101676641725e+00 +8.3333333333333337e-01 +2.0817869164522409e+00 
+5.0603911860779736e+00 +8.3333333333333337e-01 +2.0886876804669625e+00 
+5.0658181539135416e+00 +1.6666666666666666e-01 +2.0929090804437167e+00 

+5.0658181539135416e+00 +1.6666666666666666e-01 +2.0929088621788114e+00 
+5.0712451217491097e+00 +8.3333333333333337e-01 +2.0970968493986066e+00 
+5.0800261401629108e+00 +8.3333333333333337e-01 +2.1038005393283594e+00 
+5.0854531079984779e+00 +1.6666666666666666e-01 +2.1078987685618191e+00 

+5.0854531079984779e+00 +1.6666666666666666e-01 +2.1078985767711496e+00 
+5.0908800758340451e+00 +8.3333333333333337e-01 +2.1119623610327318e+00 
+5.0996610942478462e+00 +8.3333333333333337e-01 +2.1184631212748308e+00 
+5.1050880620834143e+00 +1.6666666666666666e-01 +2.1224347185779111e+00 

+5.1050880620834143e+00 +1.6666666666666666e-01 +2.1224345536029996e+00 
+5.1105150299189814e+00 +8.3333333333333337e-01 +2.1263707946589379e+00 
+5.1192960483327816e+00 +8.3333333333333337e-01 +2.1326634796934685e+00 
+5.1247230161683497e+00 +1.6666666666666666e-01 +2.1365054251012068e+00 

+5.1247230161683497e+00 +1.6666666666666666e-01 +2.1365052871506380e+00 
+5.1301499840039178e+00 +8.3333333333333337e-01 +2.1403110877005580e+00 
+5.1389310024177179e+00 +8.3333333333333337e-01 +2.1463912712525555e+00 
+5.1443579702532860e+00 +1.6666666666666666e-01 +2.1501009908885820e+00 

+5.1443579702532860e+00 +1.6666666666666666e-01 +2.1501008800379666e+00 
+5.1497849380888532e+00 +8.3333333333333337e-01 +2.1537737899857268e+00 
+5.1585659565026543e+00 +8.3333333333333337e-01 +2.1596377706220111e+00 
+5.1639929243382223e+00 +1.6666666666666666e-01 +2.1632131393594416e+00 

+5.1639929243382223e+00 +1.6666666666666666e-01 +2.1632130555521401e+00 
+5.1694198921737904e+00 +8.3333333333333337e-01 +2.1667510740563309e+00 
+5.1782009105875915e+00 +8.3333333333333337e-01 +2.1723958772159433e+00 
+5.1836278784231586e+00 +1.6666666666666666e-01 +2.1758352191366392e+00 

+5.1836278784231586e+00 +1.6666666666666666e-01 +2.1758351621852574e+00 
+5.1890548462587258e+00 +8.3333333333333337e-01 +2.1792367375104909e+00 
+5.1978358646725269e+00 +8.3333333333333337e-01 +2.1846601139882695e+00 
+5.2032628325080950e+00 +1.6666666666666666e-01 +2.1879622006571440e+00 

+5.2032628325080950e+00 +1.6666666666666666e-01 +2.1879621702457710e+00 
+5.2086898003436630e+00 +8.3333333333333337e-01 +2.1912261974349470e+00 
+5.2174708187574641e+00 +8.3333333333333337e-01 +2.1964266183582066e+00 
+5.2228977865930313e+00 +1.6666666666666666e-01 +2.1995906649417911e+00 

+5.2228977865930313e+00 +1.6666666666666666e-01 +2.1995906606289743e+00 
+5.2283247544285993e+00 +8.3333333333333337e-01 +2.2027164770292016e+00 
+5.2371057728423995e+00 +8.3333333333333337e-01 +2.2076931253876131e+00 
+5.2425327406779676e+00 +1.6666666666666666e-01 +2.2107187846584972e+00 

+5.2425327406779676e+00 +1.6666666666666666e-01 +2.2107188058809415e+00 
+5.2479597085135348e+00 +8.3333333333333337e-01 +2.2137061845681023e+00 
+5.2567407269273358e+00 +8.3333333333333337e-01 +2.2184589433765955e+00 
+5.2621676947629030e+00 +1.6666666666666666e-01 +2.2213462976573926e+00 

+5.2621676947629030e+00 +1.6666666666666666e-01 +2.2213463437343326e+00 
+5.2675946625984711e+00 +8.3333333333333337e-01 +2.2241954848932886e+00 
+5.2763756810122722e+00 +8.3333333333333337e-01 +2.2287249220869647e+00 
+5.2818026488478393e+00 +1.6666666666666666e-01 +2.2314744731992078e+00 

+5.2818026488478393e+00 +1.6666666666666666e-01 +2.2314745433374554e+00 
+5.2872296166834074e+00 +8.3333333333333337e-01 +2.2341860636664554e+00 
+5.2960106350972076e+00 +8.3333333333333337e-01 +2.2384934138450499e+00 
+5.3014376029327757e+00 +1.6666666666666666e-01 +2.2411060711396882e+00 

+5.3014376029327757e+00 +1.6666666666666666e-01 +2.2411061644393158e+00 
+5.3068645707683437e+00 +8.3333333333333337e-01 +2.2436810846583817e+00 
+5.3156455891821439e+00 +8.3333333333333337e-01 +2.2477682278155764e+00 
+5.3210725570177120e+00 +1.6666666666666666e-01 +2.2502452943725766e+00 

+5.3210725570177120e+00 +1.6666666666666666e-01 +2.2502454098331799e+00 
+5.3264995248532792e+00 +8.3333333333333337e-01 +2.2526851403868910e+00 
+5.3352805432670802e+00 +8.3333333333333337e-01 +2.2565545777766753e+00 
+5.3407075111026483e+00 +1.6666666666666666e-01 +2.2588977348714177e+00 

+5.3407075111026483e+00 +1.6666666666666666e-01 +2.2588978713989332e+00 
+5.3461344789382164e+00 +8.3333333333333337e-01 +2.2612041964540932e+00 
+5.3549154973520166e+00 +8.3333333333333337e-01 +2.2648590237623081e+00 
+5.3603424651875846e+00 +1.6666666666666666e-01 +2.2670703137061259e+00 

+5.3603424651875846e+00 +1.6666666666666666e-01 +2.2670704701201800e+00 
+5.3657694330231518e+00 +8.3333333333333337e-01 +2.2692455299682726e+00 
+5.3745504514369529e+00 +8.3333333333333337e-01 +2.2726894079723317e+00 
+5.3799774192725209e+00 +1.6666666666666666e-01 +2.2747712154434718e+00 

+5.3799774192725209e+00 +1.6666666666666666e-01 +2.2747713904851690e+00 
+5.3854043871080890e+00 +8.3333333333333337e-01 +2.2768176624683076e+00 
+5.3941854055218901e+00 +8.3333333333333337e-01 +2.2800547853817998e+00 
+5.3996123733574573e+00 +1.6666666666666666e-01 +2.2820098173712600e+00 

+5.3996123733574573e+00 +1.6666666666666666e-01 +2.2820100097113998e+00 
+5.4050393411930244e+00 +8.3333333333333337e-01 +2.2839302877983987e+00 
+5.4138203596068255e+00 +8.3333333333333337e-01 +2.2869653495097539e+00 
+5.4192473274423936e+00 +1.6666666666666666e-01 +2.2887966140138967e+00 

+5.4192473274423936e+00 +1.6666666666666666e-01 +2.2887968222615585e+00 
+5.4246742952779616e+00 +8.3333333333333337e-01 +2.2905941954080067e+00 
+5.4334553136917609e+00 +8.3333333333333337e-01 +2.2934323538335439e+00 
+5.4388822815273290e+00 +1.6666666666666666e-01 +2.2951431374319751e+00 

+5.4388822815273290e+00 +1.6666666666666666e-01 +2.2951433601434088e+00 
+5.4443092493628971e+00 +8.3333333333333337e-01 +2.2968211895759585e+00 
+5.4530902677766981e+00 +8.3333333333333337e-01 +2.2994680293574556e+00 
+5.4585172356122653e+00 +1.6666666666666666e-01 +2.3010618738203865e+00 

+5.4585172356122653e+00 +1.6666666666666666e-01 +2.3010621095081567e+00 
+5.4639442034478325e+00 +8.3333333333333337e-01 +2.3026240050787559e+00 
+5.4727252218616336e+00 +8.3333333333333337e-01 +2.3050854988639862e+00 
+5.4781521896972016e+00 +1.6666666666666666e-01 +2.3065661769381252e+00 

+5.4781521896972016e+00 +1.6666666666666666e-01 +2.3065664240804606e+00 
+5.4835791575327697e+00 +8.3333333333333337e-01 +2.3080162198407925e+00 
+5.4923601759465708e+00 +8.3333333333333337e-01 +2.3102986883923737e+00 
+5.4977871437821380e+00 +1.6666666666666666e-01 +2.3116701789183010e+00 

+5.4977871437821380e+00 +1.6666666666666666e-01 +2.3116704359685820e+00 
+5.5032141116177060e+00 +8.3333333333333337e-01 +2.3130121651186739e+00 
+5.5119951300315062e+00 +8.3333333333333337e-01 +2.3151222365018933e+00 
+5.5174220978670743e+00 +1.6666666666666666e-01 +2.3163886990188387e+00 

+5.5174220978670743e+00 +1.6666666666666666e-01 +2.3163889644151681e+00 
+5.5228490657026423e+00 +8.3333333333333337e-01 +2.3176268337827852e+00 
+5.5316300841164425e+00 +8.3333333333333337e-01 +2.3195714018868689e+00 
+5.5370570519520106e+00 +1.6666666666666666e-01 +2.3207371508827777e+00 

+5.5370570519520106e+00 +1.6666666666666666e-01 +2.3207374230575812e+00 
+5.5424840197875778e+00 +8.3333333333333337e-01 +2.3218757872667579e+00 
+5.5512650382013797e+00 +8.3333333333333337e-01 +2.3236619699162562e+00 
+5.5566920060369469e+00 +1.6666666666666666e-01 +2.3247314488820896e+00 

+5.5566920060369469e+00 +1.6666666666666666e-01 +2.3247317262716587e+00 
+5.5621189738725150e+00 +8.3333333333333337e-01 +2.3257750617594777e+00 
+5.5708999922863143e+00 +8.3333333333333337e-01 +2.3274101586730795e+00 
+5.5763269601218823e+00 +1.6666666666666666e-01 +2.3283879141202739e+00 

+5.5763269601218823e+00 +1.6666666666666666e-01 +2.3283881951742482e+00 
+5.5817539279574495e+00 +8.3333333333333337e-01 +2.3293410742147058e+00 
+5.5905349463712515e+00 +8.3333333333333337e-01 +2.3308325250678399e+00 
+5.5959619142068187e+00 +1.6666666666666666e-01 +2.3317231806669558e+00 

+5.5959619142068187e+00 +1.6666666666666666e-01 +2.3317234638576232e+00 
+5.6013888820423867e+00 +8.3333333333333337e-01 +2.3325905287502615e+00 
+5.6101699004561869e+00 +8.3333333333333337e-01 +2.3339458715953092e+00 
+5.6155968682917550e+00 +1.6666666666666666e-01 +2.3347541025919676e+00 

+5.6155968682917550e+00 +1.6666666666666666e-01 +2.3347543864233700e+00 
+5.6210238361273221e+00 +8.3333333333333337e-01 +2.3355403240021140e+00 
+5.6298048545411241e+00 +8.3333333333333337e-01 +2.3367671542959751e+00 
+5.6352318223766913e+00 +1.6666666666666666e-01 +2.3374976623572987e+00 

+5.6352318223766913e+00 +1.6666666666666666e-01 +2.3374979453740745e+00 
+5.6406587902122594e+00 +8.3333333333333337e-01 +2.3382074619886275e+00 
+5.6494398086260595e+00 +8.3333333333333337e-01 +2.3393133924717660e+00 
+5.6548667764616276e+00 +1.6666666666666666e-01 +2.3399708811127611e+00 

+5.6548667764616276e+00 +1.6666666666666666e-01 +2.3399711619086552e+00 
+5.6602937442971957e+00 +8.3333333333333337e-01 +2.3406089590267229e+00 
+5.6690747627109968e+00 +8.3333333333333337e-01 +2.3416015806907082e+00 
+5.6745017305465639e+00 +1.6666666666666666e-01 +2.3421907314252661e+00 

+5.6745017305465639e+00 +1.6666666666666666e-01 +2.3421910086512874e+00 
+5.6799286983821320e+00 +8.3333333333333337e-01 +2.3427617592249121e+00 
+5.6887097167959322e+00 +8.3333333333333337e-01 +2.3436486035969186e+00 
+5.6941366846315002e+00 +1.6666666666666666e-01 +2.3441740529525577e+00 

+5.6941366846315002e+00 +1.6666666666666666e-01 +2.3441743253246954e+00 
+5.6995636524670683e+00 +8.3333333333333337e-01 +2.3446826510581853e+00 
+5.7083446708808685e+00 +8.3333333333333337e-01 +2.3454711540209670e+00 
+5.7137716387164366e+00 +1.6666666666666666e-01 +2.3459374715499357e+00 

+5.7137716387164366e+00 +1.6666666666666666e-01 +2.3459377378564317e+00 
+5.7191986065520037e+00 +8.3333333333333337e-01 +2.3463881875066313e+00 
+5.7279796249658048e+00 +8.3333333333333337e-01 +2.3470856548612264e+00 
+5.7334065928013729e+00 +1.6666666666666666e-01 +2.3474973222733930e+00 

+5.7334065928013729e+00 +1.6666666666666666e-01 +2.3474975813814831e+00 
+5.7388335606369409e+00 +8.3333333333333337e-01 +2.3478946102137233e+00 
+5.7476145790507411e+00 +8.3333333333333337e-01 +2.3485081851796128e+00 
+5.7530415468863083e+00 +1.6666666666666666e-01 +2.3488695767145034e+00 

+5.7530415468863083e+00 +1.6666666666666666e-01 +2.3488698275766224e+00 
+5.7584685147218764e+00 +8.3333333333333337e-01 +2.3492177780914227e+00 
+5.7672495331356775e+00 +8.3333333333333337e-01 +2.3497544109251782e+00 
+5.7726765009712446e+00 +1.6666666666666666e-01 +2.3500697750718573e+00 

+5.7726765009712446e+00 +1.6666666666666666e-01 +2.3500700167312427e+00 
+5.7781034688068118e+00 +8.3333333333333337e-01 +2.3503731007679747e+00 
+5.7868844872206129e+00 +8.3333333333333337e-01 +2.3508395206666464e+00 
+5.7923114550561809e+00 +1.6666666666666666e-01 +2.3511129633307304e+00 

+5.7923114550561809e+00 +1.6666666666666666e-01 +2.3511131949264223e+00 
+5.7977384228917481e+00 +8.3333333333333337e-01 +2.3513754772405631e+00 
+5.8065194413055501e+00 +8.3333333333333337e-01 +2.3517781666802740e+00 
+5.8119464091411173e+00 +1.6666666666666666e-01 +2.3520136358874364e+00 

+5.8119464091411173e+00 +1.6666666666666666e-01 +2.3520138566586031e+00 
+5.8173733769766853e+00 +8.3333333333333337e-01 +2.3522392400591436e+00 
+5.8261543953904855e+00 +8.3333333333333337e-01 +2.3525844117027144e+00 
+5.8315813632260536e+00 +1.6666666666666666e-01 +2.3527856839175332e+00 

+5.8315813632260536e+00 +1.6666666666666666e-01 +2.3527858932071415e+00 
+5.8370083310616208e+00 +8.3333333333333337e-01 +2.3529781053300232e+00 
+5.8457893494754227e+00 +8.3333333333333337e-01 +2.3532716816199652e+00 
+5.8512163173109899e+00 +1.6666666666666666e-01 +2.3534423497480348e+00 

+5.8512163173109899e+00 +1.6666666666666666e-01 +2.3534425470058142e+00 
+5.8566432851465580e+00 +8.3333333333333337e-01 +2.3536051287882573e+00 
+5.8654243035603582e+00 +8.3333333333333337e-01 +2.3538527243233638e+00 
+5.8708512713959262e+00 +1.6666666666666666e-01 +2.3539961874532382e+00 

+5.8708512713959262e+00 +1.6666666666666666e-01 +2.3539963722379311e+00 
+5.8762782392314934e+00 +8.3333333333333337e-01 +2.3541326681470376e+00 
+5.8850592576452945e+00 +8.3333333333333337e-01 +2.3543395749220957e+00 
+5.8904862254808616e+00 +1.6666666666666666e-01 +2.3544590298519661e+00 

+5.8904862254808616e+00 +1.6666666666666666e-01 +2.3544592018328525e+00 
+5.8959131933164297e+00 +8.3333333333333337e-01 +2.3545723518901451e+00 
+5.9046942117302299e+00 +8.3333333333333337e-01 +2.3547435274591586e+00 
+5.9101211795657980e+00 +1.6666666666666666e-01 +2.3548419620412537e+00 

+5.9101211795657980e+00 +1.6666666666666666e-01 +2.3548421209989470e+00 
+5.9155481474013651e+00 +8.3333333333333337e-01 +2.3549350546304950e+00 
+5.9243291658151671e+00 +8.3333333333333337e-01 +2.3550751132343395e+00 
+5.9297561336507343e+00 +1.6666666666666666e-01 +2.3551553015579780e+00 

+5.9297561336507343e+00 +1.6666666666666666e-01 +2.3551554473844774e+00 
+5.9351831014863023e+00 +8.3333333333333337e-01 +2.3552308791141847e+00 
+5.9439641199001025e+00 +8.3333333333333337e-01 +2.3553440857939378e+00 
+5.9493910877356706e+00 +1.6666666666666666e-01 +2.3554085852159123e+00 

+5.9493910877356706e+00 +1.6666666666666666e-01 +2.3554087179139249e+00 
+5.9548180555712378e+00 +8.3333333333333337e-01 +2.3554691449053067e+00 
+5.9635990739850397e+00 +8.3333333333333337e-01 +2.3555594126027710e+00 
+5.9690260418206069e+00 +1.6666666666666666e-01 +2.3556105626216275e+00 

+5.9690260418206069e+00 +1.6666666666666666e-01 +2.3556106823031628e+00 
+5.9744530096561750e+00 +8.3333333333333337e-01 +2.3556583837427589e+00 
+5.9832340280699761e+00 +8.3333333333333337e-01 +2.3557292733699700e+00 
+5.9886609959055432e+00 +1.6666666666666666e-01 +2.3557691963285068e+00 

+5.9886609959055432e+00 +1.6666666666666666e-01 +2.3557693032127505e+00 
+5.9940879637411104e+00 +8.3333333333333337e-01 +2.3558063415161845e+00 
+6.0028689821549115e+00 +8.3333333333333337e-01 +2.3558610649561764e+00 
+6.0082959499904796e+00 +1.6666666666666666e-01 +2.3558916685445350e+00 

+6.0082959499904796e+00 +1.6666666666666666e-01 +2.3558917629550225e+00 
+6.0137229178260467e+00 +8.3333333333333337e-01 +2.3559199867647496e+00 
+6.0225039362398487e+00 +8.3333333333333337e-01 +2.3559614127465935e+00 
+6.0279309040754159e+00 +1.6666666666666666e-01 +2.3559843942664598e+00 

+6.0279309040754159e+00 +1.6666666666666666e-01 +2.3559844766275631e+00 
+6.0333578719109839e+00 +8.3333333333333337e-01 +2.3560055255595893e+00 
+6.0421388903247841e+00 +8.3333333333333337e-01 +2.3560361883318901e+00 
+6.0475658581603522e+00 +1.6666666666666666e-01 +2.3560530406708060e+00 

+6.0475658581603522e+00 +1.6666666666666666e-01 +2.3560531115035737e+00 
+6.0529928259959194e+00 +8.3333333333333337e-01 +2.3560684225889910e+00 
+6.0617738444097204e+00 +8.3333333333333337e-01 +2.3560905332977296e+00 
+6.0672008122452876e+00 +1.6666666666666666e-01 +2.3561025525513442e+00 

+6.0672008122452876e+00 +1.6666666666666666e-01 +2.3561026124686935e+00 
+6.0726277800808557e+00 +8.3333333333333337e-01 +2.3561134282248006e+00 
+6.0814087984946559e+00 +8.3333333333333337e-01 +2.3561288888837280e+00 
+6.0868357663302239e+00 +1.6666666666666666e-01 +2.3561371835530327e+00 

+6.0868357663302239e+00 +1.6666666666666666e-01 +2.3561372332543584e+00 
+6.0922627341657911e+00 +8.3333333333333337e-01 +2.3561446113094933e+00 
+6.1010437525795922e+00 +8.3333333333333337e-01 +2.3561550312343895e+00 
+6.1064707204151603e+00 +1.6666666666666666e-01 +2.3561605329147461e+00 

+6.1064707204151603e+00 +1.6666666666666666e-01 +2.3561605731799569e+00 
+6.1118976882507283e+00 +8.3333333333333337e-01 +2.3561653973660546e+00 
+6.1206787066645285e+00 +8.3333333333333337e-01 +2.3561721119281049e+00 
+6.1261056745000966e+00 +1.6666666666666666e-01 +2.3561755873971411e+00 

+6.1261056745000966e+00 +1.6666666666666666e-01 +2.3561756190801781e+00 
+6.1315326423356638e+00 +8.3333333333333337e-01 +2.3561786118975001e+00 
+6.1403136607494657e+00 +8.3333333333333337e-01 +2.3561827034359539e+00 
+6.1457406285850329e+00 +1.6666666666666666e-01 +2.3561847680382928e+00 

+6.1457406285850329e+00 +1.6666666666666666e-01 +2.3561847920601635e+00 
+6.1511675964206010e+00 +8.3333333333333337e-01 +2.3561865284097339e+00 
+6.1599486148344011e+00 +8.3333333333333337e-01 +2.3561888491299694e+00 
+6.1653755826699692e+00 +1.6666666666666666e-01 +2.3561899813483671e+00 

+6.1653755826699692e+00 +1.6666666666666666e-01 +2.3561899986897510e+00 
+6.1708025505055364e+00 +8.3333333333333337e-01 +2.3561909207607812e+00 
+6.1795835689193384e+00 +8.3333333333333337e-01 +2.3561921174310116e+00 
+6.1850105367549055e+00 +1.6666666666666666e-01 +2.3561926745257322e+00 

+6.1850105367549055e+00 +1.6666666666666666e-01 +2.3561926862191847e+00 
+6.1904375045904736e+00 +8.3333333333333337e-01 +2.3561931194113011e+00 
+6.1992185230042729e+00 +8.3333333333333337e-01 +2.3561936596594673e+00 
+6.2046454908398410e+00 +1.6666666666666666e-01 +2.3561938942508096e+00 

+6.2046454908398410e+00 +1.6666666666666666e-01 +2.3561939013726474e+00 
+6.2100724586754081e+00 +8.3333333333333337e-01 +2.3561940711259717e+00 
+6.2188534770892101e+00 +8.3333333333333337e-01 +2.3561942711280088e+00 
+6.2242804449247773e+00 +1.6666666666666666e-01 +2.3561943485907970e+00 

+6.2242804449247773e+00 +1.6666666666666666e-01 +2.3561943522526869e+00 
+6.2297074127603453e+00 +8.3333333333333337e-01 +2.3561944016529872e+00 
+6.2384884311741455e+00 +8.3333333333333337e-01 +2.3561944549946019e+00 
+6.2439153990097136e+00 +1.6666666666666666e-01 +2.3561944715281626e+00 

+6.2439153990097136e+00 +1.6666666666666666e-01 +2.3561944728684887e+00 
+6.2493423668452817e+00 +8.3333333333333337e-01 +2.3561944808895605e+00 
+6.2581233852590827e+00 +8.3333333333333337e-01 +2.3561944883760848e+00 
+6.2635503530946499e+00 +1.6666666666666666e-01 +2.3561944896088649e+00 

+6.2635503530946499e+00 +1.6666666666666666e-01 +2.3561944897839187e+00 
+6.2689773209302180e+00 +8.3333333333333337e-01 +2.3561944900252372e+00 
+6.2777583393440182e+00 +8.3333333333333337e-01 +2.3561944902079586e+00 
+6.2831853071795862e+00 +1.6666666666666666e-01 +2.3561944901924958e+00 


