+0.0000000000000000e+00 +1.6666666666666666e-01 +5.5965423109399840e-09 
+1.0853935671135300e-02 +8.3333333333333337e-01 -1.6144200868208515e-09 
+2.8415972498737112e-02 +8.3333333333333337e-01 +4.2296152431986309e-09 
+3.9269908169872414e-02 +1.6666666666666666e-01 +1.8664202571773966e-08 

+3.9269908169872414e-02 +1.6666666666666666e-01 +6.1348461007801603e-08 
+5.0123843841007709e-02 +8.3333333333333337e-01 +4.9551034763993770e-08 
+6.7685880668609519e-02 +8.3333333333333337e-01 +2.8862829812365027e-07 
+7.8539816339744828e-02 +1.6666666666666666e-01 +5.9594147375461368e-07 

+7.8539816339744828e-02 +1.6666666666666666e-01 +7.1165843406352079e-07 
+8.9393752010880123e-02 +8.3333333333333337e-01 +1.1001048757685029e-06 
+1.0695578883848195e-01 +8.3333333333333337e-01 +2.7982578224109089e-06 
+1.1780972450961724e-01 +1.6666666666666666e-01 +4.5088438589475118e-06 

+1.1780972450961724e-01 +1.6666666666666666e-01 +4.7312825989282944e-06 
+1.2866366018075254e-01 +8.3333333333333337e-01 +6.9247327992401889e-06 
+1.4622569700835436e-01 +8.3333333333333337e-01 +1.3262425832090536e-05 
+1.5707963267948966e-01 +1.6666666666666666e-01 +1.8902795040908470e-05 

+1.5707963267948966e-01 +1.6666666666666666e-01 +1.9262333922039386e-05 
+1.6793356835062495e-01 +8.3333333333333337e-01 +2.6240072548698090e-05 
+1.8549560517822677e-01 +8.3333333333333337e-01 +4.3254003061483585e-05 
+1.9634954084936207e-01 +1.6666666666666666e-01 +5.7306639113085612e-05 

+1.9634954084936207e-01 +1.6666666666666666e-01 +5.7829376703108192e-05 
+2.0720347652049736e-01 +8.3333333333333337e-01 +7.4671056905427856e-05 
+2.2476551334809919e-01 +8.3333333333333337e-01 +1.1206712243111688e-04 
+2.3561944901923448e-01 +1.6666666666666666e-01 +1.4144952130958524e-04 

+2.3561944901923448e-01 +1.6666666666666666e-01 +1.4215641826086268e-04 
+2.4647338469036978e-01 +8.3333333333333337e-01 +1.7650251155398839e-04 
+2.6403542151797160e-01 +8.3333333333333337e-01 +2.4835418641969441e-04 
+2.7488935718910690e-01 +1.6666666666666666e-01 +3.0282164755779443e-04 

+2.7488935718910690e-01 +1.6666666666666666e-01 +3.0372780189980524e-04 
+2.8574329286024219e-01 +8.3333333333333337e-01 +3.6615970645082234e-04 
+3.0330532968784402e-01 +8.3333333333333337e-01 +4.9146885240232722e-04 
+3.1415926535897931e-01 +1.6666666666666666e-01 +5.8392757044981275e-04 

+3.1415926535897931e-01 +1.6666666666666666e-01 +5.8504164542648766e-04 
+3.2501320103011461e-01 +8.3333333333333337e-01 +6.8936858981366405e-04 
+3.4257523785771643e-01 +8.3333333333333337e-01 +8.9246929749928628e-04 
+3.5342917352885173e-01 +1.6666666666666666e-01 +1.0391886340898526e-03 

+3.5342917352885173e-01 +1.6666666666666666e-01 +1.0405124538658290e-03 
+3.6428310919998702e-01 +8.3333333333333337e-01 +1.2039547565590820e-03 
+3.8184514602758884e-01 +8.3333333333333337e-01 +1.5147448994475873e-03 
+3.9269908169872414e-01 +1.6666666666666666e-01 +1.7354603401013996e-03 

+3.9269908169872414e-01 +1.6666666666666666e-01 +1.7369886644696710e-03 
+4.0355301736985943e-01 +8.3333333333333337e-01 +1.9802496103279248e-03 
+4.2111505419746126e-01 +8.3333333333333337e-01 +2.4342392876462548e-03 
+4.3196898986859655e-01 +1.6666666666666666e-01 +2.7521404440366500e-03 

+4.3196898986859655e-01 +1.6666666666666666e-01 +2.7538609287871378e-03 
+4.4282292553973185e-01 +8.3333333333333337e-01 +3.1010824353592693e-03 
+4.6038496236733367e-01 +8.3333333333333337e-01 +3.7392532737328286e-03 
+4.7123889803846897e-01 +1.6666666666666666e-01 +4.1808543046484474e-03 

+4.7123889803846897e-01 +1.6666666666666666e-01 +4.1827476496132093e-03 
+4.8209283370960432e-01 +8.3333333333333337e-01 +4.6613479452320737e-03 
+4.9965487053720609e-01 +8.3333333333333337e-01 +5.5298222001184828e-03 
+5.1050880620834138e-01 +1.6666666666666666e-01 +6.1247151202477035e-03 

+5.1050880620834138e-01 +1.6666666666666666e-01 +6.1267554023386557e-03 
+5.2136274187947673e-01 +8.3333333333333337e-01 +6.7671500486733522e-03 
+5.3892477870707856e-01 +8.3333333333333337e-01 +7.9166734720506320e-03 
+5.4977871437821380e-01 +1.6666666666666666e-01 +8.6971679187385232e-03 

+5.4977871437821380e-01 +1.6666666666666666e-01 +8.6993231026538682e-03 
+5.6063265004934915e-01 +8.3333333333333337e-01 +9.5345337886723874e-03 
+5.7819468687695097e-01 +8.3333333333333337e-01 +1.1019781182924670e-02 
+5.8904862254808621e-01 +1.6666666666666666e-01 +1.2020437239606401e-02 

+5.8904862254808621e-01 +1.6666666666666666e-01 +1.2022669854417174e-02 
+5.9990255821922156e-01 +8.3333333333333337e-01 +1.3087828389050433e-02 
+6.1746459504682327e-01 +8.3333333333333337e-01 +1.4966545524349756e-02 
+6.2831853071795862e-01 +1.6666666666666666e-01 +1.6223609079440156e-02 

+6.2831853071795862e-01 +1.6666666666666666e-01 +1.6225877045089165e-02 
+6.3917246638909386e-01 +8.3333333333333337e-01 +1.7557634806939348e-02 
+6.5673450321669569e-01 +8.3333333333333337e-01 +1.9889634821096496e-02 
+6.6758843888783104e-01 +1.6666666666666666e-01 +2.1440387600275012e-02 

+6.6758843888783104e-01 +1.6666666666666666e-01 +2.1442645184229541e-02 
+6.7844237455896628e-01 +8.3333333333333337e-01 +2.3078500877176847e-02 
+6.9600441138656810e-01 +8.3333333333333337e-01 +2.5924537291016080e-02 
+7.0685834705770345e-01 +1.6666666666666666e-01 +2.7806576072013787e-02 

+7.0685834705770345e-01 +1.6666666666666666e-01 +2.7808774953006748e-02 
+7.1771228272883869e-01 +8.3333333333333337e-01 +2.9786335801131675e-02 
+7.3527431955644063e-01 +8.3333333333333337e-01 +3.3206877767437033e-02 
+7.4612825522757587e-01 +1.6666666666666666e-01 +3.5457339309556260e-02 

+7.4612825522757587e-01 +1.6666666666666666e-01 +3.5459429722606649e-02 
+7.5698219089871122e-01 +8.3333333333333337e-01 +3.7815623158526761e-02 
+7.7454422772631304e-01 +8.3333333333333337e-01 +4.1869561429943254e-02 
+7.8539816339744828e-01 +1.6666666666666666e-01 +4.4524311274081914e-02 

+7.8539816339744828e-01 +1.6666666666666666e-01 +4.4526243208877533e-02 
+7.9625209906858352e-01 +8.3333333333333337e-01 +4.7296497617362231e-02 
+8.1381413589618534e-01 +8.3333333333333337e-01 +5.2039811894875880e-02 
+8.2466807156732069e-01 +1.6666666666666666e-01 +5.5132616372043350e-02 

+8.2466807156732069e-01 +1.6666666666666666e-01 +5.5134340795343087e-02 
+8.3552200723845593e-01 +8.3333333333333337e-01 +5.8351754930018131e-02 
+8.5308404406605787e-01 +8.3333333333333337e-01 +6.3836174682296604e-02 
+8.6393797973719311e-01 +1.6666666666666666e-01 +6.7397876178580243e-02 

+8.6393797973719311e-01 +1.6666666666666666e-01 +6.7399346250592587e-02 
+8.7479191540832835e-01 +8.3333333333333337e-01 +7.1093867517856568e-02 
+8.9235395223593017e-01 +8.3333333333333337e-01 +7.7365559004685322e-02 
+9.0320788790706552e-01 +1.6666666666666666e-01 +8.1423274749048383e-02 

+9.0320788790706552e-01 +1.6666666666666666e-01 +8.1424447003779279e-02 
+9.1406182357820076e-01 +8.3333333333333337e-01 +8.5622078888708680e-02 
+9.3162386040580270e-01 +8.3333333333333337e-01 +9.2720390960200877e-02 
+9.4247779607693793e-01 +1.6666666666666666e-01 +9.7296755321143083e-02 

+9.4247779607693793e-01 +1.6666666666666666e-01 +9.7297590781481910e-02 
+9.5333173174807317e-01 +8.3333333333333337e-01 +1.0201964927166864e-01 
+9.7089376857567500e-01 +8.3333333333333337e-01 +1.0997594954985546e-01 
+9.8174770424681035e-01 +1.6666666666666666e-01 +1.1508841905290813e-01 

+9.8174770424681035e-01 +1.6666666666666666e-01 +1.1508888425271965e-01 
+9.9260163991794559e-01 +8.3333333333333337e-01 +1.2035132220613386e-01 
+1.0101636767455475e+00 +8.3333333333333337e-01 +1.2918795350774875e-01 
+1.0210176124166828e+00 +1.6666666666666666e-01 +1.3484819253523289e-01 

+1.0210176124166828e+00 +1.6666666666666666e-01 +1.3484826042290216e-01 
+1.0318715480878180e+00 +8.3333333333333337e-01 +1.4066107744558315e-01 
+1.0494335849154199e+00 +8.3333333333333337e-01 +1.5039046181442600e-01 
+1.0602875205865552e+00 +1.6666666666666666e-01 +1.5660382525085859e-01 

+1.0602875205865552e+00 +1.6666666666666666e-01 +1.5660347595155125e-01 
+1.0711414562576904e+00 +8.3333333333333337e-01 +1.6297022953237725e-01 
+1.0887034930852924e+00 +8.3333333333333337e-01 +1.7359414407501014e-01 
+1.0995574287564276e+00 +1.6666666666666666e-01 +1.8035927105602681e-01 

+1.0995574287564276e+00 +1.6666666666666666e-01 +1.8035849247330255e-01 
+1.1104113644275628e+00 +8.3333333333333337e-01 +1.8727592390929104e-01 
+1.1279734012551648e+00 +8.3333333333333337e-01 +1.9878496884430497e-01 
+1.1388273369263000e+00 +1.6666666666666666e-01 +2.0609349930409310e-01 

+1.1388273369263000e+00 +1.6666666666666666e-01 +2.0609228754536579e-01 
+1.1496812725974352e+00 +8.3333333333333337e-01 +2.1355007363469472e-01 
+1.1672433094250372e+00 +8.3333333333333337e-01 +2.2592334866380900e-01 
+1.1780972450961724e+00 +1.6666666666666666e-01 +2.3375977161476585e-01 

+1.1780972450961724e+00 +1.6666666666666666e-01 +2.3375813122934910e-01 
+1.1889511807673077e+00 +8.3333333333333337e-01 +2.4173876987184134e-01 
+1.2065132175949096e+00 +8.3333333333333337e-01 +2.5494377026392295e-01 
+1.2173671532660448e+00 +1.6666666666666666e-01 +2.6328540974895481e-01 

+1.2173671532660448e+00 +1.6666666666666666e-01 +2.6328335377195222e-01 
+1.2282210889371801e+00 +8.3333333333333337e-01 +2.7176218856640694e-01 
+1.2457831257647820e+00 +8.3333333333333337e-01 +2.8575492732673663e-01 
+1.2566370614359172e+00 +1.6666666666666666e-01 +2.9457206883144538e-01 

+1.2566370614359172e+00 +1.6666666666666666e-01 +2.9456961863144615e-01 
+1.2674909971070525e+00 +8.3333333333333337e-01 +3.0351500436950729e-01 
+1.2850530339346544e+00 +8.3333333333333337e-01 +3.1824036166743930e-01 
+1.2959069696057897e+00 +1.6666666666666666e-01 +3.2749651854259443e-01 

+1.2959069696057897e+00 +1.6666666666666666e-01 +3.2749370347588302e-01 
+1.3067609052769249e+00 +8.3333333333333337e-01 +3.3686731118022512e-01 
+1.3243229421045268e+00 +8.3333333333333337e-01 +3.5225960695454211e-01 
+1.3351768777756621e+00 +1.6666666666666666e-01 +3.6191192315703835e-01 

+1.3351768777756621e+00 +1.6666666666666666e-01 +3.6190878003572180e-01 
+1.3460308134467973e+00 +8.3333333333333337e-01 +3.7166603695492506e-01 
+1.3635928502743992e+00 +8.3333333333333337e-01 +3.8764981743493498e-01 
+1.3744467859455345e+00 +1.6666666666666666e-01 +3.9764959972645786e-01 

+1.3744467859455345e+00 +1.6666666666666666e-01 +3.9764617211242703e-01 
+1.3853007216166700e+00 +8.3333333333333337e-01 +4.0773682894445651e-01 
+1.4028627584442717e+00 +8.3333333333333337e-01 +4.2422785284186026e-01 
+1.4137166941154069e+00 +1.6666666666666666e-01 +4.3452122256559544e-01 

+1.4137166941154069e+00 +1.6666666666666666e-01 +4.3451755990647584e-01 
+1.4245706297865421e+00 +8.3333333333333337e-01 +4.4488637455334223e-01 
+1.4421326666141441e+00 +8.3333333333333337e-01 +4.6179278001606283e-01 
+1.4529866022852793e+00 +1.6666666666666666e-01 +4.7232143177629254e-01 

+1.4529866022852793e+00 +1.6666666666666666e-01 +4.7231758840336530e-01 
+1.4638405379564148e+00 +8.3333333333333337e-01 +4.8290511283348858e-01 
+1.4814025747840165e+00 +8.3333333333333337e-01 +5.0012874202127677e-01 
+1.4922565104551517e+00 +1.6666666666666666e-01 +5.1083079408650922e-01 

+1.4922565104551517e+00 +1.6666666666666666e-01 +5.1082682809795743e-01 
+1.5031104461262872e+00 +8.3333333333333337e-01 +5.2157028247614645e-01 
+1.5206724829538887e+00 +8.3333333333333337e-01 +5.3900813692170202e-01 
+1.5315264186250241e+00 +1.6666666666666666e-01 +5.4981905601996706e-01 

+1.5315264186250241e+00 +1.6666666666666666e-01 +5.4981502807557903e-01 
+1.5423803542961594e+00 +8.3333333333333337e-01 +5.6064924427221219e-01 
+1.5599423911237613e+00 +8.3333333333333337e-01 +5.7819504112064957e-01 
+1.5707963267948966e+00 +1.6666666666666666e-01 +5.8904862254808610e-01 

+1.5707963267948966e+00 +1.6666666666666666e-01 +5.8904459460369807e-01 
+1.5816502624660318e+00 +8.3333333333333337e-01 +5.9990300956440001e-01 
+1.5992122992936337e+00 +8.3333333333333337e-01 +6.1744880641283739e-01 
+1.6100662349647690e+00 +1.6666666666666666e-01 +6.2827818907620514e-01 

+1.6100662349647690e+00 +1.6666666666666666e-01 +6.2827422308765346e-01 
+1.6209201706359044e+00 +8.3333333333333337e-01 +6.3908990137218036e-01 
+1.6384822074635059e+00 +8.3333333333333337e-01 +6.5652775581773593e-01 
+1.6493361431346414e+00 +1.6666666666666666e-01 +6.6726645100966331e-01 

+1.6493361431346414e+00 +1.6666666666666666e-01 +6.6726260763673606e-01 
+1.6601900788057766e+00 +8.3333333333333337e-01 +6.7796927174948096e-01 
+1.6777521156333783e+00 +8.3333333333333337e-01 +6.9519290093726904e-01 
+1.6886060513045138e+00 +1.6666666666666666e-01 +7.0577581331987971e-01 

+1.6886060513045138e+00 +1.6666666666666666e-01 +7.0577215066075971e-01 
+1.6994599869756490e+00 +8.3333333333333337e-01 +7.1630519761193323e-01 
+1.7170220238032510e+00 +8.3333333333333337e-01 +7.3321160307465383e-01 
+1.7278759594743862e+00 +1.6666666666666666e-01 +7.4357602253057653e-01 

+1.7278759594743862e+00 +1.6666666666666666e-01 +7.4357259491654615e-01 
+1.7387298951455215e+00 +8.3333333333333337e-01 +7.5387007777711790e-01 
+1.7562919319731234e+00 +8.3333333333333337e-01 +7.7036110167452176e-01 
+1.7671458676442586e+00 +1.6666666666666666e-01 +7.8044764536971423e-01 

+1.7671458676442586e+00 +1.6666666666666666e-01 +7.8044450224839701e-01 
+1.7779998033153941e+00 +8.3333333333333337e-01 +7.9044805628550030e-01 
+1.7955618401429956e+00 +8.3333333333333337e-01 +8.0643183676551011e-01 
+1.8064157758141310e+00 +1.6666666666666666e-01 +8.1618532193913373e-01 

+1.8064157758141310e+00 +1.6666666666666666e-01 +8.1618250687242200e-01 
+1.8172697114852663e+00 +8.3333333333333337e-01 +8.2583820115497231e-01 
+1.8348317483128680e+00 +8.3333333333333337e-01 +8.4123049692928920e-01 
+1.8456856839840035e+00 +1.6666666666666666e-01 +8.5060072655357777e-01 

+1.8456856839840035e+00 +1.6666666666666666e-01 +8.5059827635357887e-01 
+1.8565396196551387e+00 +8.3333333333333337e-01 +8.5985737346873259e-01 
+1.8741016564827406e+00 +8.3333333333333337e-01 +8.7458273076666437e-01 
+1.8849555921538759e+00 +1.6666666666666666e-01 +8.8352517626472693e-01 

+1.8849555921538759e+00 +1.6666666666666666e-01 +8.8352312028772417e-01 
+1.8958095278250111e+00 +8.3333333333333337e-01 +8.9234272896483591e-01 
+1.9133715646526130e+00 +8.3333333333333337e-01 +9.0633546772516571e-01 
+1.9242255003237483e+00 +1.6666666666666666e-01 +9.1481183534721733e-01 

+1.9242255003237483e+00 +1.6666666666666666e-01 +9.1481019496180027e-01 
+1.9350794359948837e+00 +8.3333333333333337e-01 +9.2315380290933247e-01 
+1.9526414728224855e+00 +8.3333333333333337e-01 +9.3635880330141408e-01 
+1.9634954084936207e+00 +1.6666666666666666e-01 +9.4433747348140640e-01 

+1.9634954084936207e+00 +1.6666666666666666e-01 +9.4433626172267915e-01 
+1.9743493441647559e+00 +8.3333333333333337e-01 +9.5217413878410839e-01 
+1.9919113809923576e+00 +8.3333333333333337e-01 +9.6454741381322251e-01 
+2.0027653166634929e+00 +1.6666666666666666e-01 +9.7200374579207893e-01 

+2.0027653166634929e+00 +1.6666666666666666e-01 +9.7200296720935475e-01 
+2.0136192523346281e+00 +8.3333333333333337e-01 +9.7931243196841211e-01 
+2.0311812891622303e+00 +8.3333333333333337e-01 +9.9082147690342603e-01 
+2.0420352248333655e+00 +1.6666666666666666e-01 +9.9773797404014541e-01 

+2.0420352248333655e+00 +1.6666666666666666e-01 +9.9773762474083838e-01 
+2.0528891605045008e+00 +8.3333333333333337e-01 +1.0045031708810237e+00 
+2.0704511973321029e+00 +8.3333333333333337e-01 +1.0151270854236567e+00 
+2.0813051330032382e+00 +1.6666666666666666e-01 +1.0214934198453138e+00 

+2.0813051330032382e+00 +1.6666666666666666e-01 +1.0214934877329831e+00 
+2.0921590686743734e+00 +8.3333333333333337e-01 +1.0277067697042126e+00 
+2.1097211055019751e+00 +8.3333333333333337e-01 +1.0374361540730552e+00 
+2.1205750411731104e+00 +1.6666666666666666e-01 +1.0432490525609392e+00 

+2.1205750411731104e+00 +1.6666666666666666e-01 +1.0432495177607506e+00 
+2.1314289768442456e+00 +8.3333333333333337e-01 +1.0489091985484611e+00 
+2.1489910136718473e+00 +8.3333333333333337e-01 +1.0577458298500761e+00 
+2.1598449493429825e+00 +1.6666666666666666e-01 +1.0630088260432644e+00 

+2.1598449493429825e+00 +1.6666666666666666e-01 +1.0630096615036027e+00 
+2.1706988850141178e+00 +8.3333333333333337e-01 +1.0681211284542489e+00 
+2.1882609218417199e+00 +8.3333333333333337e-01 +1.0760774287324357e+00 
+2.1991148575128552e+00 +1.6666666666666666e-01 +1.0808004897750290e+00 

+2.1991148575128552e+00 +1.6666666666666666e-01 +1.0808016620297598e+00 
+2.2099687931839904e+00 +8.3333333333333337e-01 +1.0853766196850252e+00 
+2.2275308300115926e+00 +8.3333333333333337e-01 +1.0924749317565174e+00 
+2.2383847656827278e+00 +1.6666666666666666e-01 +1.0966739703471238e+00 

+2.2383847656827278e+00 +1.6666666666666666e-01 +1.0966754404191363e+00 
+2.2492387013538631e+00 +8.3333333333333337e-01 +1.1007313920770847e+00 
+2.2668007381814648e+00 +8.3333333333333337e-01 +1.1070030835639133e+00 
+2.2776546738526000e+00 +1.6666666666666666e-01 +1.1106993689175921e+00 

+2.2776546738526000e+00 +1.6666666666666666e-01 +1.1107010933408916e+00 
+2.2885086095237352e+00 +8.3333333333333337e-01 +1.1142607255292158e+00 
+2.3060706463513370e+00 +8.3333333333333337e-01 +1.1197451452814942e+00 
+2.3169245820224722e+00 +1.6666666666666666e-01 +1.1229646287241288e+00 

+2.3169245820224722e+00 +1.6666666666666666e-01 +1.1229665606589248e+00 
+2.3277785176936074e+00 +8.3333333333333337e-01 +1.1260570468143374e+00 
+2.3453405545212096e+00 +8.3333333333333337e-01 +1.1308003610918511e+00 
+2.3561944901923448e+00 +1.6666666666666666e-01 +1.1335729338220901e+00 

+2.3561944901923448e+00 +1.6666666666666666e-01 +1.1335750242351408e+00 
+2.3670484258634801e+00 +8.3333333333333337e-01 +1.1362272655836192e+00 
+2.3846104626910822e+00 +8.3333333333333337e-01 +1.1402812038550356e+00 
+2.3954643983622175e+00 +1.6666666666666666e-01 +1.1426399057866161e+00 

+2.3954643983622175e+00 +1.6666666666666666e-01 +1.1426421046676087e+00 
+2.4063183340333527e+00 +8.3333333333333337e-01 +1.1448899275525368e+00 
+2.4238803708609544e+00 +8.3333333333333337e-01 +1.1483104695188422e+00 
+2.4347343065320897e+00 +1.6666666666666666e-01 +1.1502906690241583e+00 

+2.4347343065320897e+00 +1.6666666666666666e-01 +1.1502929266081130e+00 
+2.4455882422032249e+00 +8.3333333333333337e-01 +1.1521722562883654e+00 
+2.4631502790308266e+00 +8.3333333333333337e-01 +1.1550182927022048e+00 
+2.4740042147019619e+00 +1.6666666666666666e-01 +1.1566568574958971e+00 

+2.4740042147019619e+00 +1.6666666666666666e-01 +1.1566591254615459e+00 
+2.4848581503730971e+00 +8.3333333333333337e-01 +1.1582071566819458e+00 
+2.5024201872006993e+00 +8.3333333333333337e-01 +1.1605391566961034e+00 
+2.5132741228718345e+00 +1.6666666666666666e-01 +1.1618736360167325e+00 

+2.5132741228718345e+00 +1.6666666666666666e-01 +1.1618758686315434e+00 
+2.5241280585429697e+00 +8.3333333333333337e-01 +1.1631302530488605e+00 
+2.5416900953705719e+00 +8.3333333333333337e-01 +1.1650089701841597e+00 
+2.5525440310417071e+00 +1.6666666666666666e-01 +1.1660768078565664e+00 

+2.5525440310417071e+00 +1.6666666666666666e-01 +1.1660789630404815e+00 
+2.5633979667128424e+00 +8.3333333333333337e-01 +1.1670770328764648e+00 
+2.5809600035404441e+00 +8.3333333333333337e-01 +1.1685622802707167e+00 
+2.5918139392115793e+00 +1.6666666666666666e-01 +1.1694000771774336e+00 

+2.5918139392115793e+00 +1.6666666666666666e-01 +1.1694021174595250e+00 
+2.6026678748827146e+00 +8.3333333333333337e-01 +1.1701801635677036e+00 
+2.6202299117103163e+00 +8.3333333333333337e-01 +1.1713296869910810e+00 
+2.6310838473814515e+00 +1.6666666666666666e-01 +1.1719725299759252e+00 

+2.6310838473814515e+00 +1.6666666666666666e-01 +1.1719744233208895e+00 
+2.6419377830525868e+00 +8.3333333333333337e-01 +1.1725670442270613e+00 
+2.6594998198801889e+00 +8.3333333333333337e-01 +1.1734355184819478e+00 
+2.6703537555513241e+00 +1.6666666666666666e-01 +1.1739163907915242e+00 

+2.6703537555513241e+00 +1.6666666666666666e-01 +1.1739181112762749e+00 
+2.6812076912224594e+00 +8.3333333333333337e-01 +1.1743576477254893e+00 
+2.6987697280500615e+00 +8.3333333333333337e-01 +1.1749958185638629e+00 
+2.7096236637211968e+00 +1.6666666666666666e-01 +1.1753451046521359e+00 

+2.7096236637211968e+00 +1.6666666666666666e-01 +1.1753466329765041e+00 
+2.7204775993923320e+00 +8.3333333333333337e-01 +1.1756627001436526e+00 
+2.7380396362199337e+00 +8.3333333333333337e-01 +1.1761166898209707e+00 
+2.7488935718910690e+00 +1.6666666666666666e-01 +1.1763617847560706e+00 

+2.7488935718910690e+00 +1.6666666666666666e-01 +1.1763631085758470e+00 
+2.7597475075622042e+00 +8.3333333333333337e-01 +1.1765822354327697e+00 
+2.7773095443898059e+00 +8.3333333333333337e-01 +1.1768930255756584e+00 
+2.7881634800609412e+00 +1.6666666666666666e-01 +1.1770580564620825e+00 

+2.7881634800609412e+00 +1.6666666666666666e-01 +1.1770591705370588e+00 
+2.7990174157320764e+00 +8.3333333333333337e-01 +1.1772045529836777e+00 
+2.8165794525596786e+00 +8.3333333333333337e-01 +1.1774076536913634e+00 
+2.8274333882308138e+00 +1.6666666666666666e-01 +1.1775133175257222e+00 

+2.8274333882308138e+00 +1.6666666666666666e-01 +1.1775142236800644e+00 
+2.8382873239019490e+00 +8.3333333333333337e-01 +1.1776055950129014e+00 
+2.8558493607295512e+00 +8.3333333333333337e-01 +1.1777309041588531e+00 
+2.8667032964006864e+00 +1.6666666666666666e-01 +1.1777944234486146e+00 

+2.8667032964006864e+00 +1.6666666666666666e-01 +1.1777951303455663e+00 
+2.8775572320718217e+00 +8.3333333333333337e-01 +1.1778487495303627e+00 
+2.8951192688994234e+00 +8.3333333333333337e-01 +1.1779206012052281e+00 
+2.9059732045705586e+00 +1.6666666666666666e-01 +1.1779557955748630e+00 

+2.9059732045705586e+00 +1.6666666666666666e-01 +1.1779563183124528e+00 
+2.9168271402416939e+00 +8.3333333333333337e-01 +1.1779850734262234e+00 
+2.9343891770692956e+00 +8.3333333333333337e-01 +1.1780224694917489e+00 
+2.9452431127404308e+00 +1.6666666666666666e-01 +1.1780399384570592e+00 

+2.9452431127404308e+00 +1.6666666666666666e-01 +1.1780402979959410e+00 
+2.9560970484115661e+00 +8.3333333333333337e-01 +1.1780539191853345e+00 
+2.9736590852391682e+00 +8.3333333333333337e-01 +1.1780709331158474e+00 
+2.9845130209103035e+00 +1.6666666666666666e-01 +1.1780783423011321e+00 

+2.9845130209103035e+00 +1.6666666666666666e-01 +1.1780785647398717e+00 
+2.9953669565814391e+00 +8.3333333333333337e-01 +1.1780839381825927e+00 
+3.0129289934090409e+00 +8.3333333333333337e-01 +1.1780902758756253e+00 
+3.0237829290801761e+00 +1.6666666666666666e-01 +1.1780927362523135e+00 

+3.0237829290801761e+00 +1.6666666666666666e-01 +1.1780928519692739e+00 
+3.0346368647513113e+00 +8.3333333333333337e-01 +1.1780944236949580e+00 
+3.0521989015789130e+00 +8.3333333333333337e-01 +1.1780961218479047e+00 
+3.0630528372500483e+00 +1.6666666666666666e-01 +1.1780966491546991e+00 

+3.0630528372500483e+00 +1.6666666666666666e-01 +1.1780966918389573e+00 
+3.0739067729211835e+00 +8.3333333333333337e-01 +1.1780969479310230e+00 
+3.0914688097487852e+00 +8.3333333333333337e-01 +1.1780971870082864e+00 
+3.1023227454199205e+00 +1.6666666666666666e-01 +1.1780972264319702e+00 

+3.1023227454199205e+00 +1.6666666666666666e-01 +1.1780972320285121e+00 
+3.1131766810910557e+00 +8.3333333333333337e-01 +1.1780972397472487e+00 
+3.1307387179186579e+00 +8.3333333333333337e-01 +1.1780972455912841e+00 
+3.1415926535897931e+00 +1.6666666666666666e-01 +1.1780972450961724e+00 

+3.1415926535897931e+00 +1.6666666666666666e-01 +1.1780972506927148e+00 
+3.1524465892609284e+00 +8.3333333333333337e-01 +1.1780972434817523e+00 
+3.1700086260885305e+00 +8.3333333333333337e-01 +1.1780972493257877e+00 
+3.1808625617596658e+00 +1.6666666666666666e-01 +1.1780972637603750e+00 

+3.1808625617596658e+00 +1.6666666666666666e-01 +1.1780973064446334e+00 
+3.1917164974308010e+00 +8.3333333333333337e-01 +1.1780972946472070e+00 
+3.2092785342584027e+00 +8.3333333333333337e-01 +1.1780975337244708e+00 
+3.2201324699295379e+00 +1.6666666666666666e-01 +1.1780978410376464e+00 

+3.2201324699295379e+00 +1.6666666666666666e-01 +1.1780979567546066e+00 
+3.2309864056006732e+00 +8.3333333333333337e-01 +1.1780983452010481e+00 
+3.2485484424282749e+00 +8.3333333333333337e-01 +1.1781000433539948e+00 
+3.2594023780994101e+00 +1.6666666666666666e-01 +1.1781017539400314e+00 

+3.2594023780994101e+00 +1.6666666666666666e-01 +1.1781019763787708e+00 
+3.2702563137705454e+00 +8.3333333333333337e-01 +1.1781041698289716e+00 
+3.2878183505981471e+00 +8.3333333333333337e-01 +1.1781105075220046e+00 
+3.2986722862692828e+00 +1.6666666666666666e-01 +1.1781161478912134e+00 

+3.2986722862692828e+00 +1.6666666666666666e-01 +1.1781165074300941e+00 
+3.3095262219404180e+00 +8.3333333333333337e-01 +1.1781234851687210e+00 
+3.3270882587680202e+00 +8.3333333333333337e-01 +1.1781404990992339e+00 
+3.3379421944391554e+00 +1.6666666666666666e-01 +1.1781545517352856e+00 

+3.3379421944391554e+00 +1.6666666666666666e-01 +1.1781550744728762e+00 
+3.3487961301102906e+00 +8.3333333333333337e-01 +1.1781719161530779e+00 
+3.3663581669378924e+00 +8.3333333333333337e-01 +1.1782093122186035e+00 
+3.3772121026090276e+00 +1.6666666666666666e-01 +1.1782386946174821e+00 

+3.3772121026090276e+00 +1.6666666666666666e-01 +1.1782394015144331e+00 
+3.3880660382801628e+00 +8.3333333333333337e-01 +1.1782737476077263e+00 
+3.4056280751077646e+00 +8.3333333333333337e-01 +1.1783455992825922e+00 
+3.4164820107788998e+00 +1.6666666666666666e-01 +1.1784000667437302e+00 

+3.4164820107788998e+00 +1.6666666666666666e-01 +1.1784009728980724e+00 
+3.4273359464500350e+00 +8.3333333333333337e-01 +1.1784634048026235e+00 
+3.4448979832776372e+00 +8.3333333333333337e-01 +1.1785887139485751e+00 
+3.4557519189487724e+00 +1.6666666666666666e-01 +1.1786811726666222e+00 

+3.4557519189487724e+00 +1.6666666666666666e-01 +1.1786822867415991e+00 
+3.4666058546199077e+00 +8.3333333333333337e-01 +1.1787866136859859e+00 
+3.4841678914475098e+00 +8.3333333333333337e-01 +1.1789897143936716e+00 
+3.4950218271186451e+00 +1.6666666666666666e-01 +1.1791364337302621e+00 

+3.4950218271186451e+00 +1.6666666666666666e-01 +1.1791377575500384e+00 
+3.5058757627897803e+00 +8.3333333333333337e-01 +1.1793011998527312e+00 
+3.5234377996173820e+00 +8.3333333333333337e-01 +1.1796119899956199e+00 
+3.5342917352885173e+00 +1.6666666666666666e-01 +1.1798327054362738e+00 

+3.5342917352885173e+00 +1.6666666666666666e-01 +1.1798342337606418e+00 
+3.5451456709596525e+00 +8.3333333333333337e-01 +1.1800774947065003e+00 
+3.5627077077872542e+00 +8.3333333333333337e-01 +1.1805314843838188e+00 
+3.5735616434583894e+00 +1.6666666666666666e-01 +1.1808493855402087e+00 

+3.5735616434583894e+00 +1.6666666666666666e-01 +1.1808511060249596e+00 
+3.5844155791295247e+00 +8.3333333333333337e-01 +1.1811983275315312e+00 
+3.6019776159571264e+00 +8.3333333333333337e-01 +1.1818364983699048e+00 
+3.6128315516282621e+00 +1.6666666666666666e-01 +1.1822780994008211e+00 

+3.6128315516282621e+00 +1.6666666666666666e-01 +1.1822799927457863e+00 
+3.6236854872993973e+00 +8.3333333333333337e-01 +1.1827585930414046e+00 
+3.6412475241269995e+00 +8.3333333333333337e-01 +1.1836270672962907e+00 
+3.6521014597981347e+00 +1.6666666666666666e-01 +1.1842219602164201e+00 

+3.6521014597981347e+00 +1.6666666666666666e-01 +1.1842240004985112e+00 
+3.6629553954692700e+00 +8.3333333333333337e-01 +1.1848643951448459e+00 
+3.6805174322968717e+00 +8.3333333333333337e-01 +1.1860139185682228e+00 
+3.6913713679680069e+00 +1.6666666666666666e-01 +1.1867944130149108e+00 

+3.6913713679680069e+00 +1.6666666666666666e-01 +1.1867965681988260e+00 
+3.7022253036391422e+00 +8.3333333333333337e-01 +1.1876317788848447e+00 
+3.7197873404667439e+00 +8.3333333333333337e-01 +1.1891170262790971e+00 
+3.7306412761378791e+00 +1.6666666666666666e-01 +1.1901176823357784e+00 

+3.7306412761378791e+00 +1.6666666666666666e-01 +1.1901199149505897e+00 
+3.7414952118090143e+00 +8.3333333333333337e-01 +1.1911850734852232e+00 
+3.7590572486366165e+00 +8.3333333333333337e-01 +1.1930637906205224e+00 
+3.7699111843077517e+00 +1.6666666666666666e-01 +1.1943208541756127e+00 

+3.7699111843077517e+00 +1.6666666666666666e-01 +1.1943231221412616e+00 
+3.7807651199788870e+00 +8.3333333333333337e-01 +1.1956548799031115e+00 
+3.7983271568064891e+00 +8.3333333333333337e-01 +1.1979868799172686e+00 
+3.8091810924776244e+00 +1.6666666666666666e-01 +1.1995376326964478e+00 

+3.8091810924776244e+00 +1.6666666666666666e-01 +1.1995398902804022e+00 
+3.8200350281487596e+00 +8.3333333333333337e-01 +1.2011757459733494e+00 
+3.8375970649763618e+00 +8.3333333333333337e-01 +1.2040217823871886e+00 
+3.8484510006474966e+00 +1.6666666666666666e-01 +1.2059038211681863e+00 

+3.8484510006474966e+00 +1.6666666666666666e-01 +1.2059060200491791e+00 
+3.8593049363186323e+00 +8.3333333333333337e-01 +1.2078835808973041e+00 
+3.8768669731462335e+00 +8.3333333333333337e-01 +1.2113041228636094e+00 
+3.8877209088173688e+00 +1.6666666666666666e-01 +1.2135545844057287e+00 

+3.8877209088173688e+00 +1.6666666666666666e-01 +1.2135566748187787e+00 
+3.8985748444885040e+00 +8.3333333333333337e-01 +1.2159128682546991e+00 
+3.9161368813161062e+00 +8.3333333333333337e-01 +1.2199668065261160e+00 
+3.9269908169872414e+00 +1.6666666666666666e-01 +1.2226215563702540e+00 

+3.9269908169872414e+00 +1.6666666666666666e-01 +1.2226234883050504e+00 
+3.9378447526583766e+00 +8.3333333333333337e-01 +1.2253937427135346e+00 
+3.9554067894859788e+00 +8.3333333333333337e-01 +1.2301370569910484e+00 
+3.9662607251571140e+00 +1.6666666666666666e-01 +1.2332298614682158e+00 

+3.9662607251571140e+00 +1.6666666666666666e-01 +1.2332315858915157e+00 
+3.9771146608282493e+00 +8.3333333333333337e-01 +1.2364490000261905e+00 
+3.9946766976558505e+00 +8.3333333333333337e-01 +1.2419334197784688e+00 
+4.0055306333269858e+00 +1.6666666666666666e-01 +1.2454951212747525e+00 

+4.0055306333269858e+00 +1.6666666666666666e-01 +1.2454965913467648e+00 
+4.0163845689981210e+00 +8.3333333333333337e-01 +1.2491911126140289e+00 
+4.0339466058257232e+00 +8.3333333333333337e-01 +1.2554628041008575e+00 
+4.0448005414968584e+00 +1.6666666666666666e-01 +1.2595205198452206e+00 

+4.0448005414968584e+00 +1.6666666666666666e-01 +1.2595216920999515e+00 
+4.0556544771679937e+00 +8.3333333333333337e-01 +1.2637193239848810e+00 
+4.0732165139955958e+00 +8.3333333333333337e-01 +1.2708176360563732e+00 
+4.0840704496667311e+00 +1.6666666666666666e-01 +1.2753940004173159e+00 

+4.0840704496667311e+00 +1.6666666666666666e-01 +1.2753948358776546e+00 
+4.0949243853378663e+00 +8.3333333333333337e-01 +1.2801168943678412e+00 
+4.1124864221654684e+00 +8.3333333333333337e-01 +1.2880731946460280e+00 
+4.1233403578366037e+00 +1.6666666666666666e-01 +1.2931856641490804e+00 

+4.1233403578366037e+00 +1.6666666666666666e-01 +1.2931861293488915e+00 
+4.1341942935077389e+00 +8.3333333333333337e-01 +1.2984485673023061e+00 
+4.1517563303353411e+00 +8.3333333333333337e-01 +1.3072851986039211e+00 
+4.1626102660064763e+00 +1.6666666666666666e-01 +1.3129454376314054e+00 

+4.1626102660064763e+00 +1.6666666666666666e-01 +1.3129455055190742e+00 
+4.1734642016776116e+00 +8.3333333333333337e-01 +1.3187583225417556e+00 
+4.1910262385052128e+00 +8.3333333333333337e-01 +1.3284877069105983e+00 
+4.2018801741763481e+00 +1.6666666666666666e-01 +1.3347010703470308e+00 

+4.2018801741763481e+00 +1.6666666666666666e-01 +1.3347007210477237e+00 
+4.2127341098474833e+00 +8.3333333333333337e-01 +1.3410674746285496e+00 
+4.2302961466750855e+00 +8.3333333333333337e-01 +1.3516913891711826e+00 
+4.2411500823462207e+00 +1.6666666666666666e-01 +1.3584565161521993e+00 

+4.2411500823462207e+00 +1.6666666666666666e-01 +1.3584557375694752e+00 
+4.2520040180173559e+00 +8.3333333333333337e-01 +1.3653731690054633e+00 
+4.2695660548449581e+00 +8.3333333333333337e-01 +1.3768822139404771e+00 
+4.2804199905160933e+00 +1.6666666666666666e-01 +1.3841907444002655e+00 

+4.2804199905160933e+00 +1.6666666666666666e-01 +1.3841895326415379e+00 
+4.2912739261872286e+00 +8.3333333333333337e-01 +1.3916473187308673e+00 
+4.3088359630148299e+00 +8.3333333333333337e-01 +1.4040205937599812e+00 
+4.3196898986859651e+00 +1.6666666666666666e-01 +1.4118570167109377e+00 

+4.3196898986859651e+00 +1.6666666666666666e-01 +1.4118553763255206e+00 
+4.3305438343571003e+00 +8.3333333333333337e-01 +1.4198360149680129e+00 
+4.3481058711847025e+00 +8.3333333333333337e-01 +1.4330410153600950e+00 
+4.3589598068558377e+00 +1.6666666666666666e-01 +1.4413826548451270e+00 

+4.3589598068558377e+00 +1.6666666666666666e-01 +1.4413805988681248e+00 
+4.3698137425269730e+00 +8.3333333333333337e-01 +1.4498594336625790e+00 
+4.3873757793545751e+00 +8.3333333333333337e-01 +1.4638521724229088e+00 
+4.3982297150257104e+00 +1.6666666666666666e-01 +1.4726693139276177e+00 

+4.3982297150257104e+00 +1.6666666666666666e-01 +1.4726668637276186e+00 
+4.4090836506968456e+00 +8.3333333333333337e-01 +1.4816122494656796e+00 
+4.4266456875244478e+00 +8.3333333333333337e-01 +1.4963376067636116e+00 
+4.4374996231955830e+00 +1.6666666666666666e-01 +1.5055937636387666e+00 

+4.4374996231955830e+00 +1.6666666666666666e-01 +1.5055909485720553e+00 
+4.4483535588667182e+00 +8.3333333333333337e-01 +1.5149645562763974e+00 
+4.4659155956943204e+00 +8.3333333333333337e-01 +1.5303568520507147e+00 
+4.4767695313654556e+00 +1.6666666666666666e-01 +1.5400091682532113e+00 

+4.4767695313654556e+00 +1.6666666666666666e-01 +1.5400060251318939e+00 
+4.4876234670365909e+00 +8.3333333333333337e-01 +1.5497632820510980e+00 
+4.5051855038641921e+00 +8.3333333333333337e-01 +1.5657470625311074e+00 
+4.5160394395353274e+00 +1.6666666666666666e-01 +1.5757468448226297e+00 

+4.5160394395353274e+00 +1.6666666666666666e-01 +1.5757434172085989e+00 
+4.5268933752064626e+00 +8.3333333333333337e-01 +1.5858340740406285e+00 
+4.5444554120340648e+00 +8.3333333333333337e-01 +1.6023250979380323e+00 
+4.5553093477052000e+00 +1.6666666666666666e-01 +1.6126184676617674e+00 

+4.5553093477052000e+00 +1.6666666666666666e-01 +1.6126148050026485e+00 
+4.5661632833763353e+00 +8.3333333333333337e-01 +1.6229836196495142e+00 
+4.5837253202039374e+00 +8.3333333333333337e-01 +1.6398900251122350e+00 
+4.5945792558750727e+00 +1.6666666666666666e-01 +1.6504186768724651e+00 

+4.5945792558750727e+00 +1.6666666666666666e-01 +1.6504148334995372e+00 
+4.6054331915462079e+00 +8.3333333333333337e-01 +1.6610023579296607e+00 
+4.6229952283738092e+00 +8.3333333333333337e-01 +1.6782259871174483e+00 
+4.6338491640449444e+00 +1.6666666666666666e-01 +1.6889280391826806e+00 

+4.6338491640449444e+00 +1.6666666666666666e-01 +1.6889240731941295e+00 
+4.6447030997160796e+00 +8.3333333333333337e-01 +1.6996675275723181e+00 
+4.6622651365436818e+00 +8.3333333333333337e-01 +1.7171053820178739e+00 
+4.6731190722148170e+00 +1.6666666666666666e-01 +1.7279163011161387e+00 

+4.6731190722148170e+00 +1.6666666666666666e-01 +1.7279122731717500e+00 
+4.6839730078859523e+00 +8.3333333333333337e-01 +1.7387464893683839e+00 
+4.7015350447135544e+00 +8.3333333333333337e-01 +1.7562922862168220e+00 
+4.7123889803846897e+00 +1.6666666666666666e-01 +1.7671458676442580e+00 

+4.7123889803846897e+00 +1.6666666666666666e-01 +1.7671418396998702e+00 
+4.7232429160558249e+00 +8.3333333333333337e-01 +1.7780002546605720e+00 
+4.7408049528834271e+00 +8.3333333333333337e-01 +1.7955460515090096e+00 
+4.7516588885545623e+00 +1.6666666666666666e-01 +1.8063754341723772e+00 

+4.7516588885545623e+00 +1.6666666666666666e-01 +1.8063714681838268e+00 
+4.7625128242256975e+00 +8.3333333333333337e-01 +1.8171871464683529e+00 
+4.7800748610532997e+00 +8.3333333333333337e-01 +1.8346250009139087e+00 
+4.7909287967244349e+00 +1.6666666666666666e-01 +1.8453636961058355e+00 

+4.7909287967244349e+00 +1.6666666666666666e-01 +1.8453598527329085e+00 
+4.8017827323955702e+00 +8.3333333333333337e-01 +1.8560665168456536e+00 
+4.8193447692231715e+00 +8.3333333333333337e-01 +1.8732901460334412e+00 
+4.8301987048943067e+00 +1.6666666666666666e-01 +1.8838730584160515e+00 

+4.8301987048943067e+00 +1.6666666666666666e-01 +1.8838693957569317e+00 
+4.8410526405654419e+00 +8.3333333333333337e-01 +1.8944024427081052e+00 
+4.8586146773930441e+00 +8.3333333333333337e-01 +1.9113088481708260e+00 
+4.8694686130641793e+00 +1.6666666666666666e-01 +1.9216732676267487e+00 

+4.8694686130641793e+00 +1.6666666666666666e-01 +1.9216698400127188e+00 
+4.8803225487353146e+00 +8.3333333333333337e-01 +1.9319673228732903e+00 
+4.8978845855629167e+00 +8.3333333333333337e-01 +1.9484583467706942e+00 
+4.9087385212340520e+00 +1.6666666666666666e-01 +1.9585448904658873e+00 

+4.9087385212340520e+00 +1.6666666666666666e-01 +1.9585417473445701e+00 
+4.9195924569051872e+00 +8.3333333333333337e-01 +1.9685453013816727e+00 
+4.9371544937327885e+00 +8.3333333333333337e-01 +1.9845290818616821e+00 
+4.9480084294039237e+00 +1.6666666666666666e-01 +1.9942825670353059e+00 

+4.9480084294039237e+00 +1.6666666666666666e-01 +1.9942797519685955e+00 
+4.9588623650750590e+00 +8.3333333333333337e-01 +2.0039354462511443e+00 
+4.9764244019026611e+00 +8.3333333333333337e-01 +2.0193277420254607e+00 
+4.9872783375737963e+00 +1.6666666666666666e-01 +2.0286979716497502e+00 

+4.9872783375737963e+00 +1.6666666666666666e-01 +2.0286955214497508e+00 
+4.9981322732449316e+00 +8.3333333333333337e-01 +2.0379546185649047e+00 
+5.0156943100725337e+00 +8.3333333333333337e-01 +2.0526799758628367e+00 
+5.0265482457436690e+00 +1.6666666666666666e-01 +2.0616224213608989e+00 

+5.0265482457436690e+00 +1.6666666666666666e-01 +2.0616203653838960e+00 
+5.0374021814148042e+00 +8.3333333333333337e-01 +2.0704399740610082e+00 
+5.0549642182424064e+00 +8.3333333333333337e-01 +2.0844327128213376e+00 
+5.0658181539135416e+00 +1.6666666666666666e-01 +2.0929090804433894e+00 

+5.0658181539135416e+00 +1.6666666666666666e-01 +2.0929074400579726e+00 
+5.0766720895846769e+00 +8.3333333333333337e-01 +2.1012510480055049e+00 
+5.0942341264122790e+00 +8.3333333333333337e-01 +2.1144560483975869e+00 
+5.1050880620834143e+00 +1.6666666666666666e-01 +2.1224347185775789e+00 

+5.1050880620834143e+00 +1.6666666666666666e-01 +2.1224335068188522e+00 
+5.1159419977545495e+00 +8.3333333333333337e-01 +2.1302713838802814e+00 
+5.1335040345821508e+00 +8.3333333333333337e-01 +2.1426446589093948e+00 
+5.1443579702532860e+00 +1.6666666666666666e-01 +2.1501009908882511e+00 

+5.1443579702532860e+00 +1.6666666666666666e-01 +2.1501002123055266e+00 
+5.1552119059244212e+00 +8.3333333333333337e-01 +2.1574096770645839e+00 
+5.1727739427520234e+00 +8.3333333333333337e-01 +2.1689187219995980e+00 
+5.1836278784231586e+00 +1.6666666666666666e-01 +2.1758352191363177e+00 

+5.1836278784231586e+00 +1.6666666666666666e-01 +2.1758348698370100e+00 
+5.1944818140942939e+00 +8.3333333333333337e-01 +2.1826004159771957e+00 
+5.2120438509218960e+00 +8.3333333333333337e-01 +2.1932243305198291e+00 
+5.2228977865930313e+00 +1.6666666666666666e-01 +2.1995906649414860e+00 

+5.2228977865930313e+00 +1.6666666666666666e-01 +2.1995907328291548e+00 
+5.2337517222641665e+00 +8.3333333333333337e-01 +2.2058040148003841e+00 
+5.2513137590917678e+00 +8.3333333333333337e-01 +2.2155333991692268e+00 
+5.2621676947629030e+00 +1.6666666666666666e-01 +2.2213462976571114e+00 

+5.2621676947629030e+00 +1.6666666666666666e-01 +2.2213467628569230e+00 
+5.2730216304340383e+00 +8.3333333333333337e-01 +2.2270064436446324e+00 
+5.2905836672616404e+00 +8.3333333333333337e-01 +2.2358430749462475e+00 
+5.3014376029327757e+00 +1.6666666666666666e-01 +2.2411060711394359e+00 

+5.3014376029327757e+00 +1.6666666666666666e-01 +2.2411069065997755e+00 
+5.3122915386039109e+00 +8.3333333333333337e-01 +2.2462183735504206e+00 
+5.3298535754315131e+00 +8.3333333333333337e-01 +2.2541746738286079e+00 
+5.3407075111026483e+00 +1.6666666666666666e-01 +2.2588977348712018e+00 

+5.3407075111026483e+00 +1.6666666666666666e-01 +2.2588989071259316e+00 
+5.3515614467737835e+00 +8.3333333333333337e-01 +2.2634738647811972e+00 
+5.3691234836013857e+00 +8.3333333333333337e-01 +2.2705721768526903e+00 
+5.3799774192725209e+00 +1.6666666666666666e-01 +2.2747712154432969e+00 

+5.3799774192725209e+00 +1.6666666666666666e-01 +2.2747726855153090e+00 
+5.3908313549436562e+00 +8.3333333333333337e-01 +2.2788286371732571e+00 
+5.4083933917712583e+00 +8.3333333333333337e-01 +2.2851003286600857e+00 
+5.4192473274423936e+00 +1.6666666666666666e-01 +2.2887966140137648e+00 

+5.4192473274423936e+00 +1.6666666666666666e-01 +2.2887983384370649e+00 
+5.4301012631135288e+00 +8.3333333333333337e-01 +2.2923579706253885e+00 
+5.4476632999411301e+00 +8.3333333333333337e-01 +2.2978423903776668e+00 
+5.4585172356122653e+00 +1.6666666666666666e-01 +2.3010618738203013e+00 

+5.4585172356122653e+00 +1.6666666666666666e-01 +2.3010638057550969e+00 
+5.4693711712834006e+00 +8.3333333333333337e-01 +2.3041542919105096e+00 
+5.4869332081110027e+00 +8.3333333333333337e-01 +2.3088976061880233e+00 
+5.4977871437821380e+00 +1.6666666666666666e-01 +2.3116701789182632e+00 

+5.4977871437821380e+00 +1.6666666666666666e-01 +2.3116722693313143e+00 
+5.5086410794532732e+00 +8.3333333333333337e-01 +2.3143245106797914e+00 
+5.5262031162808753e+00 +8.3333333333333337e-01 +2.3183784489512074e+00 
+5.5370570519520106e+00 +1.6666666666666666e-01 +2.3207371508827892e+00 

+5.5370570519520106e+00 +1.6666666666666666e-01 +2.3207393497637812e+00 
+5.5479109876231458e+00 +8.3333333333333337e-01 +2.3229871726487090e+00 
+5.5654730244507471e+00 +8.3333333333333337e-01 +2.3264077146150139e+00 
+5.5763269601218823e+00 +1.6666666666666666e-01 +2.3283879141203307e+00 

+5.5763269601218823e+00 +1.6666666666666666e-01 +2.3283901717042856e+00 
+5.5871808957930176e+00 +8.3333333333333337e-01 +2.3302695013845378e+00 
+5.6047429326206188e+00 +8.3333333333333337e-01 +2.3331155377983768e+00 
+5.6155968682917550e+00 +1.6666666666666666e-01 +2.3347541025920697e+00 

+5.6155968682917550e+00 +1.6666666666666666e-01 +2.3347563705577183e+00 
+5.6264508039628902e+00 +8.3333333333333337e-01 +2.3363044017781180e+00 
+5.6440128407904924e+00 +8.3333333333333337e-01 +2.3386364017922756e+00 
+5.6548667764616276e+00 +1.6666666666666666e-01 +2.3399708811129045e+00 

+5.6548667764616276e+00 +1.6666666666666666e-01 +2.3399731137277153e+00 
+5.6657207121327628e+00 +8.3333333333333337e-01 +2.3412274981450327e+00 
+5.6832827489603650e+00 +8.3333333333333337e-01 +2.3431062152803319e+00 
+5.6941366846315002e+00 +1.6666666666666666e-01 +2.3441740529527384e+00 

+5.6941366846315002e+00 +1.6666666666666666e-01 +2.3441762081366537e+00 
+5.7049906203026355e+00 +8.3333333333333337e-01 +2.3451742779726370e+00 
+5.7225526571302376e+00 +8.3333333333333337e-01 +2.3466595253668885e+00 
+5.7334065928013729e+00 +1.6666666666666666e-01 +2.3474973222736057e+00 

+5.7334065928013729e+00 +1.6666666666666666e-01 +2.3474993625556970e+00 
+5.7442605284725081e+00 +8.3333333333333337e-01 +2.3482774086638756e+00 
+5.7618225653001094e+00 +8.3333333333333337e-01 +2.3494269320872530e+00 
+5.7726765009712446e+00 +1.6666666666666666e-01 +2.3500697750720962e+00 

+5.7726765009712446e+00 +1.6666666666666666e-01 +2.3500716684170611e+00 
+5.7835304366423799e+00 +8.3333333333333337e-01 +2.3506642893232330e+00 
+5.8010924734699820e+00 +8.3333333333333337e-01 +2.3515327635781196e+00 
+5.8119464091411173e+00 +1.6666666666666666e-01 +2.3520136358876957e+00 

+5.8119464091411173e+00 +1.6666666666666666e-01 +2.3520153563724451e+00 
+5.8228003448122525e+00 +8.3333333333333337e-01 +2.3524548928216609e+00 
+5.8403623816398547e+00 +8.3333333333333337e-01 +2.3530930636600349e+00 
+5.8512163173109899e+00 +1.6666666666666666e-01 +2.3534423497483079e+00 

+5.8512163173109899e+00 +1.6666666666666666e-01 +2.3534438780726763e+00 
+5.8620702529821251e+00 +8.3333333333333337e-01 +2.3537599452398243e+00 
+5.8796322898097264e+00 +8.3333333333333337e-01 +2.3542139349171425e+00 
+5.8904862254808616e+00 +1.6666666666666666e-01 +2.3544590298522428e+00 

+5.8904862254808616e+00 +1.6666666666666666e-01 +2.3544603536720174e+00 
+5.9013401611519969e+00 +8.3333333333333337e-01 +2.3546794805289419e+00 
+5.9189021979795990e+00 +8.3333333333333337e-01 +2.3549902706718306e+00 
+5.9297561336507343e+00 +1.6666666666666666e-01 +2.3551553015582538e+00 

+5.9297561336507343e+00 +1.6666666666666666e-01 +2.3551564156332310e+00 
+5.9406100693218704e+00 +8.3333333333333337e-01 +2.3553017980798501e+00 
+5.9581721061494717e+00 +8.3333333333333337e-01 +2.3555048987875358e+00 
+5.9690260418206069e+00 +1.6666666666666666e-01 +2.3556105626218944e+00 

+5.9690260418206069e+00 +1.6666666666666666e-01 +2.3556114687762362e+00 
+5.9798799774917430e+00 +8.3333333333333337e-01 +2.3557028401090738e+00 
+5.9974420143193434e+00 +8.3333333333333337e-01 +2.3558281492550259e+00 
+6.0082959499904796e+00 +1.6666666666666666e-01 +2.3558916685447873e+00 

+6.0082959499904796e+00 +1.6666666666666666e-01 +2.3558923754417385e+00 
+6.0191498856616148e+00 +8.3333333333333337e-01 +2.3559459946265351e+00 
+6.0367119224892161e+00 +8.3333333333333337e-01 +2.3560178463014010e+00 
+6.0475658581603522e+00 +1.6666666666666666e-01 +2.3560530406710369e+00 

+6.0475658581603522e+00 +1.6666666666666666e-01 +2.3560535634086266e+00 
+6.0584197938314865e+00 +8.3333333333333337e-01 +2.3560823185223967e+00 
+6.0759818306590887e+00 +8.3333333333333337e-01 +2.3561197145879227e+00 
+6.0868357663302239e+00 +1.6666666666666666e-01 +2.3561371835532334e+00 

+6.0868357663302239e+00 +1.6666666666666666e-01 +2.3561375430921152e+00 
+6.0976897020013592e+00 +8.3333333333333337e-01 +2.3561511642815098e+00 
+6.1152517388289613e+00 +8.3333333333333337e-01 +2.3561681782120232e+00 
+6.1261056745000966e+00 +1.6666666666666666e-01 +2.3561755873973085e+00 

+6.1261056745000966e+00 +1.6666666666666666e-01 +2.3561758098360488e+00 
+6.1369596101712318e+00 +8.3333333333333337e-01 +2.3561811832787694e+00 
+6.1545216469988340e+00 +8.3333333333333337e-01 +2.3561875209718046e+00 
+6.1653755826699692e+00 +1.6666666666666666e-01 +2.3561899813484959e+00 

+6.1653755826699692e+00 +1.6666666666666666e-01 +2.3561900970654555e+00 
+6.1762295183411045e+00 +8.3333333333333337e-01 +2.3561916687911411e+00 
+6.1937915551687057e+00 +8.3333333333333337e-01 +2.3561933669440909e+00 
+6.2046454908398410e+00 +1.6666666666666666e-01 +2.3561938942508882e+00 

+6.2046454908398410e+00 +1.6666666666666666e-01 +2.3561939369351466e+00 
+6.2154994265109762e+00 +8.3333333333333337e-01 +2.3561941930272150e+00 
+6.2330614633385784e+00 +8.3333333333333337e-01 +2.3561944321044850e+00 
+6.2439153990097136e+00 +1.6666666666666666e-01 +2.3561944715281742e+00 

+6.2439153990097136e+00 +1.6666666666666666e-01 +2.3561944771247165e+00 
+6.2547693346808488e+00 +8.3333333333333337e-01 +2.3561944848434591e+00 
+6.2723313715084510e+00 +8.3333333333333337e-01 +2.3561944906875061e+00 
+6.2831853071795862e+00 +1.6666666666666666e-01 +2.3561944901924039e+00 


