+0.0000000000000000e+00 +1.0000000000000000e+00 +1.4588405628785723e-09 
+1.9634954084936207e-02 +1.0000000000000000e+00 +1.4588405628785723e-09 

+1.9634954084936207e-02 +1.0000000000000000e+00 +2.6241138188994111e-08 
+3.9269908169872414e-02 +1.0000000000000000e+00 +2.6241138188994111e-08 

+3.9269908169872414e-02 +1.0000000000000000e+00 +1.6748793002547921e-07 
+5.8904862254808621e-02 +1.0000000000000000e+00 +1.6748793002547921e-07 

+5.8904862254808621e-02 +1.0000000000000000e+00 +6.5743708941698015e-07 
+7.8539816339744828e-02 +1.0000000000000000e+00 +6.5743708941698015e-07 

+7.8539816339744828e-02 +1.0000000000000000e+00 +1.9356294193610129e-06 
+9.8174770424681035e-02 +1.0000000000000000e+00 +1.9356294193610129e-06 

+9.8174770424681035e-02 +1.0000000000000000e+00 +4.7155136934372541e-06 
+1.1780972450961724e-01 +1.0000000000000000e+00 +4.7155136934372541e-06 

+1.1780972450961724e-01 +1.0000000000000000e+00 +1.0048933123346698e-05 
+1.3744467859455345e-01 +1.0000000000000000e+00 +1.0048933123346698e-05 

+1.3744467859455345e-01 +1.0000000000000000e+00 +1.9387989456687647e-05 
+1.5707963267948966e-01 +1.0000000000000000e+00 +1.9387989456687647e-05 

+1.5707963267948966e-01 +1.0000000000000000e+00 +3.4643797902935943e-05 
+1.7671458676442586e-01 +1.0000000000000000e+00 +3.4643797902935943e-05 

+1.7671458676442586e-01 +1.0000000000000000e+00 +5.8241666243736159e-05 
+1.9634954084936207e-01 +1.0000000000000000e+00 +5.8241666243736159e-05 

+1.9634954084936207e-01 +1.0000000000000000e+00 +9.3172254679742554e-05 
+2.1598449493429828e-01 +1.0000000000000000e+00 +9.3172254679742554e-05 

+2.1598449493429828e-01 +1.0000000000000000e+00 +1.4303829905558724e-04 
+2.3561944901923448e-01 +1.0000000000000000e+00 +1.4303829905558724e-04 

+2.3561944901923448e-01 +1.0000000000000000e+00 +2.1209650892423175e-04 
+2.5525440310417069e-01 +1.0000000000000000e+00 +2.1209650892423175e-04 

+2.5525440310417069e-01 +1.0000000000000000e+00 +3.0529428328203011e-04 
+2.7488935718910690e-01 +1.0000000000000000e+00 +3.0529428328203011e-04 

+2.7488935718910690e-01 +1.0000000000000000e+00 +4.2830092053039432e-04 
+2.9452431127404310e-01 +1.0000000000000000e+00 +4.2830092053039432e-04 

+2.9452431127404310e-01 +1.0000000000000000e+00 +5.8753303508834228e-04 
+3.1415926535897931e-01 +1.0000000000000000e+00 +5.8753303508834228e-04 

+3.1415926535897931e-01 +1.0000000000000000e+00 +7.9017393086832461e-04 
+3.3379421944391552e-01 +1.0000000000000000e+00 +7.9017393086832461e-04 

+3.3379421944391552e-01 +1.0000000000000000e+00 +1.0441867212993945e-03 
+3.5342917352885173e-01 +1.0000000000000000e+00 +1.0441867212993945e-03 

+3.5342917352885173e-01 +1.0000000000000000e+00 +1.3583210264902412e-03 
+3.7306412761378793e-01 +1.0000000000000000e+00 +1.3583210264902412e-03 

+3.7306412761378793e-01 +1.0000000000000000e+00 +1.7421131202140061e-03 
+3.9269908169872414e-01 +1.0000000000000000e+00 +1.7421131202140061e-03 

+3.9269908169872414e-01 +1.0000000000000000e+00 +2.2058794424037998e-03 
+4.1233403578366035e-01 +1.0000000000000000e+00 +2.2058794424037998e-03 

+4.1233403578366035e-01 +1.0000000000000000e+00 +2.7607034365032656e-03 
+4.3196898986859655e-01 +1.0000000000000000e+00 +2.7607034365032656e-03 

+4.3196898986859655e-01 +1.0000000000000000e+00 +3.4184157150469411e-03 
+4.5160394395353276e-01 +1.0000000000000000e+00 +3.4184157150469411e-03 

+4.5160394395353276e-01 +1.0000000000000000e+00 +4.1915676009747650e-03 
+4.7123889803846897e-01 +1.0000000000000000e+00 +4.1915676009747650e-03 

+4.7123889803846897e-01 +1.0000000000000000e+00 +5.0933981361369896e-03 
+4.9087385212340517e-01 +1.0000000000000000e+00 +5.0933981361369896e-03 

+4.9087385212340517e-01 +1.0000000000000000e+00 +6.1377946919444872e-03 
+5.1050880620834138e-01 +1.0000000000000000e+00 +6.1377946919444872e-03 

+5.1050880620834138e-01 +1.0000000000000000e+00 +7.3392473598914518e-03 
+5.3014376029327759e-01 +1.0000000000000000e+00 +7.3392473598914518e-03 

+5.3014376029327759e-01 +1.0000000000000000e+00 +8.7127973414544025e-03 
+5.4977871437821380e-01 +1.0000000000000000e+00 +8.7127973414544025e-03 

+5.4977871437821380e-01 +1.0000000000000000e+00 +1.0273979597389963e-02 
+5.6941366846315000e-01 +1.0000000000000000e+00 +1.0273979597389963e-02 

+5.6941366846315000e-01 +1.0000000000000000e+00 +1.2038760055459029e-02 
+5.8904862254808621e-01 +1.0000000000000000e+00 +1.2038760055459029e-02 

+5.8904862254808621e-01 +1.0000000000000000e+00 +1.4023467712850752e-02 
+6.0868357663302242e-01 +1.0000000000000000e+00 +1.4023467712850752e-02 

+6.0868357663302242e-01 +1.0000000000000000e+00 +1.6244722004830518e-02 
+6.2831853071795862e-01 +1.0000000000000000e+00 +1.6244722004830518e-02 

+6.2831853071795862e-01 +1.0000000000000000e+00 +1.8719355844169144e-02 
+6.4795348480289483e-01 +1.0000000000000000e+00 +1.8719355844169144e-02 

+6.4795348480289483e-01 +1.0000000000000000e+00 +2.1464334766515804e-02 
+6.6758843888783104e-01 +1.0000000000000000e+00 +2.1464334766515804e-02 

+6.6758843888783104e-01 +1.0000000000000000e+00 +2.4496672644860336e-02 
+6.8722339297276724e-01 +1.0000000000000000e+00 +2.4496672644860336e-02 

+6.8722339297276724e-01 +1.0000000000000000e+00 +2.7833344461412633e-02 
+7.0685834705770345e-01 +1.0000000000000000e+00 +2.7833344461412633e-02 

+7.0685834705770345e-01 +1.0000000000000000e+00 +3.1491196647446693e-02 
+7.2649330114263966e-01 +1.0000000000000000e+00 +3.1491196647446693e-02 

+7.2649330114263966e-01 +1.0000000000000000e+00 +3.5486855520770806e-02 
+7.4612825522757587e-01 +1.0000000000000000e+00 +3.5486855520770806e-02 

+7.4612825522757587e-01 +1.0000000000000000e+00 +3.9836634366369618e-02 
+7.6576320931251207e-01 +1.0000000000000000e+00 +3.9836634366369618e-02 

+7.6576320931251207e-01 +1.0000000000000000e+00 +4.4556439718313655e-02 
+7.8539816339744828e-01 +1.0000000000000000e+00 +4.4556439718313655e-02 

+7.8539816339744828e-01 +1.0000000000000000e+00 +4.9661677410163869e-02 
+8.0503311748238449e-01 +1.0000000000000000e+00 +4.9661677410163869e-02 

+8.0503311748238449e-01 +1.0000000000000000e+00 +5.5167158966749799e-02 
+8.2466807156732069e-01 +1.0000000000000000e+00 +5.5167158966749799e-02 

+8.2466807156732069e-01 +1.0000000000000000e+00 +6.1087008912328614e-02 
+8.4430302565225690e-01 +1.0000000000000000e+00 +6.1087008912328614e-02 

+8.4430302565225690e-01 +1.0000000000000000e+00 +6.7434573568719680e-02 
+8.6393797973719311e-01 +1.0000000000000000e+00 +6.7434573568719680e-02 

+8.6393797973719311e-01 +1.0000000000000000e+00 +7.4222331912056266e-02 
+8.8357293382212931e-01 +1.0000000000000000e+00 +7.4222331912056266e-02 

+8.8357293382212931e-01 +1.0000000000000000e+00 +8.1461809048327810e-02 
+9.0320788790706552e-01 +1.0000000000000000e+00 +8.1461809048327810e-02 

+9.0320788790706552e-01 +1.0000000000000000e+00 +8.9163492855948018e-02 
+9.2284284199200173e-01 +1.0000000000000000e+00 +8.9163492855948018e-02 

+9.2284284199200173e-01 +1.0000000000000000e+00 +9.7336754328242778e-02 
+9.4247779607693793e-01 +1.0000000000000000e+00 +9.7336754328242778e-02 

+9.4247779607693793e-01 +1.0000000000000000e+00 +1.0598977213009599e-01 
+9.6211275016187414e-01 +1.0000000000000000e+00 +1.0598977213009599e-01 

+9.6211275016187414e-01 +1.0000000000000000e+00 +1.1512946186112979e-01 
+9.8174770424681035e-01 +1.0000000000000000e+00 +1.1512946186112979e-01 

+9.8174770424681035e-01 +1.0000000000000000e+00 +1.2476141049285538e-01 
+1.0013826583317464e+00 +1.0000000000000000e+00 +1.2476141049285538e-01 

+1.0013826583317464e+00 +1.0000000000000000e+00 +1.3488981641936204e-01 
+1.0210176124166828e+00 +1.0000000000000000e+00 +1.3488981641936204e-01 

+1.0210176124166828e+00 +1.0000000000000000e+00 +1.4551743553047530e-01 
+1.0406525665016191e+00 +1.0000000000000000e+00 +1.4551743553047530e-01 

+1.0406525665016191e+00 +1.0000000000000000e+00 +1.5664553368310219e-01 
+1.0602875205865552e+00 +1.0000000000000000e+00 +1.5664553368310219e-01 

+1.0602875205865552e+00 +1.0000000000000000e+00 +1.6827384591087957e-01 
+1.0799224746714913e+00 +1.0000000000000000e+00 +1.6827384591087957e-01 

+1.0799224746714913e+00 +1.0000000000000000e+00 +1.8040054267447314e-01 
+1.0995574287564276e+00 +1.0000000000000000e+00 +1.8040054267447314e-01 

+1.0995574287564276e+00 +1.0000000000000000e+00 +1.9302220341516391e-01 
+1.1191923828413639e+00 +1.0000000000000000e+00 +1.9302220341516391e-01 

+1.1191923828413639e+00 +1.0000000000000000e+00 +2.0613379763294504e-01 
+1.1388273369263000e+00 +1.0000000000000000e+00 +2.0613379763294504e-01 

+1.1388273369263000e+00 +1.0000000000000000e+00 +2.1972867366748158e-01 
+1.1584622910112361e+00 +1.0000000000000000e+00 +2.1972867366748158e-01 

+1.1584622910112361e+00 +1.0000000000000000e+00 +2.3379855531622382e-01 
+1.1780972450961724e+00 +1.0000000000000000e+00 +2.3379855531622382e-01 

+1.1780972450961724e+00 +1.0000000000000000e+00 +2.4833354637897248e-01 
+1.1977321991811087e+00 +1.0000000000000000e+00 +2.4833354637897248e-01 

+1.1977321991811087e+00 +1.0000000000000000e+00 +2.6332214317254976e-01 
+1.2173671532660448e+00 +1.0000000000000000e+00 +2.6332214317254976e-01 

+1.2173671532660448e+00 +1.0000000000000000e+00 +2.7875125501319808e-01 
+1.2370021073509809e+00 +1.0000000000000000e+00 +2.7875125501319808e-01 

+1.2370021073509809e+00 +1.0000000000000000e+00 +2.9460623261820396e-01 
+1.2566370614359172e+00 +1.0000000000000000e+00 +2.9460623261820396e-01 

+1.2566370614359172e+00 +1.0000000000000000e+00 +3.1087090433229470e-01 
+1.2762720155208536e+00 +1.0000000000000000e+00 +3.1087090433229470e-01 

+1.2762720155208536e+00 +1.0000000000000000e+00 +3.2752762003886560e-01 
+1.2959069696057897e+00 +1.0000000000000000e+00 +3.2752762003886560e-01 

+1.2959069696057897e+00 +1.0000000000000000e+00 +3.4455730257133815e-01 
+1.3155419236907258e+00 +1.0000000000000000e+00 +3.4455730257133815e-01 

+1.3155419236907258e+00 +1.0000000000000000e+00 +3.6193950639619782e-01 
+1.3351768777756621e+00 +1.0000000000000000e+00 +3.6193950639619782e-01 

+1.3351768777756621e+00 +1.0000000000000000e+00 +3.7965248329678419e-01 
+1.3548118318605984e+00 +1.0000000000000000e+00 +3.7965248329678419e-01 

+1.3548118318605984e+00 +1.0000000000000000e+00 +3.9767325474595766e-01 
+1.3744467859455345e+00 +1.0000000000000000e+00 +3.9767325474595766e-01 

+1.3744467859455345e+00 +1.0000000000000000e+00 +4.1597769061659562e-01 
+1.3940817400304706e+00 +1.0000000000000000e+00 +4.1597769061659562e-01 

+1.3940817400304706e+00 +1.0000000000000000e+00 +4.3454059384172083e-01 
+1.4137166941154069e+00 +1.0000000000000000e+00 +4.3454059384172083e-01 

+1.4137166941154069e+00 +1.0000000000000000e+00 +4.5333579060115847e-01 
+1.4333516482003432e+00 +1.0000000000000000e+00 +4.5333579060115847e-01 

+1.4333516482003432e+00 +1.0000000000000000e+00 +4.7233622557916588e-01 
+1.4529866022852793e+00 +1.0000000000000000e+00 +4.7233622557916588e-01 

+1.4529866022852793e+00 +1.0000000000000000e+00 +4.9151406180767993e-01 
+1.4726215563702154e+00 +1.0000000000000000e+00 +4.9151406180767993e-01 

+1.4726215563702154e+00 +1.0000000000000000e+00 +5.1084078458286553e-01 
+1.4922565104551517e+00 +1.0000000000000000e+00 +5.1084078458286553e-01 

+1.4922565104551517e+00 +1.0000000000000000e+00 +5.3028730891868547e-01 
+1.5118914645400880e+00 +1.0000000000000000e+00 +5.3028730891868547e-01 

+1.5118914645400880e+00 +1.0000000000000000e+00 +5.4982408998039489e-01 
+1.5315264186250241e+00 +1.0000000000000000e+00 +5.4982408998039489e-01 

+1.5315264186250241e+00 +1.0000000000000000e+00 +5.6942123592331673e-01 
+1.5511613727099602e+00 +1.0000000000000000e+00 +5.6942123592331673e-01 

+1.5511613727099602e+00 +1.0000000000000000e+00 +5.8904862254808632e-01 
+1.5707963267948966e+00 +1.0000000000000000e+00 +5.8904862254808632e-01 

+1.5707963267948966e+00 +1.0000000000000000e+00 +6.0867600917285591e-01 
+1.5904312808798329e+00 +1.0000000000000000e+00 +6.0867600917285591e-01 

+1.5904312808798329e+00 +1.0000000000000000e+00 +6.2827315511577786e-01 
+1.6100662349647690e+00 +1.0000000000000000e+00 +6.2827315511577786e-01 

+1.6100662349647690e+00 +1.0000000000000000e+00 +6.4780993617748717e-01 
+1.6297011890497051e+00 +1.0000000000000000e+00 +6.4780993617748717e-01 

+1.6297011890497051e+00 +1.0000000000000000e+00 +6.6725646051330711e-01 
+1.6493361431346414e+00 +1.0000000000000000e+00 +6.6725646051330711e-01 

+1.6493361431346414e+00 +1.0000000000000000e+00 +6.8658318328849277e-01 
+1.6689710972195777e+00 +1.0000000000000000e+00 +6.8658318328849277e-01 

+1.6689710972195777e+00 +1.0000000000000000e+00 +7.0576101951700676e-01 
+1.6886060513045138e+00 +1.0000000000000000e+00 +7.0576101951700676e-01 

+1.6886060513045138e+00 +1.0000000000000000e+00 +7.2476145449501428e-01 
+1.7082410053894499e+00 +1.0000000000000000e+00 +7.2476145449501428e-01 

+1.7082410053894499e+00 +1.0000000000000000e+00 +7.4355665125445203e-01 
+1.7278759594743862e+00 +1.0000000000000000e+00 +7.4355665125445203e-01 

+1.7278759594743862e+00 +1.0000000000000000e+00 +7.6211955447957724e-01 
+1.7475109135593225e+00 +1.0000000000000000e+00 +7.6211955447957724e-01 

+1.7475109135593225e+00 +1.0000000000000000e+00 +7.8042399035021504e-01 
+1.7671458676442586e+00 +1.0000000000000000e+00 +7.8042399035021504e-01 

+1.7671458676442586e+00 +1.0000000000000000e+00 +7.9844476179938861e-01 
+1.7867808217291947e+00 +1.0000000000000000e+00 +7.9844476179938861e-01 

+1.7867808217291947e+00 +1.0000000000000000e+00 +8.1615773869997499e-01 
+1.8064157758141310e+00 +1.0000000000000000e+00 +8.1615773869997499e-01 

+1.8064157758141310e+00 +1.0000000000000000e+00 +8.3353994252483465e-01 
+1.8260507298990674e+00 +1.0000000000000000e+00 +8.3353994252483465e-01 

+1.8260507298990674e+00 +1.0000000000000000e+00 +8.5056962505730715e-01 
+1.8456856839840035e+00 +1.0000000000000000e+00 +8.5056962505730715e-01 

+1.8456856839840035e+00 +1.0000000000000000e+00 +8.6722634076387806e-01 
+1.8653206380689396e+00 +1.0000000000000000e+00 +8.6722634076387806e-01 

+1.8653206380689396e+00 +1.0000000000000000e+00 +8.8349101247796880e-01 
+1.8849555921538759e+00 +1.0000000000000000e+00 +8.8349101247796880e-01 

+1.8849555921538759e+00 +1.0000000000000000e+00 +8.9934599008297467e-01 
+1.9045905462388122e+00 +1.0000000000000000e+00 +8.9934599008297467e-01 

+1.9045905462388122e+00 +1.0000000000000000e+00 +9.1477510192362299e-01 
+1.9242255003237483e+00 +1.0000000000000000e+00 +9.1477510192362299e-01 

+1.9242255003237483e+00 +1.0000000000000000e+00 +9.2976369871720022e-01 
+1.9438604544086844e+00 +1.0000000000000000e+00 +9.2976369871720022e-01 

+1.9438604544086844e+00 +1.0000000000000000e+00 +9.4429868977994880e-01 
+1.9634954084936207e+00 +1.0000000000000000e+00 +9.4429868977994880e-01 

+1.9634954084936207e+00 +1.0000000000000000e+00 +9.5836857142869114e-01 
+1.9831303625785570e+00 +1.0000000000000000e+00 +9.5836857142869114e-01 

+1.9831303625785570e+00 +1.0000000000000000e+00 +9.7196344746322749e-01 
+2.0027653166634929e+00 +1.0000000000000000e+00 +9.7196344746322749e-01 

+2.0027653166634929e+00 +1.0000000000000000e+00 +9.8507504168100890e-01 
+2.0224002707484292e+00 +1.0000000000000000e+00 +9.8507504168100890e-01 

+2.0224002707484292e+00 +1.0000000000000000e+00 +9.9769670242169961e-01 
+2.0420352248333655e+00 +1.0000000000000000e+00 +9.9769670242169961e-01 

+2.0420352248333655e+00 +1.0000000000000000e+00 +1.0098233991852932e+00 
+2.0616701789183018e+00 +1.0000000000000000e+00 +1.0098233991852932e+00 

+2.0616701789183018e+00 +1.0000000000000000e+00 +1.0214517114130708e+00 
+2.0813051330032382e+00 +1.0000000000000000e+00 +1.0214517114130708e+00 

+2.0813051330032382e+00 +1.0000000000000000e+00 +1.0325798095656973e+00 
+2.1009400870881740e+00 +1.0000000000000000e+00 +1.0325798095656973e+00 

+2.1009400870881740e+00 +1.0000000000000000e+00 +1.0432074286768109e+00 
+2.1205750411731104e+00 +1.0000000000000000e+00 +1.0432074286768109e+00 

+2.1205750411731104e+00 +1.0000000000000000e+00 +1.0533358346033173e+00 
+2.1402099952580467e+00 +1.0000000000000000e+00 +1.0533358346033173e+00 

+2.1402099952580467e+00 +1.0000000000000000e+00 +1.0629677832350426e+00 
+2.1598449493429825e+00 +1.0000000000000000e+00 +1.0629677832350426e+00 

+2.1598449493429825e+00 +1.0000000000000000e+00 +1.0721074729660764e+00 
+2.1794799034279189e+00 +1.0000000000000000e+00 +1.0721074729660764e+00 

+2.1794799034279189e+00 +1.0000000000000000e+00 +1.0807604907679298e+00 
+2.1991148575128552e+00 +1.0000000000000000e+00 +1.0807604907679298e+00 

+2.1991148575128552e+00 +1.0000000000000000e+00 +1.0889337522402245e+00 
+2.2187498115977915e+00 +1.0000000000000000e+00 +1.0889337522402245e+00 

+2.2187498115977915e+00 +1.0000000000000000e+00 +1.0966354360478450e+00 
+2.2383847656827278e+00 +1.0000000000000000e+00 +1.0966354360478450e+00 

+2.2383847656827278e+00 +1.0000000000000000e+00 +1.1038749131841166e+00 
+2.2580197197676637e+00 +1.0000000000000000e+00 +1.1038749131841166e+00 

+2.2580197197676637e+00 +1.0000000000000000e+00 +1.1106626715274532e+00 
+2.2776546738526000e+00 +1.0000000000000000e+00 +1.1106626715274532e+00 

+2.2776546738526000e+00 +1.0000000000000000e+00 +1.1170102361838443e+00 
+2.2972896279375363e+00 +1.0000000000000000e+00 +1.1170102361838443e+00 

+2.2972896279375363e+00 +1.0000000000000000e+00 +1.1229300861294231e+00 
+2.3169245820224722e+00 +1.0000000000000000e+00 +1.1229300861294231e+00 

+2.3169245820224722e+00 +1.0000000000000000e+00 +1.1284355676860089e+00 
+2.3365595361074085e+00 +1.0000000000000000e+00 +1.1284355676860089e+00 

+2.3365595361074085e+00 +1.0000000000000000e+00 +1.1335408053778591e+00 
+2.3561944901923448e+00 +1.0000000000000000e+00 +1.1335408053778591e+00 

+2.3561944901923448e+00 +1.0000000000000000e+00 +1.1382606107298032e+00 
+2.3758294442772812e+00 +1.0000000000000000e+00 +1.1382606107298032e+00 

+2.3758294442772812e+00 +1.0000000000000000e+00 +1.1426103895754021e+00 
+2.3954643983622175e+00 +1.0000000000000000e+00 +1.1426103895754021e+00 

+2.3954643983622175e+00 +1.0000000000000000e+00 +1.1466060484487262e+00 
+2.4150993524471533e+00 +1.0000000000000000e+00 +1.1466060484487262e+00 

+2.4150993524471533e+00 +1.0000000000000000e+00 +1.1502639006347604e+00 
+2.4347343065320897e+00 +1.0000000000000000e+00 +1.1502639006347604e+00 

+2.4347343065320897e+00 +1.0000000000000000e+00 +1.1536005724513130e+00 
+2.4543692606170260e+00 +1.0000000000000000e+00 +1.1536005724513130e+00 

+2.4543692606170260e+00 +1.0000000000000000e+00 +1.1566329103296575e+00 
+2.4740042147019619e+00 +1.0000000000000000e+00 +1.1566329103296575e+00 

+2.4740042147019619e+00 +1.0000000000000000e+00 +1.1593778892520044e+00 
+2.4936391687868982e+00 +1.0000000000000000e+00 +1.1593778892520044e+00 

+2.4936391687868982e+00 +1.0000000000000000e+00 +1.1618525230913430e+00 
+2.5132741228718345e+00 +1.0000000000000000e+00 +1.1618525230913430e+00 

+2.5132741228718345e+00 +1.0000000000000000e+00 +1.1640737773833227e+00 
+2.5329090769567708e+00 +1.0000000000000000e+00 +1.1640737773833227e+00 

+2.5329090769567708e+00 +1.0000000000000000e+00 +1.1660584850407143e+00 
+2.5525440310417071e+00 +1.0000000000000000e+00 +1.1660584850407143e+00 

+2.5525440310417071e+00 +1.0000000000000000e+00 +1.1678232654987837e+00 
+2.5721789851266430e+00 +1.0000000000000000e+00 +1.1678232654987837e+00 

+2.5721789851266430e+00 +1.0000000000000000e+00 +1.1693844477547191e+00 
+2.5918139392115793e+00 +1.0000000000000000e+00 +1.1693844477547191e+00 

+2.5918139392115793e+00 +1.0000000000000000e+00 +1.1707579977362821e+00 
+2.6114488932965156e+00 +1.0000000000000000e+00 +1.1707579977362821e+00 

+2.6114488932965156e+00 +1.0000000000000000e+00 +1.1719594504042292e+00 
+2.6310838473814515e+00 +1.0000000000000000e+00 +1.1719594504042292e+00 

+2.6310838473814515e+00 +1.0000000000000000e+00 +1.1730038469600368e+00 
+2.6507188014663878e+00 +1.0000000000000000e+00 +1.1730038469600368e+00 

+2.6507188014663878e+00 +1.0000000000000000e+00 +1.1739056774951990e+00 
+2.6703537555513241e+00 +1.0000000000000000e+00 +1.1739056774951990e+00 

+2.6703537555513241e+00 +1.0000000000000000e+00 +1.1746788293811270e+00 
+2.6899887096362605e+00 +1.0000000000000000e+00 +1.1746788293811270e+00 

+2.6899887096362605e+00 +1.0000000000000000e+00 +1.1753365416596706e+00 
+2.7096236637211968e+00 +1.0000000000000000e+00 +1.1753365416596706e+00 

+2.7096236637211968e+00 +1.0000000000000000e+00 +1.1758913656537699e+00 
+2.7292586178061327e+00 +1.0000000000000000e+00 +1.1758913656537699e+00 

+2.7292586178061327e+00 +1.0000000000000000e+00 +1.1763551319759600e+00 
+2.7488935718910690e+00 +1.0000000000000000e+00 +1.1763551319759600e+00 

+2.7488935718910690e+00 +1.0000000000000000e+00 +1.1767389240696837e+00 
+2.7685285259760053e+00 +1.0000000000000000e+00 +1.1767389240696837e+00 

+2.7685285259760053e+00 +1.0000000000000000e+00 +1.1770530583748746e+00 
+2.7881634800609412e+00 +1.0000000000000000e+00 +1.1770530583748746e+00 

+2.7881634800609412e+00 +1.0000000000000000e+00 +1.1773070711653055e+00 
+2.8077984341458775e+00 +1.0000000000000000e+00 +1.1773070711653055e+00 

+2.8077984341458775e+00 +1.0000000000000000e+00 +1.1775097120610858e+00 
+2.8274333882308138e+00 +1.0000000000000000e+00 +1.1775097120610858e+00 

+2.8274333882308138e+00 +1.0000000000000000e+00 +1.1776689441756436e+00 
+2.8470683423157501e+00 +1.0000000000000000e+00 +1.1776689441756436e+00 

+2.8470683423157501e+00 +1.0000000000000000e+00 +1.1777919508128920e+00 
+2.8667032964006864e+00 +1.0000000000000000e+00 +1.1777919508128920e+00 

+2.8667032964006864e+00 +1.0000000000000000e+00 +1.1778851485872499e+00 
+2.8863382504856223e+00 +1.0000000000000000e+00 +1.1778851485872499e+00 

+2.8863382504856223e+00 +1.0000000000000000e+00 +1.1779542067971187e+00 
+2.9059732045705586e+00 +1.0000000000000000e+00 +1.1779542067971187e+00 

+2.9059732045705586e+00 +1.0000000000000000e+00 +1.1780040728414947e+00 
+2.9256081586554950e+00 +1.0000000000000000e+00 +1.1780040728414947e+00 

+2.9256081586554950e+00 +1.0000000000000000e+00 +1.1780390034299306e+00 
+2.9452431127404308e+00 +1.0000000000000000e+00 +1.1780390034299306e+00 

+2.9452431127404308e+00 +1.0000000000000000e+00 +1.1780626012982716e+00 
+2.9648780668253671e+00 +1.0000000000000000e+00 +1.1780626012982716e+00 

+2.9648780668253671e+00 +1.0000000000000000e+00 +1.1780778571067179e+00 
+2.9845130209103035e+00 +1.0000000000000000e+00 +1.1780778571067179e+00 

+2.9845130209103035e+00 +1.0000000000000000e+00 +1.1780871961630512e+00 
+3.0041479749952398e+00 +1.0000000000000000e+00 +1.1780871961630512e+00 

+3.0041479749952398e+00 +1.0000000000000000e+00 +1.1780925295824809e+00 
+3.0237829290801761e+00 +1.0000000000000000e+00 +1.1780925295824809e+00 

+3.0237829290801761e+00 +1.0000000000000000e+00 +1.1780953094667552e+00 
+3.0434178831651120e+00 +1.0000000000000000e+00 +1.1780953094667552e+00 

+3.0434178831651120e+00 +1.0000000000000000e+00 +1.1780965876590850e+00 
+3.0630528372500483e+00 +1.0000000000000000e+00 +1.1780965876590850e+00 

+3.0630528372500483e+00 +1.0000000000000000e+00 +1.1780970776082444e+00 
+3.0826877913349846e+00 +1.0000000000000000e+00 +1.1780970776082444e+00 

+3.0826877913349846e+00 +1.0000000000000000e+00 +1.1780972188550365e+00 
+3.1023227454199205e+00 +1.0000000000000000e+00 +1.1780972188550365e+00 

+3.1023227454199205e+00 +1.0000000000000000e+00 +1.1780972436373340e+00 
+3.1219576995048568e+00 +1.0000000000000000e+00 +1.1780972436373340e+00 

+3.1219576995048568e+00 +1.0000000000000000e+00 +1.1780972450961746e+00 
+3.1415926535897931e+00 +1.0000000000000000e+00 +1.1780972450961746e+00 

+3.1415926535897931e+00 +1.0000000000000000e+00 +1.1780972465550152e+00 
+3.1612276076747294e+00 +1.0000000000000000e+00 +1.1780972465550152e+00 

+3.1612276076747294e+00 +1.0000000000000000e+00 +1.1780972713373130e+00 
+3.1808625617596658e+00 +1.0000000000000000e+00 +1.1780972713373130e+00 

+3.1808625617596658e+00 +1.0000000000000000e+00 +1.1780974125841048e+00 
+3.2004975158446016e+00 +1.0000000000000000e+00 +1.1780974125841048e+00 

+3.2004975158446016e+00 +1.0000000000000000e+00 +1.1780979025332643e+00 
+3.2201324699295379e+00 +1.0000000000000000e+00 +1.1780979025332643e+00 

+3.2201324699295379e+00 +1.0000000000000000e+00 +1.1780991807255941e+00 
+3.2397674240144743e+00 +1.0000000000000000e+00 +1.1780991807255941e+00 

+3.2397674240144743e+00 +1.0000000000000000e+00 +1.1781019606098684e+00 
+3.2594023780994101e+00 +1.0000000000000000e+00 +1.1781019606098684e+00 

+3.2594023780994101e+00 +1.0000000000000000e+00 +1.1781072940292983e+00 
+3.2790373321843465e+00 +1.0000000000000000e+00 +1.1781072940292983e+00 

+3.2790373321843465e+00 +1.0000000000000000e+00 +1.1781166330856316e+00 
+3.2986722862692828e+00 +1.0000000000000000e+00 +1.1781166330856316e+00 

+3.2986722862692828e+00 +1.0000000000000000e+00 +1.1781318888940779e+00 
+3.3183072403542191e+00 +1.0000000000000000e+00 +1.1781318888940779e+00 

+3.3183072403542191e+00 +1.0000000000000000e+00 +1.1781554867624187e+00 
+3.3379421944391554e+00 +1.0000000000000000e+00 +1.1781554867624187e+00 

+3.3379421944391554e+00 +1.0000000000000000e+00 +1.1781904173508546e+00 
+3.3575771485240913e+00 +1.0000000000000000e+00 +1.1781904173508546e+00 

+3.3575771485240913e+00 +1.0000000000000000e+00 +1.1782402833952306e+00 
+3.3772121026090276e+00 +1.0000000000000000e+00 +1.1782402833952306e+00 

+3.3772121026090276e+00 +1.0000000000000000e+00 +1.1783093416050994e+00 
+3.3968470566939639e+00 +1.0000000000000000e+00 +1.1783093416050994e+00 

+3.3968470566939639e+00 +1.0000000000000000e+00 +1.1784025393794573e+00 
+3.4164820107788998e+00 +1.0000000000000000e+00 +1.1784025393794573e+00 

+3.4164820107788998e+00 +1.0000000000000000e+00 +1.1785255460167057e+00 
+3.4361169648638361e+00 +1.0000000000000000e+00 +1.1785255460167057e+00 

+3.4361169648638361e+00 +1.0000000000000000e+00 +1.1786847781312635e+00 
+3.4557519189487724e+00 +1.0000000000000000e+00 +1.1786847781312635e+00 

+3.4557519189487724e+00 +1.0000000000000000e+00 +1.1788874190270433e+00 
+3.4753868730337087e+00 +1.0000000000000000e+00 +1.1788874190270433e+00 

+3.4753868730337087e+00 +1.0000000000000000e+00 +1.1791414318174747e+00 
+3.4950218271186451e+00 +1.0000000000000000e+00 +1.1791414318174747e+00 

+3.4950218271186451e+00 +1.0000000000000000e+00 +1.1794555661226656e+00 
+3.5146567812035809e+00 +1.0000000000000000e+00 +1.1794555661226656e+00 

+3.5146567812035809e+00 +1.0000000000000000e+00 +1.1798393582163893e+00 
+3.5342917352885173e+00 +1.0000000000000000e+00 +1.1798393582163893e+00 

+3.5342917352885173e+00 +1.0000000000000000e+00 +1.1803031245385791e+00 
+3.5539266893734536e+00 +1.0000000000000000e+00 +1.1803031245385791e+00 

+3.5539266893734536e+00 +1.0000000000000000e+00 +1.1808579485326787e+00 
+3.5735616434583894e+00 +1.0000000000000000e+00 +1.1808579485326787e+00 

+3.5735616434583894e+00 +1.0000000000000000e+00 +1.1815156608112223e+00 
+3.5931965975433258e+00 +1.0000000000000000e+00 +1.1815156608112223e+00 

+3.5931965975433258e+00 +1.0000000000000000e+00 +1.1822888126971500e+00 
+3.6128315516282621e+00 +1.0000000000000000e+00 +1.1822888126971500e+00 

+3.6128315516282621e+00 +1.0000000000000000e+00 +1.1831906432323123e+00 
+3.6324665057131984e+00 +1.0000000000000000e+00 +1.1831906432323123e+00 

+3.6324665057131984e+00 +1.0000000000000000e+00 +1.1842350397881196e+00 
+3.6521014597981347e+00 +1.0000000000000000e+00 +1.1842350397881196e+00 

+3.6521014597981347e+00 +1.0000000000000000e+00 +1.1854364924560665e+00 
+3.6717364138830706e+00 +1.0000000000000000e+00 +1.1854364924560665e+00 

+3.6717364138830706e+00 +1.0000000000000000e+00 +1.1868100424376296e+00 
+3.6913713679680069e+00 +1.0000000000000000e+00 +1.1868100424376296e+00 

+3.6913713679680069e+00 +1.0000000000000000e+00 +1.1883712246935652e+00 
+3.7110063220529432e+00 +1.0000000000000000e+00 +1.1883712246935652e+00 

+3.7110063220529432e+00 +1.0000000000000000e+00 +1.1901360051516341e+00 
+3.7306412761378791e+00 +1.0000000000000000e+00 +1.1901360051516341e+00 

+3.7306412761378791e+00 +1.0000000000000000e+00 +1.1921207128090259e+00 
+3.7502762302228154e+00 +1.0000000000000000e+00 +1.1921207128090259e+00 

+3.7502762302228154e+00 +1.0000000000000000e+00 +1.1943419671010060e+00 
+3.7699111843077517e+00 +1.0000000000000000e+00 +1.1943419671010060e+00 

+3.7699111843077517e+00 +1.0000000000000000e+00 +1.1968166009403443e+00 
+3.7895461383926881e+00 +1.0000000000000000e+00 +1.1968166009403443e+00 

+3.7895461383926881e+00 +1.0000000000000000e+00 +1.1995615798626909e+00 
+3.8091810924776244e+00 +1.0000000000000000e+00 +1.1995615798626909e+00 

+3.8091810924776244e+00 +1.0000000000000000e+00 +1.2025939177410356e+00 
+3.8288160465625602e+00 +1.0000000000000000e+00 +1.2025939177410356e+00 

+3.8288160465625602e+00 +1.0000000000000000e+00 +1.2059305895575880e+00 
+3.8484510006474966e+00 +1.0000000000000000e+00 +1.2059305895575880e+00 

+3.8484510006474966e+00 +1.0000000000000000e+00 +1.2095884417436222e+00 
+3.8680859547324329e+00 +1.0000000000000000e+00 +1.2095884417436222e+00 

+3.8680859547324329e+00 +1.0000000000000000e+00 +1.2135841006169465e+00 
+3.8877209088173688e+00 +1.0000000000000000e+00 +1.2135841006169465e+00 

+3.8877209088173688e+00 +1.0000000000000000e+00 +1.2179338794625452e+00 
+3.9073558629023051e+00 +1.0000000000000000e+00 +1.2179338794625452e+00 

+3.9073558629023051e+00 +1.0000000000000000e+00 +1.2226536848144893e+00 
+3.9269908169872414e+00 +1.0000000000000000e+00 +1.2226536848144893e+00 

+3.9269908169872414e+00 +1.0000000000000000e+00 +1.2277589225063394e+00 
+3.9466257710721777e+00 +1.0000000000000000e+00 +1.2277589225063394e+00 

+3.9466257710721777e+00 +1.0000000000000000e+00 +1.2332644040629255e+00 
+3.9662607251571140e+00 +1.0000000000000000e+00 +1.2332644040629255e+00 

+3.9662607251571140e+00 +1.0000000000000000e+00 +1.2391842540085038e+00 
+3.9858956792420499e+00 +1.0000000000000000e+00 +1.2391842540085038e+00 

+3.9858956792420499e+00 +1.0000000000000000e+00 +1.2455318186648952e+00 
+4.0055306333269858e+00 +1.0000000000000000e+00 +1.2455318186648952e+00 

+4.0055306333269858e+00 +1.0000000000000000e+00 +1.2523195770082318e+00 
+4.0251655874119221e+00 +1.0000000000000000e+00 +1.2523195770082318e+00 

+4.0251655874119221e+00 +1.0000000000000000e+00 +1.2595590541445034e+00 
+4.0448005414968584e+00 +1.0000000000000000e+00 +1.2595590541445034e+00 

+4.0448005414968584e+00 +1.0000000000000000e+00 +1.2672607379521237e+00 
+4.0644354955817947e+00 +1.0000000000000000e+00 +1.2672607379521237e+00 

+4.0644354955817947e+00 +1.0000000000000000e+00 +1.2754339994244184e+00 
+4.0840704496667311e+00 +1.0000000000000000e+00 +1.2754339994244184e+00 

+4.0840704496667311e+00 +1.0000000000000000e+00 +1.2840870172262715e+00 
+4.1037054037516674e+00 +1.0000000000000000e+00 +1.2840870172262715e+00 

+4.1037054037516674e+00 +1.0000000000000000e+00 +1.2932267069573056e+00 
+4.1233403578366037e+00 +1.0000000000000000e+00 +1.2932267069573056e+00 

+4.1233403578366037e+00 +1.0000000000000000e+00 +1.3028586555890311e+00 
+4.1429753119215400e+00 +1.0000000000000000e+00 +1.3028586555890311e+00 

+4.1429753119215400e+00 +1.0000000000000000e+00 +1.3129870615155379e+00 
+4.1626102660064763e+00 +1.0000000000000000e+00 +1.3129870615155379e+00 

+4.1626102660064763e+00 +1.0000000000000000e+00 +1.3236146806266507e+00 
+4.1822452200914118e+00 +1.0000000000000000e+00 +1.3236146806266507e+00 

+4.1822452200914118e+00 +1.0000000000000000e+00 +1.3347427787792776e+00 
+4.2018801741763481e+00 +1.0000000000000000e+00 +1.3347427787792776e+00 

+4.2018801741763481e+00 +1.0000000000000000e+00 +1.3463710910070550e+00 
+4.2215151282612844e+00 +1.0000000000000000e+00 +1.3463710910070550e+00 

+4.2215151282612844e+00 +1.0000000000000000e+00 +1.3584977877706488e+00 
+4.2411500823462207e+00 +1.0000000000000000e+00 +1.3584977877706488e+00 

+4.2411500823462207e+00 +1.0000000000000000e+00 +1.3711194485113394e+00 
+4.2607850364311570e+00 +1.0000000000000000e+00 +1.3711194485113394e+00 

+4.2607850364311570e+00 +1.0000000000000000e+00 +1.3842310427291205e+00 
+4.2804199905160933e+00 +1.0000000000000000e+00 +1.3842310427291205e+00 

+4.2804199905160933e+00 +1.0000000000000000e+00 +1.3978259187636575e+00 
+4.3000549446010297e+00 +1.0000000000000000e+00 +1.3978259187636575e+00 

+4.3000549446010297e+00 +1.0000000000000000e+00 +1.4118958004123987e+00 
+4.3196898986859651e+00 +1.0000000000000000e+00 +1.4118958004123987e+00 

+4.3196898986859651e+00 +1.0000000000000000e+00 +1.4264307914751475e+00 
+4.3393248527709014e+00 +1.0000000000000000e+00 +1.4264307914751475e+00 

+4.3393248527709014e+00 +1.0000000000000000e+00 +1.4414193882687252e+00 
+4.3589598068558377e+00 +1.0000000000000000e+00 +1.4414193882687252e+00 

+4.3589598068558377e+00 +1.0000000000000000e+00 +1.4568485001093736e+00 
+4.3785947609407740e+00 +1.0000000000000000e+00 +1.4568485001093736e+00 

+4.3785947609407740e+00 +1.0000000000000000e+00 +1.4727034777143795e+00 
+4.3982297150257104e+00 +1.0000000000000000e+00 +1.4727034777143795e+00 

+4.3982297150257104e+00 +1.0000000000000000e+00 +1.4889681494284703e+00 
+4.4178646691106467e+00 +1.0000000000000000e+00 +1.4889681494284703e+00 

+4.4178646691106467e+00 +1.0000000000000000e+00 +1.5056248651350412e+00 
+4.4374996231955830e+00 +1.0000000000000000e+00 +1.5056248651350412e+00 

+4.4374996231955830e+00 +1.0000000000000000e+00 +1.5226545476675140e+00 
+4.4571345772805193e+00 +1.0000000000000000e+00 +1.5226545476675140e+00 

+4.4571345772805193e+00 +1.0000000000000000e+00 +1.5400367514923738e+00 
+4.4767695313654556e+00 +1.0000000000000000e+00 +1.5400367514923738e+00 

+4.4767695313654556e+00 +1.0000000000000000e+00 +1.5577497283929596e+00 
+4.4964044854503911e+00 +1.0000000000000000e+00 +1.5577497283929596e+00 

+4.4964044854503911e+00 +1.0000000000000000e+00 +1.5757704998421334e+00 
+4.5160394395353274e+00 +1.0000000000000000e+00 +1.5757704998421334e+00 

+4.5160394395353274e+00 +1.0000000000000000e+00 +1.5940749357127717e+00 
+4.5356743936202637e+00 +1.0000000000000000e+00 +1.5940749357127717e+00 

+4.5356743936202637e+00 +1.0000000000000000e+00 +1.6126378389378968e+00 
+4.5553093477052000e+00 +1.0000000000000000e+00 +1.6126378389378968e+00 

+4.5553093477052000e+00 +1.0000000000000000e+00 +1.6314330356973346e+00 
+4.5749443017901363e+00 +1.0000000000000000e+00 +1.6314330356973346e+00 

+4.5749443017901363e+00 +1.0000000000000000e+00 +1.6504334706753419e+00 
+4.5945792558750727e+00 +1.0000000000000000e+00 +1.6504334706753419e+00 

+4.5945792558750727e+00 +1.0000000000000000e+00 +1.6696113069038563e+00 
+4.6142142099600090e+00 +1.0000000000000000e+00 +1.6696113069038563e+00 

+4.6142142099600090e+00 +1.0000000000000000e+00 +1.6889380296790413e+00 
+4.6338491640449444e+00 +1.0000000000000000e+00 +1.6889380296790413e+00 

+4.6338491640449444e+00 +1.0000000000000000e+00 +1.7083845540148612e+00 
+4.6534841181298807e+00 +1.0000000000000000e+00 +1.7083845540148612e+00 

+4.6534841181298807e+00 +1.0000000000000000e+00 +1.7279213350765708e+00 
+4.6731190722148170e+00 +1.0000000000000000e+00 +1.7279213350765708e+00 

+4.6731190722148170e+00 +1.0000000000000000e+00 +1.7475184810194926e+00 
+4.6927540262997534e+00 +1.0000000000000000e+00 +1.7475184810194926e+00 

+4.6927540262997534e+00 +1.0000000000000000e+00 +1.7671458676442620e+00 
+4.7123889803846897e+00 +1.0000000000000000e+00 +1.7671458676442620e+00 

+4.7123889803846897e+00 +1.0000000000000000e+00 +1.7867732542690320e+00 
+4.7320239344696260e+00 +1.0000000000000000e+00 +1.7867732542690320e+00 

+4.7320239344696260e+00 +1.0000000000000000e+00 +1.8063704002119541e+00 
+4.7516588885545623e+00 +1.0000000000000000e+00 +1.8063704002119541e+00 

+4.7516588885545623e+00 +1.0000000000000000e+00 +1.8259071812736638e+00 
+4.7712938426394986e+00 +1.0000000000000000e+00 +1.8259071812736638e+00 

+4.7712938426394986e+00 +1.0000000000000000e+00 +1.8453537056094838e+00 
+4.7909287967244349e+00 +1.0000000000000000e+00 +1.8453537056094838e+00 

+4.7909287967244349e+00 +1.0000000000000000e+00 +1.8646804283846683e+00 
+4.8105637508093704e+00 +1.0000000000000000e+00 +1.8646804283846683e+00 

+4.8105637508093704e+00 +1.0000000000000000e+00 +1.8838582646131825e+00 
+4.8301987048943067e+00 +1.0000000000000000e+00 +1.8838582646131825e+00 

+4.8301987048943067e+00 +1.0000000000000000e+00 +1.9028586995911903e+00 
+4.8498336589792430e+00 +1.0000000000000000e+00 +1.9028586995911903e+00 

+4.8498336589792430e+00 +1.0000000000000000e+00 +1.9216538963506282e+00 
+4.8694686130641793e+00 +1.0000000000000000e+00 +1.9216538963506282e+00 

+4.8694686130641793e+00 +1.0000000000000000e+00 +1.9402167995757531e+00 
+4.8891035671491156e+00 +1.0000000000000000e+00 +1.9402167995757531e+00 

+4.8891035671491156e+00 +1.0000000000000000e+00 +1.9585212354463915e+00 
+4.9087385212340520e+00 +1.0000000000000000e+00 +1.9585212354463915e+00 

+4.9087385212340520e+00 +1.0000000000000000e+00 +1.9765420068955648e+00 
+4.9283734753189883e+00 +1.0000000000000000e+00 +1.9765420068955648e+00 

+4.9283734753189883e+00 +1.0000000000000000e+00 +1.9942549837961510e+00 
+4.9480084294039237e+00 +1.0000000000000000e+00 +1.9942549837961510e+00 

+4.9480084294039237e+00 +1.0000000000000000e+00 +2.0116371876210102e+00 
+4.9676433834888600e+00 +1.0000000000000000e+00 +2.0116371876210102e+00 

+4.9676433834888600e+00 +1.0000000000000000e+00 +2.0286668701534829e+00 
+4.9872783375737963e+00 +1.0000000000000000e+00 +2.0286668701534829e+00 

+4.9872783375737963e+00 +1.0000000000000000e+00 +2.0453235858600545e+00 
+5.0069132916587327e+00 +1.0000000000000000e+00 +2.0453235858600545e+00 

+5.0069132916587327e+00 +1.0000000000000000e+00 +2.0615882575741447e+00 
+5.0265482457436690e+00 +1.0000000000000000e+00 +2.0615882575741447e+00 

+5.0265482457436690e+00 +1.0000000000000000e+00 +2.0774432351791505e+00 
+5.0461831998286053e+00 +1.0000000000000000e+00 +2.0774432351791505e+00 

+5.0461831998286053e+00 +1.0000000000000000e+00 +2.0928723470197999e+00 
+5.0658181539135416e+00 +1.0000000000000000e+00 +2.0928723470197999e+00 

+5.0658181539135416e+00 +1.0000000000000000e+00 +2.1078609438133773e+00 
+5.0854531079984779e+00 +1.0000000000000000e+00 +2.1078609438133773e+00 

+5.0854531079984779e+00 +1.0000000000000000e+00 +2.1223959348761259e+00 
+5.1050880620834143e+00 +1.0000000000000000e+00 +2.1223959348761259e+00 

+5.1050880620834143e+00 +1.0000000000000000e+00 +2.1364658165248671e+00 
+5.1247230161683497e+00 +1.0000000000000000e+00 +2.1364658165248671e+00 

+5.1247230161683497e+00 +1.0000000000000000e+00 +2.1500606925594035e+00 
+5.1443579702532860e+00 +1.0000000000000000e+00 +2.1500606925594035e+00 

+5.1443579702532860e+00 +1.0000000000000000e+00 +2.1631722867771854e+00 
+5.1639929243382223e+00 +1.0000000000000000e+00 +2.1631722867771854e+00 

+5.1639929243382223e+00 +1.0000000000000000e+00 +2.1757939475178762e+00 
+5.1836278784231586e+00 +1.0000000000000000e+00 +2.1757939475178762e+00 

+5.1836278784231586e+00 +1.0000000000000000e+00 +2.1879206442814700e+00 
+5.2032628325080950e+00 +1.0000000000000000e+00 +2.1879206442814700e+00 

+5.2032628325080950e+00 +1.0000000000000000e+00 +2.1995489565092470e+00 
+5.2228977865930313e+00 +1.0000000000000000e+00 +2.1995489565092470e+00 

+5.2228977865930313e+00 +1.0000000000000000e+00 +2.2106770546618737e+00 
+5.2425327406779676e+00 +1.0000000000000000e+00 +2.2106770546618737e+00 

+5.2425327406779676e+00 +1.0000000000000000e+00 +2.2213046737729867e+00 
+5.2621676947629030e+00 +1.0000000000000000e+00 +2.2213046737729867e+00 

+5.2621676947629030e+00 +1.0000000000000000e+00 +2.2314330796994941e+00 
+5.2818026488478393e+00 +1.0000000000000000e+00 +2.2314330796994941e+00 

+5.2818026488478393e+00 +1.0000000000000000e+00 +2.2410650283312199e+00 
+5.3014376029327757e+00 +1.0000000000000000e+00 +2.2410650283312199e+00 

+5.3014376029327757e+00 +1.0000000000000000e+00 +2.2502047180622529e+00 
+5.3210725570177120e+00 +1.0000000000000000e+00 +2.2502047180622529e+00 

+5.3210725570177120e+00 +1.0000000000000000e+00 +2.2588577358641069e+00 
+5.3407075111026483e+00 +1.0000000000000000e+00 +2.2588577358641069e+00 

+5.3407075111026483e+00 +1.0000000000000000e+00 +2.2670309973364016e+00 
+5.3603424651875846e+00 +1.0000000000000000e+00 +2.2670309973364016e+00 

+5.3603424651875846e+00 +1.0000000000000000e+00 +2.2747326811440218e+00 
+5.3799774192725209e+00 +1.0000000000000000e+00 +2.2747326811440218e+00 

+5.3799774192725209e+00 +1.0000000000000000e+00 +2.2819721582802934e+00 
+5.3996123733574573e+00 +1.0000000000000000e+00 +2.2819721582802934e+00 

+5.3996123733574573e+00 +1.0000000000000000e+00 +2.2887599166236301e+00 
+5.4192473274423936e+00 +1.0000000000000000e+00 +2.2887599166236301e+00 

+5.4192473274423936e+00 +1.0000000000000000e+00 +2.2951074812800210e+00 
+5.4388822815273290e+00 +1.0000000000000000e+00 +2.2951074812800210e+00 

+5.4388822815273290e+00 +1.0000000000000000e+00 +2.3010273312256002e+00 
+5.4585172356122653e+00 +1.0000000000000000e+00 +2.3010273312256002e+00 

+5.4585172356122653e+00 +1.0000000000000000e+00 +2.3065328127821854e+00 
+5.4781521896972016e+00 +1.0000000000000000e+00 +2.3065328127821854e+00 

+5.4781521896972016e+00 +1.0000000000000000e+00 +2.3116380504740364e+00 
+5.4977871437821380e+00 +1.0000000000000000e+00 +2.3116380504740364e+00 

+5.4977871437821380e+00 +1.0000000000000000e+00 +2.3163578558259807e+00 
+5.5174220978670743e+00 +1.0000000000000000e+00 +2.3163578558259807e+00 

+5.5174220978670743e+00 +1.0000000000000000e+00 +2.3207076346715789e+00 
+5.5370570519520106e+00 +1.0000000000000000e+00 +2.3207076346715789e+00 

+5.5370570519520106e+00 +1.0000000000000000e+00 +2.3247032935449035e+00 
+5.5566920060369469e+00 +1.0000000000000000e+00 +2.3247032935449035e+00 

+5.5566920060369469e+00 +1.0000000000000000e+00 +2.3283611457309377e+00 
+5.5763269601218823e+00 +1.0000000000000000e+00 +2.3283611457309377e+00 

+5.5763269601218823e+00 +1.0000000000000000e+00 +2.3316978175474898e+00 
+5.5959619142068187e+00 +1.0000000000000000e+00 +2.3316978175474898e+00 

+5.5959619142068187e+00 +1.0000000000000000e+00 +2.3347301554258344e+00 
+5.6155968682917550e+00 +1.0000000000000000e+00 +2.3347301554258344e+00 

+5.6155968682917550e+00 +1.0000000000000000e+00 +2.3374751343481810e+00 
+5.6352318223766913e+00 +1.0000000000000000e+00 +2.3374751343481810e+00 

+5.6352318223766913e+00 +1.0000000000000000e+00 +2.3399497681875197e+00 
+5.6548667764616276e+00 +1.0000000000000000e+00 +2.3399497681875197e+00 

+5.6548667764616276e+00 +1.0000000000000000e+00 +2.3421710224794996e+00 
+5.6745017305465639e+00 +1.0000000000000000e+00 +2.3421710224794996e+00 

+5.6745017305465639e+00 +1.0000000000000000e+00 +2.3441557301368912e+00 
+5.6941366846315002e+00 +1.0000000000000000e+00 +2.3441557301368912e+00 

+5.6941366846315002e+00 +1.0000000000000000e+00 +2.3459205105949597e+00 
+5.7137716387164366e+00 +1.0000000000000000e+00 +2.3459205105949597e+00 

+5.7137716387164366e+00 +1.0000000000000000e+00 +2.3474816928508959e+00 
+5.7334065928013729e+00 +1.0000000000000000e+00 +2.3474816928508959e+00 

+5.7334065928013729e+00 +1.0000000000000000e+00 +2.3488552428324594e+00 
+5.7530415468863083e+00 +1.0000000000000000e+00 +2.3488552428324594e+00 

+5.7530415468863083e+00 +1.0000000000000000e+00 +2.3500566955004061e+00 
+5.7726765009712446e+00 +1.0000000000000000e+00 +2.3500566955004061e+00 

+5.7726765009712446e+00 +1.0000000000000000e+00 +2.3511010920562141e+00 
+5.7923114550561809e+00 +1.0000000000000000e+00 +2.3511010920562141e+00 

+5.7923114550561809e+00 +1.0000000000000000e+00 +2.3520029225913763e+00 
+5.8119464091411173e+00 +1.0000000000000000e+00 +2.3520029225913763e+00 

+5.8119464091411173e+00 +1.0000000000000000e+00 +2.3527760744773043e+00 
+5.8315813632260536e+00 +1.0000000000000000e+00 +2.3527760744773043e+00 

+5.8315813632260536e+00 +1.0000000000000000e+00 +2.3534337867558479e+00 
+5.8512163173109899e+00 +1.0000000000000000e+00 +2.3534337867558479e+00 

+5.8512163173109899e+00 +1.0000000000000000e+00 +2.3539886107499468e+00 
+5.8708512713959262e+00 +1.0000000000000000e+00 +2.3539886107499468e+00 

+5.8708512713959262e+00 +1.0000000000000000e+00 +2.3544523770721368e+00 
+5.8904862254808616e+00 +1.0000000000000000e+00 +2.3544523770721368e+00 

+5.8904862254808616e+00 +1.0000000000000000e+00 +2.3548361691658606e+00 
+5.9101211795657980e+00 +1.0000000000000000e+00 +2.3548361691658606e+00 

+5.9101211795657980e+00 +1.0000000000000000e+00 +2.3551503034710519e+00 
+5.9297561336507343e+00 +1.0000000000000000e+00 +2.3551503034710519e+00 

+5.9297561336507343e+00 +1.0000000000000000e+00 +2.3554043162614833e+00 
+5.9493910877356706e+00 +1.0000000000000000e+00 +2.3554043162614833e+00 

+5.9493910877356706e+00 +1.0000000000000000e+00 +2.3556069571572631e+00 
+5.9690260418206069e+00 +1.0000000000000000e+00 +2.3556069571572631e+00 

+5.9690260418206069e+00 +1.0000000000000000e+00 +2.3557661892718214e+00 
+5.9886609959055432e+00 +1.0000000000000000e+00 +2.3557661892718214e+00 

+5.9886609959055432e+00 +1.0000000000000000e+00 +2.3558891959090706e+00 
+6.0082959499904796e+00 +1.0000000000000000e+00 +2.3558891959090706e+00 

+6.0082959499904796e+00 +1.0000000000000000e+00 +2.3559823936834294e+00 
+6.0279309040754159e+00 +1.0000000000000000e+00 +2.3559823936834294e+00 

+6.0279309040754159e+00 +1.0000000000000000e+00 +2.3560514518932996e+00 
+6.0475658581603522e+00 +1.0000000000000000e+00 +2.3560514518932996e+00 

+6.0475658581603522e+00 +1.0000000000000000e+00 +2.3561013179376769e+00 
+6.0672008122452876e+00 +1.0000000000000000e+00 +2.3561013179376769e+00 

+6.0672008122452876e+00 +1.0000000000000000e+00 +2.3561362485261155e+00 
+6.0868357663302239e+00 +1.0000000000000000e+00 +2.3561362485261155e+00 

+6.0868357663302239e+00 +1.0000000000000000e+00 +2.3561598463944593e+00 
+6.1064707204151603e+00 +1.0000000000000000e+00 +2.3561598463944593e+00 

+6.1064707204151603e+00 +1.0000000000000000e+00 +2.3561751022029100e+00 
+6.1261056745000966e+00 +1.0000000000000000e+00 +2.3561751022029100e+00 

+6.1261056745000966e+00 +1.0000000000000000e+00 +2.3561844412592490e+00 
+6.1457406285850329e+00 +1.0000000000000000e+00 +2.3561844412592490e+00 

+6.1457406285850329e+00 +1.0000000000000000e+00 +2.3561897746786866e+00 
+6.1653755826699692e+00 +1.0000000000000000e+00 +2.3561897746786866e+00 

+6.1653755826699692e+00 +1.0000000000000000e+00 +2.3561925545629707e+00 
+6.1850105367549055e+00 +1.0000000000000000e+00 +2.3561925545629707e+00 

+6.1850105367549055e+00 +1.0000000000000000e+00 +2.3561938327553147e+00 
+6.2046454908398410e+00 +1.0000000000000000e+00 +2.3561938327553147e+00 

+6.2046454908398410e+00 +1.0000000000000000e+00 +2.3561943227044919e+00 
+6.2242804449247773e+00 +1.0000000000000000e+00 +2.3561943227044919e+00 

+6.2242804449247773e+00 +1.0000000000000000e+00 +2.3561944639513075e+00 
+6.2439153990097136e+00 +1.0000000000000000e+00 +2.3561944639513075e+00 

+6.2439153990097136e+00 +1.0000000000000000e+00 +2.3561944887336366e+00 
+6.2635503530946499e+00 +1.0000000000000000e+00 +2.3561944887336366e+00 

+6.2635503530946499e+00 +1.0000000000000000e+00 +2.3561944901925194e+00 
+6.2831853071795862e+00 +1.0000000000000000e+00 +2.3561944901925194e+00 


