+0.0000000000000000e+00 +6.6666666666666666e-02 +1.4760329149238578e-10 
+4.6131279271451704e-03 +3.7847495629784700e-01 -5.4257105755874753e-11 
+1.4034446355262017e-02 +5.5485837703548635e-01 +1.4176928765602327e-10 
+2.5235461814610394e-02 +5.5485837703548635e-01 +2.0279391529256994e-09 
+3.4656780242727246e-02 +3.7847495629784700e-01 +1.0000896898532196e-08 
+3.9269908169872414e-02 +6.6666666666666666e-02 +1.8664248134203593e-08 

+3.9269908169872414e-02 +6.6666666666666666e-02 +1.8807305667111157e-08 
+4.3883036097017589e-02 +3.7847495629784700e-01 +3.2464353595543990e-08 
+5.3304354525134427e-02 +5.5485837703548635e-01 +8.5983839135198366e-08 
+6.4505369984482808e-02 +5.5485837703548635e-01 +2.2290216169012104e-07 
+7.3926688412599667e-02 +3.7847495629784700e-01 +4.4046657065474950e-07 
+7.8539816339744828e-02 +6.6666666666666666e-02 +5.9594156370136147e-07 

+7.8539816339744828e-02 +6.6666666666666666e-02 +5.9607564726707771e-07 
+8.3152944266890003e-02 +3.7847495629784700e-01 +7.9243005233322423e-07 
+9.2574262695006834e-02 +5.5485837703548635e-01 +1.3543112256373343e-06 
+1.0377527815435522e-01 +5.5485837703548635e-01 +2.3947999024482458e-06 
+1.1319659658247207e-01 +3.7847495629784700e-01 +3.6944308740766723e-06 
+1.1780972450961724e-01 +6.6666666666666666e-02 +4.5088439909517089e-06 

+1.1780972450961724e-01 +6.6666666666666666e-02 +4.5089649045124957e-06 
+1.2242285243676242e-01 +3.7847495629784700e-01 +5.4605853077882760e-06 
+1.3184417086487926e-01 +5.5485837703548635e-01 +7.9020713424998330e-06 
+1.4304518632422764e-01 +5.5485837703548635e-01 +1.1862155376664405e-05 
+1.5246650475234449e-01 +3.7847495629784700e-01 +1.6296502473537399e-05 
+1.5707963267948966e-01 +6.6666666666666666e-02 +1.8902795211552483e-05 

+1.5707963267948966e-01 +6.6666666666666666e-02 +1.8902899100076427e-05 
+1.6169276060663484e-01 +3.7847495629784700e-01 +2.1831047157279629e-05 
+1.7111407903475168e-01 +5.5485837703548635e-01 +2.8933629377045671e-05 
+1.8231509449410005e-01 +5.5485837703548635e-01 +3.9652255717787080e-05 
+1.9173641292221691e-01 +3.7847495629784700e-01 +5.0927094576371822e-05 
+1.9634954084936207e-01 +6.6666666666666666e-02 +5.7306639317946215e-05 

+1.9634954084936207e-01 +6.6666666666666666e-02 +5.7306722767742435e-05 
+2.0096266877650726e-01 +3.7847495629784700e-01 +6.4306228930918240e-05 
+2.1038398720462406e-01 +5.5485837703548635e-01 +8.0711985031173999e-05 
+2.2158500266397246e-01 +5.5485837703548635e-01 +1.0436988918366893e-04 
+2.3100632109208932e-01 +3.7847495629784700e-01 +1.2826569973052530e-04 
+2.3561944901923448e-01 +6.6666666666666666e-02 +1.4144952154334387e-04 

+2.3561944901923448e-01 +6.6666666666666666e-02 +1.4144958167139430e-04 
+2.4023257694637967e-01 +3.7847495629784700e-01 +1.5568652490696364e-04 
+2.4965389537449648e-01 +5.5485837703548635e-01 +1.8829046462618838e-04 
+2.6085491083384482e-01 +5.5485837703548635e-01 +2.3385591072930723e-04 
+2.7027622926196171e-01 +3.7847495629784700e-01 +2.7858453958872284e-04 
+2.7488935718910690e-01 +6.6666666666666666e-02 +3.0282164781436990e-04 

+2.7488935718910690e-01 +6.6666666666666666e-02 +3.0282168234442483e-04 
+2.7950248511625209e-01 +3.7847495629784700e-01 +3.2869746947748637e-04 
+2.8892380354436886e-01 +5.5485837703548635e-01 +3.8696910320563363e-04 
+3.0012481900371724e-01 +5.5485837703548635e-01 +4.6655583553842996e-04 
+3.0954613743183418e-01 +3.7847495629784700e-01 +5.4304038393682727e-04 
+3.1415926535897931e-01 +6.6666666666666666e-02 +5.8392757072251301e-04 

+3.1415926535897931e-01 +6.6666666666666666e-02 +5.8392757804604423e-04 
+3.1877239328612450e-01 +3.7847495629784700e-01 +6.2720389030375455e-04 
+3.2819371171424128e-01 +5.5485837703548635e-01 +7.2342707322612082e-04 
+3.3939472717358965e-01 +5.5485837703548635e-01 +8.5255209681825319e-04 
+3.4881604560170654e-01 +3.7847495629784700e-01 +9.7462016996603847e-04 
+3.5342917352885173e-01 +6.6666666666666666e-02 +1.0391886343715420e-03 

+3.5342917352885173e-01 +6.6666666666666666e-02 +1.0391886135920289e-03 
+3.5804230145599691e-01 +3.7847495629784700e-01 +1.1070687052287488e-03 
+3.6746361988411369e-01 +5.5485837703548635e-01 +1.2564909349522047e-03 
+3.7866463534346206e-01 +5.5485837703548635e-01 +1.4542223495819428e-03 
+3.8808595377157901e-01 +3.7847495629784700e-01 +1.6387050593986013e-03 
+3.9269908169872414e-01 +6.6666666666666666e-02 +1.7354603403846767e-03 

+3.9269908169872414e-01 +6.6666666666666666e-02 +1.7354602913440922e-03 
+3.9731220962586933e-01 +3.7847495629784700e-01 +1.8366232625869972e-03 
+4.0673352805398610e-01 +5.5485837703548635e-01 +2.0575079687523107e-03 
+4.1793454351333448e-01 +5.5485837703548635e-01 +2.3464959490714565e-03 
+4.2735586194145142e-01 +3.7847495629784700e-01 +2.6132275229116394e-03 
+4.3196898986859655e-01 +6.6666666666666666e-02 +2.7521404443140332e-03 

+4.3196898986859655e-01 +6.6666666666666666e-02 +2.7521403676008653e-03 
+4.3658211779574174e-01 +3.7847495629784700e-01 +2.8967262631653711e-03 
+4.4600343622385852e-01 +5.5485837703548635e-01 +3.2103041643819046e-03 
+4.5720445168320689e-01 +5.5485837703548635e-01 +3.6166912375850419e-03 
+4.6662577011132378e-01 +3.7847495629784700e-01 +3.9884066898653869e-03 
+4.7123889803846897e-01 +6.6666666666666666e-02 +4.1808543049125600e-03 

+4.7123889803846897e-01 +6.6666666666666666e-02 +4.1808542018511525e-03 
+4.7585202596561416e-01 +3.7847495629784700e-01 +4.3803990762403206e-03 
+4.8527334439373093e-01 +5.5485837703548635e-01 +4.8107173294089168e-03 
+4.9647435985307931e-01 +5.5485837703548635e-01 +5.3639272743320572e-03 
+5.0589567828119630e-01 +3.7847495629784700e-01 +5.8660582805584631e-03 
+5.1050880620834138e-01 +6.6666666666666666e-02 +6.1247151204914642e-03 

+5.1050880620834138e-01 +6.6666666666666666e-02 +6.1247149931128462e-03 
+5.1512193413548657e-01 +3.7847495629784700e-01 +6.3920364025828970e-03 
+5.2454325256360335e-01 +5.5485837703548635e-01 +6.9657069660402846e-03 
+5.3574426802295172e-01 +5.5485837703548635e-01 +7.6981148644791105e-03 
+5.4516558645106861e-01 +3.7847495629784700e-01 +8.3584866710137845e-03 
+5.4977871437821380e-01 +6.6666666666666666e-02 +8.6971679189553203e-03 

+5.4977871437821380e-01 +6.6666666666666666e-02 +8.6971677699503817e-03 
+5.5439184230535898e-01 +3.7847495629784700e-01 +9.0462024653907153e-03 
+5.6381316073347576e-01 +5.5485837703548635e-01 +9.7920537728132251e-03 
+5.7501417619282413e-01 +5.5485837703548635e-01 +1.0738542904884052e-02 
+5.8443549462094113e-01 +3.7847495629784700e-01 +1.1586977745385037e-02 
+5.8904862254808621e-01 +6.6666666666666666e-02 +1.2020437239790254e-02 

+5.8904862254808621e-01 +6.6666666666666666e-02 +1.2020437072446166e-02 
+5.9366175047523140e-01 +3.7847495629784700e-01 +1.2466033944546101e-02 
+6.0308306890334817e-01 +5.5485837703548635e-01 +1.3414672574116677e-02 
+6.1428408436269655e-01 +5.5485837703548635e-01 +1.4612086885362561e-02 
+6.2370540279081355e-01 +3.7847495629784700e-01 +1.5679921889991691e-02 
+6.2831853071795862e-01 +6.6666666666666666e-02 +1.6223609079585876e-02 

+6.2831853071795862e-01 +6.6666666666666666e-02 +1.6223608897707548e-02 
+6.3293165864510381e-01 +3.7847495629784700e-01 +1.6781281433597216e-02 
+6.4235297707322059e-01 +5.5485837703548635e-01 +1.7964572891579156e-02 
+6.5355399253256896e-01 +5.5485837703548635e-01 +1.9451076593956604e-02 
+6.6297531096068585e-01 +3.7847495629784700e-01 +2.0770606506939591e-02 
+6.6758843888783104e-01 +6.6666666666666666e-02 +2.1440387600378329e-02 

+6.6758843888783104e-01 +6.6666666666666666e-02 +2.1440387408196690e-02 
+6.7220156681497623e-01 +3.7847495629784700e-01 +2.2126031026864158e-02 
+6.8162288524309300e-01 +5.5485837703548635e-01 +2.3576510985141404e-02 
+6.9282390070244138e-01 +5.5485837703548635e-01 +2.5390869415595332e-02 
+7.0224521913055826e-01 +3.7847495629784700e-01 +2.6994726521789313e-02 
+7.0685834705770345e-01 +6.6666666666666666e-02 +2.7806576072071473e-02 

+7.0685834705770345e-01 +6.6666666666666666e-02 +2.7806575874140725e-02 
+7.1147147498484864e-01 +3.7847495629784700e-01 +2.8636156488369736e-02 
+7.2089279341296542e-01 +5.5485837703548635e-01 +3.0386385765623004e-02 
+7.3209380887231390e-01 +5.5485837703548635e-01 +3.2567183849899331e-02 
+7.4151512730043079e-01 +3.7847495629784700e-01 +3.4487669298896816e-02 
+7.4612825522757587e-01 +6.6666666666666666e-02 +3.5457339309566176e-02 

+7.4612825522757587e-01 +6.6666666666666666e-02 +3.5457339110652852e-02 
+7.5074138315472116e-01 +3.7847495629784700e-01 +3.6446560091139883e-02 
+7.6016270158283783e-01 +5.5485837703548635e-01 +3.8528438297647224e-02 
+7.7136371704218620e-01 +5.5485837703548635e-01 +4.1113254796785743e-02 
+7.8078503547030320e-01 +3.7847495629784700e-01 +4.3381636958245873e-02 
+7.8539816339744828e-01 +6.6666666666666666e-02 +4.4524311274043119e-02 

+7.8539816339744828e-01 +6.6666666666666666e-02 +4.4524311079009282e-02 
+7.9001129132459358e-01 +3.7847495629784700e-01 +4.5688266450585754e-02 
+7.9943260975271024e-01 +5.5485837703548635e-01 +4.8132320485509639e-02 
+8.1063362521205873e-01 +5.5485837703548635e-01 +5.1156877591239810e-02 
+8.2005494364017562e-01 +3.7847495629784700e-01 +5.3802674140471761e-02 
+8.2466807156732069e-01 +6.6666666666666666e-02 +5.5132616371956045e-02 

+8.2466807156732069e-01 +6.6666666666666666e-02 +5.5132616185640006e-02 
+8.2928119949446588e-01 +3.7847495629784700e-01 +5.6485438349276280e-02 
+8.3870251792258266e-01 +5.5485837703548635e-01 +5.9320102813936092e-02 
+8.4990353338193103e-01 +5.5485837703548635e-01 +6.2817411570919066e-02 
+8.5932485181004803e-01 +3.7847495629784700e-01 +6.5867672661453699e-02 
+8.6393797973719311e-01 +6.6666666666666666e-02 +6.7397876178445892e-02 

+8.6393797973719311e-01 +6.6666666666666666e-02 +6.7397876005542395e-02 
+8.6855110766433830e-01 +3.7847495629784700e-01 +6.8952386540860403e-02 
+8.7797242609245507e-01 +5.5485837703548635e-01 +7.2203293588777598e-02 
+8.8917344155180356e-01 +5.5485837703548635e-01 +7.6202816031971723e-02 
+8.9859475997992033e-01 +3.7847495629784700e-01 +7.9681426144164472e-02 
+9.0320788790706552e-01 +6.6666666666666666e-02 +8.1423274748869595e-02 

+9.0320788790706552e-01 +6.6666666666666666e-02 +8.1423274593814168e-02 
+9.0782101583421071e-01 +3.7847495629784700e-01 +8.3190646747973676e-02 
+9.1724233426232749e-01 +5.5485837703548635e-01 +8.6879942919565356e-02 
+9.2844334972167575e-01 +5.5485837703548635e-01 +9.1406791711937219e-02 
+9.3786466814979275e-01 +3.7847495629784700e-01 +9.5333807566233261e-02 
+9.4247779607693793e-01 +6.6666666666666666e-02 +9.7296755320923536e-02 

+9.4247779607693793e-01 +6.6666666666666666e-02 +9.7296755187781608e-02 
+9.4709092400408312e-01 +3.7847495629784700e-01 +9.9286196495798229e-02 
+9.5651224243219990e-01 +5.5485837703548635e-01 +1.0343190368021582e-01 
+9.6771325789154827e-01 +5.5485837703548635e-01 +1.0850609942021322e-01 
+9.7713457631966527e-01 +3.7847495629784700e-01 +1.1289714071390637e-01 
+9.8174770424681035e-01 +6.6666666666666666e-02 +1.1508841905265257e-01 

+9.8174770424681035e-01 +6.6666666666666666e-02 +1.1508841894501827e-01 
+9.8636083217395565e-01 +3.7847495629784700e-01 +1.1730688205698170e-01 
+9.9578215060207231e-01 +5.5485837703548635e-01 +1.2192231889413088e-01 
+1.0069831660614206e+00 +5.5485837703548635e-01 +1.2755812414704137e-01 
+1.0164044844895377e+00 +3.7847495629784700e-01 +1.3242383282809086e-01 
+1.0210176124166828e+00 +6.6666666666666666e-02 +1.3484819253494695e-01 

+1.0210176124166828e+00 +6.6666666666666666e-02 +1.3484819245585214e-01 
+1.0256307403438281e+00 +3.7847495629784700e-01 +1.3730012167648278e-01 
+1.0350520587719447e+00 +5.5485837703548635e-01 +1.4239340047755533e-01 
+1.0462530742312932e+00 +5.5485837703548635e-01 +1.4859874799568124e-01 
+1.0556743926594101e+00 +3.7847495629784700e-01 +1.5394433035057531e-01 
+1.0602875205865552e+00 +6.6666666666666666e-02 +1.5660382525054858e-01 

+1.0602875205865552e+00 +6.6666666666666666e-02 +1.5660382520238689e-01 
+1.0649006485137005e+00 +3.7847495629784700e-01 +1.5929094549114411e-01 
+1.0743219669418171e+00 +5.5485837703548635e-01 +1.6486455814488593e-01 
+1.0855229824011654e+00 +5.5485837703548635e-01 +1.7164058871565105e-01 
+1.0949443008292825e+00 +3.7847495629784700e-01 +1.7746545275425002e-01 
+1.0995574287564276e+00 +6.6666666666666666e-02 +1.8035927105569996e-01 

+1.0995574287564276e+00 +6.6666666666666666e-02 +1.8035927104016355e-01 
+1.1041705566835729e+00 +3.7847495629784700e-01 +1.8328042529361868e-01 
+1.1135918751116896e+00 +5.5485837703548635e-01 +1.8933092967618226e-01 
+1.1247928905710380e+00 +5.5485837703548635e-01 +1.9667165262292613e-01 
+1.1342142089991549e+00 +3.7847495629784700e-01 +2.0296915113434486e-01 
+1.1388273369263000e+00 +6.6666666666666666e-02 +2.0609349930375673e-01 

+1.1388273369263000e+00 +6.6666666666666666e-02 +2.0609349932179308e-01 
+1.1434404648534451e+00 +3.7847495629784700e-01 +2.0924453868624915e-01 
+1.1528617832815620e+00 +5.5485837703548635e-01 +2.1576235485135406e-01 
+1.1640627987409102e+00 +5.5485837703548635e-01 +2.2365444146635152e-01 
+1.1734841171690273e+00 +3.7847495629784700e-01 +2.3041172874671584e-01 
+1.1780972450961724e+00 +6.6666666666666666e-02 +2.3375977161442771e-01 

+1.1780972450961724e+00 +6.6666666666666666e-02 +2.3375977166621140e-01 
+1.1827103730233177e+00 +3.7847495629784700e-01 +2.3713350243336442e-01 
+1.1921316914514344e+00 +5.5485837703548635e-01 +2.4410282538034539e-01 
+1.2033327069107829e+00 +5.5485837703548635e-01 +2.5252554255942156e-01 
+1.2127540253388998e+00 +3.7847495629784700e-01 +2.5972355023177629e-01 
+1.2173671532660448e+00 +6.6666666666666666e-02 +2.6328540974862275e-01 

+1.2173671532660448e+00 +6.6666666666666666e-02 +2.6328540983354892e-01 
+1.2219802811931899e+00 +3.7847495629784700e-01 +2.6687159918403458e-01 
+1.2314015996213068e+00 +5.5485837703548635e-01 +2.7427043234387605e-01 
+1.2426026150806551e+00 +5.5485837703548635e-01 +2.8319572048935954e-01 
+1.2520239335087722e+00 +3.7847495629784700e-01 +2.9080925511031941e-01 
+1.2566370614359172e+00 +6.6666666666666666e-02 +2.9457206883112702e-01 

+1.2566370614359172e+00 +6.6666666666666666e-02 +2.9457206894782018e-01 
+1.2612501893630625e+00 +3.7847495629784700e-01 +2.9835751045790443e-01 
+1.2706715077911792e+00 +5.5485837703548635e-01 +3.0615782126563856e-01 
+1.2818725232505277e+00 +5.5485837703548635e-01 +3.1555051720664012e-01 
+1.2912938416786446e+00 +3.7847495629784700e-01 +3.2354847954939414e-01 
+1.2959069696057897e+00 +6.6666666666666666e-02 +3.2749651854229744e-01 

+1.2959069696057897e+00 +6.6666666666666666e-02 +3.2749651868864271e-01 
+1.3005200975329350e+00 +3.7847495629784700e-01 +3.3146515713663466e-01 
+1.3099414159610516e+00 +5.5485837703548635e-01 +3.3963315323956422e-01 
+1.3211424314203999e+00 +5.5485837703548635e-01 +3.4945135556591900e-01 
+1.3305637498485170e+00 +3.7847495629784700e-01 +3.5779707865280258e-01 
+1.3351768777756621e+00 +6.6666666666666666e-02 +3.6191192315676946e-01 

+1.3351768777756621e+00 +6.6666666666666666e-02 +3.6191192332995897e-01 
+1.3397900057028074e+00 +3.7847495629784700e-01 +3.6604503696461738e-01 
+1.3492113241309240e+00 +5.5485837703548635e-01 +3.7454155881793050e-01 
+1.3604123395902725e+00 +5.5485837703548635e-01 +3.8473712971781926e-01 
+1.3698336580183894e+00 +3.7847495629784700e-01 +3.9338882991608731e-01 
+1.3744467859455345e+00 +6.6666666666666666e-02 +3.9764959972622332e-01 

+1.3744467859455345e+00 +6.6666666666666666e-02 +3.9764959992282101e-01 
+1.3790599138726798e+00 +3.7847495629784700e-01 +4.0192603701930418e-01 
+1.3884812323007965e+00 +5.5485837703548635e-01 +4.1070705991164269e-01 
+1.3996822477601447e+00 +5.5485837703548635e-01 +4.2122625442308126e-01 
+1.4091035661882618e+00 +3.7847495629784700e-01 +4.3013758728170459e-01 
+1.4137166941154069e+00 +6.6666666666666666e-02 +4.3452122256540093e-01 

+1.4137166941154069e+00 +6.6666666666666666e-02 +4.3452122278142069e-01 
+1.4183298220425522e+00 +3.7847495629784700e-01 +4.3891768804371639e-01 
+1.4277511404706686e+00 +5.5485837703548635e-01 +4.4793492404085494e-01 
+1.4389521559300174e+00 +5.5485837703548635e-01 +4.5871913465109421e-01 
+1.4483734743581342e+00 +3.7847495629784700e-01 +4.6783984470832168e-01 
+1.4529866022852793e+00 +6.6666666666666666e-02 +4.7232143177614261e-01 

+1.4529866022852793e+00 +6.6666666666666666e-02 +4.7232143200714416e-01 
+1.4575997302124246e+00 +3.7847495629784700e-01 +4.7681281721008745e-01 
+1.4670210486405413e+00 +5.5485837703548635e-01 +4.8601440516712419e-01 
+1.4782220640998895e+00 +5.5485837703548635e-01 +4.9700100699382194e-01 
+1.4876433825280069e+00 +3.7847495629784700e-01 +5.0627765858440976e-01 
+1.4922565104551517e+00 +6.6666666666666666e-02 +5.1083079408640675e-01 

+1.4922565104551517e+00 +6.6666666666666666e-02 +5.1083079432759593e-01 
+1.4968696383822970e+00 +3.7847495629784700e-01 +5.1539054655495131e-01 
+1.5062909568104137e+00 +5.5485837703548635e-01 +5.2472181628309666e-01 
+1.5174919722697622e+00 +5.5485837703548635e-01 +5.3584509571253736e-01 
+1.5269132906978791e+00 +3.7847495629784700e-01 +5.4522186990340282e-01 
+1.5315264186250241e+00 +6.6666666666666666e-02 +5.4981905601991554e-01 

+1.5315264186250241e+00 +6.6666666666666666e-02 +5.4981905626625915e-01 
+1.5361395465521694e+00 +3.7847495629784700e-01 +5.5441957621899451e-01 
+1.5455608649802861e+00 +5.5485837703548635e-01 +5.6382387115239185e-01 
+1.5567618804396344e+00 +5.5485837703548635e-01 +5.7501601885037579e-01 
+1.5661831988677515e+00 +3.7847495629784700e-01 +5.8443556008022157e-01 
+1.5707963267948966e+00 +6.6666666666666666e-02 +5.8904862254808632e-01 

+1.5707963267948966e+00 +6.6666666666666666e-02 +5.8904862279442982e-01 
+1.5754094547220419e+00 +3.7847495629784700e-01 +5.9366168493685179e-01 
+1.5848307731501583e+00 +5.5485837703548635e-01 +6.0308122627015248e-01 
+1.5960317886095070e+00 +5.5485837703548635e-01 +6.1427337396813664e-01 
+1.6054531070376239e+00 +3.7847495629784700e-01 +6.2367766879807862e-01 
+1.6100662349647690e+00 +6.6666666666666666e-02 +6.2827818907625677e-01 

+1.6100662349647690e+00 +6.6666666666666666e-02 +6.2827818931744639e-01 
+1.6146793628919140e+00 +3.7847495629784700e-01 +6.3287537511532532e-01 
+1.6241006813200309e+00 +5.5485837703548635e-01 +6.4225214940748121e-01 
+1.6353016967793792e+00 +5.5485837703548635e-01 +6.5337542883692190e-01 
+1.6447230152074963e+00 +3.7847495629784700e-01 +6.6270669846377706e-01 
+1.6493361431346414e+00 +6.6666666666666666e-02 +6.6726645100976512e-01 

+1.6493361431346414e+00 +6.6666666666666666e-02 +6.6726645124076678e-01 
+1.6539492710617867e+00 +3.7847495629784700e-01 +6.7181958643758954e-01 
+1.6633705894899034e+00 +5.5485837703548635e-01 +6.8109623812518938e-01 
+1.6745716049492518e+00 +5.5485837703548635e-01 +6.9208283995188713e-01 
+1.6839929233773687e+00 +3.7847495629784700e-01 +7.0128442781191169e-01 
+1.6886060513045138e+00 +6.6666666666666666e-02 +7.0577581332002970e-01 

+1.6886060513045138e+00 +6.6666666666666666e-02 +7.0577581353605034e-01 
+1.6932191792316589e+00 +3.7847495629784700e-01 +7.1025740031848816e-01 
+1.7026404976597758e+00 +5.5485837703548635e-01 +7.1937811046643596e-01 
+1.7138415131191240e+00 +5.5485837703548635e-01 +7.3016232107667489e-01 
+1.7232628315472411e+00 +3.7847495629784700e-01 +7.3917955698309357e-01 
+1.7278759594743862e+00 +6.6666666666666666e-02 +7.4357602253077104e-01 

+1.7278759594743862e+00 +6.6666666666666666e-02 +7.4357602272736867e-01 
+1.7324890874015315e+00 +3.7847495629784700e-01 +7.4795965775134166e-01 
+1.7419104058296480e+00 +5.5485837703548635e-01 +7.5687099069252850e-01 
+1.7531114212889967e+00 +5.5485837703548635e-01 +7.6739018520396718e-01 
+1.7625327397171136e+00 +3.7847495629784700e-01 +7.7617120801374195e-01 
+1.7671458676442586e+00 +6.6666666666666666e-02 +7.8044764536994893e-01 

+1.7671458676442586e+00 +6.6666666666666666e-02 +7.8044764554313839e-01 
+1.7717589955714039e+00 +3.7847495629784700e-01 +7.8470841512447465e-01 
+1.7811803139995206e+00 +5.5485837703548635e-01 +7.9336011539547613e-01 
+1.7923813294588689e+00 +5.5485837703548635e-01 +8.0355568629536500e-01 
+1.8018026478869860e+00 +3.7847495629784700e-01 +8.1205220807594491e-01 
+1.8064157758141310e+00 +6.6666666666666666e-02 +8.1618532193940285e-01 

+1.8064157758141310e+00 +6.6666666666666666e-02 +8.1618532208574812e-01 
+1.8110289037412763e+00 +3.7847495629784700e-01 +8.2030016639637926e-01 
+1.8204502221693930e+00 +5.5485837703548635e-01 +8.2864588954472262e-01 
+1.8316512376287415e+00 +5.5485837703548635e-01 +8.3846409187107729e-01 
+1.8410725560568584e+00 +3.7847495629784700e-01 +8.4663208791254696e-01 
+1.8456856839840035e+00 +6.6666666666666666e-02 +8.5060072655387520e-01 

+1.8456856839840035e+00 +6.6666666666666666e-02 +8.5060072667056830e-01 
+1.8502988119111488e+00 +3.7847495629784700e-01 +8.5454876550930869e-01 
+1.8597201303392654e+00 +5.5485837703548635e-01 +8.6254672790106957e-01 
+1.8709211457986137e+00 +5.5485837703548635e-01 +8.7193942384207102e-01 
+1.8803424642267308e+00 +3.7847495629784700e-01 +8.7973973460079846e-01 
+1.8849555921538759e+00 +6.6666666666666666e-02 +8.8352517626504523e-01 

+1.8849555921538759e+00 +6.6666666666666666e-02 +8.8352517634997119e-01 
+1.8895687200810212e+00 +3.7847495629784700e-01 +8.8728798995858349e-01 
+1.8989900385091376e+00 +5.5485837703548635e-01 +8.9490152461520922e-01 
+1.9101910539684861e+00 +5.5485837703548635e-01 +9.0382681276069310e-01 
+1.9196123723966032e+00 +3.7847495629784700e-01 +9.1122564588486843e-01 
+1.9242255003237483e+00 +6.6666666666666666e-02 +9.1481183534754940e-01 

+1.9242255003237483e+00 +6.6666666666666666e-02 +9.1481183539933364e-01 
+1.9288386282508936e+00 +3.7847495629784700e-01 +9.1837369484776843e-01 
+1.9382599466790102e+00 +5.5485837703548635e-01 +9.2557170254187082e-01 
+1.9494609621383585e+00 +5.5485837703548635e-01 +9.3399441972094677e-01 
+1.9588822805664758e+00 +3.7847495629784700e-01 +9.4096374264618032e-01 
+1.9634954084936207e+00 +6.6666666666666666e-02 +9.4433747348174457e-01 

+1.9634954084936207e+00 +6.6666666666666666e-02 +9.4433747349978092e-01 
+1.9681085364207660e+00 +3.7847495629784700e-01 +9.4768551634366516e-01 
+1.9775298548488824e+00 +5.5485837703548635e-01 +9.5444280363160405e-01 
+1.9887308703082307e+00 +5.5485837703548635e-01 +9.6233489024660135e-01 
+1.9981521887363478e+00 +3.7847495629784700e-01 +9.6885270640413146e-01 
+2.0027653166634929e+00 +6.6666666666666666e-02 +9.7200374579241577e-01 

+2.0027653166634929e+00 +6.6666666666666666e-02 +9.7200374577687920e-01 
+2.0073784445906382e+00 +3.7847495629784700e-01 +9.7512809396681588e-01 
+2.0167997630187546e+00 +5.5485837703548635e-01 +9.8142559247171024e-01 
+2.0280007784781033e+00 +5.5485837703548635e-01 +9.8876631541845428e-01 
+2.0374220969062207e+00 +3.7847495629784700e-01 +9.9481681980754200e-01 
+2.0420352248333655e+00 +6.6666666666666666e-02 +9.9773797404047204e-01 

+2.0420352248333655e+00 +6.6666666666666666e-02 +9.9773797399231001e-01 
+2.0466483527605108e+00 +3.7847495629784700e-01 +1.0006317923573866e+00 
+2.0560696711886273e+00 +5.5485837703548635e-01 +1.0064566563757598e+00 
+2.0672706866479760e+00 +5.5485837703548635e-01 +1.0132326869465247e+00 
+2.0766920050760929e+00 +3.7847495629784700e-01 +1.0188062996204925e+00 
+2.0813051330032382e+00 +6.6666666666666666e-02 +1.0214934198456238e+00 

+2.0813051330032382e+00 +6.6666666666666666e-02 +1.0214934197665291e+00 
+2.0859182609303835e+00 +3.7847495629784700e-01 +1.0241529147709938e+00 
+2.0953395793584999e+00 +5.5485837703548635e-01 +1.0294984970926717e+00 
+2.1065405948178482e+00 +5.5485837703548635e-01 +1.0357038446107971e+00 
+2.1159619132459655e+00 +3.7847495629784700e-01 +1.0407971234450859e+00 
+2.1205750411731104e+00 +6.6666666666666666e-02 +1.0432490525612250e+00 

+2.1205750411731104e+00 +6.6666666666666666e-02 +1.0432490524535911e+00 
+2.1251881691002557e+00 +3.7847495629784700e-01 +1.0456734123026419e+00 
+2.1346094875283721e+00 +5.5485837703548635e-01 +1.0505391209384891e+00 
+2.1458105029877204e+00 +5.5485837703548635e-01 +1.0561749261913997e+00 
+2.1552318214158377e+00 +3.7847495629784700e-01 +1.0607903630737505e+00 
+2.1598449493429825e+00 +6.6666666666666666e-02 +1.0630088260435198e+00 

+2.1598449493429825e+00 +6.6666666666666666e-02 +1.0630088259103772e+00 
+2.1644580772701278e+00 +3.7847495629784700e-01 +1.0652001044250166e+00 
+2.1738793956982443e+00 +5.5485837703548635e-01 +1.0695911456627960e+00 
+2.1850804111575930e+00 +5.5485837703548635e-01 +1.0746653414027934e+00 
+2.1945017295857099e+00 +3.7847495629784700e-01 +1.0788110486431246e+00 
+2.1991148575128552e+00 +6.6666666666666666e-02 +1.0808004897752490e+00 

+2.1991148575128552e+00 +6.6666666666666666e-02 +1.0808004896201924e+00 
+2.2037279854400005e+00 +3.7847495629784700e-01 +1.0827634375797257e+00 
+2.2131493038681169e+00 +5.5485837703548635e-01 +1.0866904533689048e+00 
+2.2243503193274656e+00 +5.5485837703548635e-01 +1.0912173021612768e+00 
+2.2337716377555830e+00 +3.7847495629784700e-01 +1.0949065983979855e+00 
+2.2383847656827278e+00 +6.6666666666666666e-02 +1.0966739703473030e+00 

+2.2383847656827278e+00 +6.6666666666666666e-02 +1.0966739701743988e+00 
+2.2429978936098731e+00 +3.7847495629784700e-01 +1.0984158190075257e+00 
+2.2524192120379896e+00 +5.5485837703548635e-01 +1.1018944290471058e+00 
+2.2636202274973378e+00 +5.5485837703548635e-01 +1.1058939514902999e+00 
+2.2730415459254552e+00 +3.7847495629784700e-01 +1.1091448586108299e+00 
+2.2776546738526000e+00 +6.6666666666666666e-02 +1.1106993689177262e+00 

+2.2776546738526000e+00 +6.6666666666666666e-02 +1.1106993687314106e+00 
+2.2822678017797453e+00 +3.7847495629784700e-01 +1.1122295724945432e+00 
+2.2916891202078618e+00 +5.5485837703548635e-01 +1.1152798335068328e+00 
+2.3028901356672100e+00 +5.5485837703548635e-01 +1.1187771422638155e+00 
+2.3123114540953273e+00 +3.7847495629784700e-01 +1.1216118068067202e+00 
+2.3169245820224722e+00 +6.6666666666666666e-02 +1.1229646287242163e+00 

+2.3169245820224722e+00 +6.6666666666666666e-02 +1.1229646285291819e+00 
+2.3215377099496175e+00 +3.7847495629784700e-01 +1.1242945710183248e+00 
+2.3309590283777339e+00 +5.5485837703548635e-01 +1.1269403674856502e+00 
+2.3421600438370827e+00 +5.5485837703548635e-01 +1.1299649245913803e+00 
+2.3515813622652000e+00 +3.7847495629784700e-01 +1.1324089787082106e+00 
+2.3561944901923448e+00 +6.6666666666666666e-02 +1.1335729338221288e+00 

+2.3561944901923448e+00 +6.6666666666666666e-02 +1.1335729336232154e+00 
+2.3608076181194901e+00 +3.7847495629784700e-01 +1.1347156082017962e+00 
+2.3702289365476066e+00 +5.5485837703548635e-01 +1.1369839902797203e+00 
+2.3814299520069553e+00 +5.5485837703548635e-01 +1.1395688067788587e+00 
+2.3908512704350722e+00 +3.7847495629784700e-01 +1.1416506850689021e+00 
+2.3954643983622175e+00 +6.6666666666666666e-02 +1.1426399057866063e+00 

+2.3954643983622175e+00 +6.6666666666666666e-02 +1.1426399055886756e+00 
+2.4000775262893628e+00 +3.7847495629784700e-01 +1.1436095758608296e+00 
+2.4094988447174792e+00 +5.5485837703548635e-01 +1.1455300612267036e+00 
+2.4206998601768275e+00 +5.5485837703548635e-01 +1.1477108593109799e+00 
+2.4301211786049444e+00 +3.7847495629784700e-01 +1.1494610886713563e+00 
+2.4347343065320897e+00 +6.6666666666666666e-02 +1.1502906690241006e+00 

+2.4347343065320897e+00 +6.6666666666666666e-02 +1.1502906688319188e+00 
+2.4393474344592350e+00 +3.7847495629784700e-01 +1.1511025186360908e+00 
+2.4487687528873514e+00 +5.5485837703548635e-01 +1.1527063756615763e+00 
+2.4599697683466997e+00 +5.5485837703548635e-01 +1.1545207340920300e+00 
+2.4693910867748170e+00 +3.7847495629784700e-01 +1.1559712141310159e+00 
+2.4740042147019619e+00 +6.6666666666666666e-02 +1.1566568574957943e+00 

+2.4740042147019619e+00 +6.6666666666666666e-02 +1.1566568573139155e+00 
+2.4786173426291072e+00 +3.7847495629784700e-01 +1.1573266386476317e+00 
+2.4880386610572236e+00 +5.5485837703548635e-01 +1.1586461684842335e+00 
+2.4992396765165723e+00 +5.5485837703548635e-01 +1.1601326721866110e+00 
+2.5086609949446896e+00 +3.7847495629784700e-01 +1.1613159637209745e+00 
+2.5132741228718345e+00 +6.6666666666666666e-02 +1.1618736360165862e+00 

+2.5132741228718345e+00 +6.6666666666666666e-02 +1.1618736358492416e+00 
+2.5178872507989798e+00 +3.7847495629784700e-01 +1.1624173232599131e+00 
+2.5273085692270962e+00 +5.5485837703548635e-01 +1.1634851581942645e+00 
+2.5385095846864449e+00 +5.5485837703548635e-01 +1.1646825725055105e+00 
+2.5479309031145618e+00 +3.7847495629784700e-01 +1.1656312112053593e+00 
+2.5525440310417071e+00 +6.6666666666666666e-02 +1.1660768078563821e+00 

+2.5525440310417071e+00 +6.6666666666666666e-02 +1.1660768077073767e+00 
+2.5571571589688524e+00 +3.7847495629784700e-01 +1.1665102673986314e+00 
+2.5665784773969689e+00 +5.5485837703548635e-01 +1.1673587021765561e+00 
+2.5777794928563171e+00 +5.5485837703548635e-01 +1.1683051913086273e+00 
+2.5872008112844345e+00 +3.7847495629784700e-01 +1.1690510426786256e+00 
+2.5918139392115793e+00 +6.6666666666666666e-02 +1.1694000771772168e+00 

+2.5918139392115793e+00 +6.6666666666666666e-02 +1.1694000770498387e+00 
+2.5964270671387246e+00 +3.7847495629784700e-01 +1.1697387584660586e+00 
+2.6058483855668411e+00 +5.5485837703548635e-01 +1.1703991302190995e+00 
+2.6170494010261893e+00 +5.5485837703548635e-01 +1.1711315381175387e+00 
+2.6264707194543067e+00 +3.7847495629784700e-01 +1.1717052087344899e+00 
+2.6310838473814515e+00 +6.6666666666666666e-02 +1.1719725299756811e+00 

+2.6310838473814515e+00 +6.6666666666666666e-02 +1.1719725298726198e+00 
+2.6356969753085968e+00 +3.7847495629784700e-01 +1.1722311868487063e+00 
+2.6451182937367133e+00 +5.5485837703548635e-01 +1.1727333178116512e+00 
+2.6563193091960620e+00 +5.5485837703548635e-01 +1.1732865277565745e+00 
+2.6657406276241788e+00 +3.7847495629784700e-01 +1.1737168460530243e+00 
+2.6703537555513241e+00 +6.6666666666666666e-02 +1.1739163907912604e+00 

+2.6703537555513241e+00 +6.6666666666666666e-02 +1.1739163907145471e+00 
+2.6749668834784694e+00 +3.7847495629784700e-01 +1.1741088384309391e+00 
+2.6843882019065859e+00 +5.5485837703548635e-01 +1.1744805538510026e+00 
+2.6955892173659346e+00 +5.5485837703548635e-01 +1.1748869409242060e+00 
+2.7050105357940515e+00 +3.7847495629784700e-01 +1.1752005188576391e+00 
+2.7096236637211968e+00 +6.6666666666666666e-02 +1.1753451046518584e+00 

+2.7096236637211968e+00 +6.6666666666666666e-02 +1.1753451046028178e+00 
+2.7142367916483421e+00 +3.7847495629784700e-01 +1.1754840175890071e+00 
+2.7236581100764585e+00 +5.5485837703548635e-01 +1.1757507491422525e+00 
+2.7348591255358068e+00 +5.5485837703548635e-01 +1.1760397371225717e+00 
+2.7442804439639241e+00 +3.7847495629784700e-01 +1.1762606218493319e+00 
+2.7488935718910690e+00 +6.6666666666666666e-02 +1.1763617847557881e+00 

+2.7488935718910690e+00 +6.6666666666666666e-02 +1.1763617847350085e+00 
+2.7535066998182143e+00 +3.7847495629784700e-01 +1.1764585400434457e+00 
+2.7629280182463307e+00 +5.5485837703548635e-01 +1.1766430227445364e+00 
+2.7741290337056790e+00 +5.5485837703548635e-01 +1.1768407541591661e+00 
+2.7835503521337963e+00 +3.7847495629784700e-01 +1.1769901763976156e+00 
+2.7881634800609412e+00 +6.6666666666666666e-02 +1.1770580564618012e+00 

+2.7881634800609412e+00 +6.6666666666666666e-02 +1.1770580564691240e+00 
+2.7927766079880865e+00 +3.7847495629784700e-01 +1.1771226249238549e+00 
+2.8021979264162029e+00 +5.5485837703548635e-01 +1.1772446930000784e+00 
+2.8133989418755512e+00 +5.5485837703548635e-01 +1.1773738180236704e+00 
+2.8228202603036685e+00 +3.7847495629784700e-01 +1.1774700412035173e+00 
+2.8274333882308138e+00 +6.6666666666666666e-02 +1.1775133175254500e+00 

+2.8274333882308138e+00 +6.6666666666666666e-02 +1.1775133175599803e+00 
+2.8320465161579591e+00 +3.7847495629784700e-01 +1.1775542047011482e+00 
+2.8414678345860755e+00 +5.5485837703548635e-01 +1.1776306892640487e+00 
+2.8526688500454243e+00 +5.5485837703548635e-01 +1.1777102759963811e+00 
+2.8620901684735416e+00 +3.7847495629784700e-01 +1.1777685476156075e+00 
+2.8667032964006864e+00 +6.6666666666666666e-02 +1.1777944234483582e+00 

+2.8667032964006864e+00 +6.6666666666666666e-02 +1.1777944235084861e+00 
+2.8713164243278317e+00 +3.7847495629784700e-01 +1.1778186605372771e+00 
+2.8807377427559482e+00 +5.5485837703548635e-01 +1.1778633891913883e+00 
+2.8919387582152964e+00 +5.5485837703548635e-01 +1.1779089546374912e+00 
+2.9013600766434138e+00 +3.7847495629784700e-01 +1.1779415585519586e+00 
+2.9059732045705586e+00 +6.6666666666666666e-02 +1.1779557955746296e+00 

+2.9059732045705586e+00 +6.6666666666666666e-02 +1.1779557956580786e+00 
+2.9105863324977039e+00 +3.7847495629784700e-01 +1.1779689793696468e+00 
+2.9200076509258204e+00 +5.5485837703548635e-01 +1.1779928752152398e+00 
+2.9312086663851686e+00 +5.5485837703548635e-01 +1.1780165331193919e+00 
+2.9406299848132855e+00 +3.7847495629784700e-01 +1.1780329388404465e+00 
+2.9452431127404308e+00 +6.6666666666666666e-02 +1.1780399384568547e+00 

+2.9452431127404308e+00 +6.6666666666666666e-02 +1.1780399385607436e+00 
+2.9498562406675761e+00 +3.7847495629784700e-01 +1.1780463179682390e+00 
+2.9592775590956926e+00 +5.5485837703548635e-01 +1.1780575928507262e+00 
+2.9704785745550413e+00 +5.5485837703548635e-01 +1.1780683114770669e+00 
+2.9798998929831586e+00 +3.7847495629784700e-01 +1.1780754140156580e+00 
+2.9845130209103035e+00 +6.6666666666666666e-02 +1.1780783423009613e+00 

+2.9845130209103035e+00 +6.6666666666666666e-02 +1.1780783424218748e+00 
+2.9891261488374492e+00 +3.7847495629784700e-01 +1.1780809485548747e+00 
+2.9985474672655652e+00 +5.5485837703548635e-01 +1.1780853829527511e+00 
+3.0097484827249139e+00 +5.5485837703548635e-01 +1.1780893430367851e+00 
+3.0191698011530312e+00 +3.7847495629784700e-01 +1.1780917844720404e+00 
+3.0237829290801761e+00 +6.6666666666666666e-02 +1.1780927362521820e+00 

+3.0237829290801761e+00 +6.6666666666666666e-02 +1.1780927363862652e+00 
+3.0283960570073214e+00 +3.7847495629784700e-01 +1.1780935506222456e+00 
+3.0378173754354378e+00 +5.5485837703548635e-01 +1.1780948503095270e+00 
+3.0490183908947861e+00 +5.5485837703548635e-01 +1.1780958907982035e+00 
+3.0584397093229034e+00 +3.7847495629784700e-01 +1.1780964526230671e+00 
+3.0630528372500483e+00 +6.6666666666666666e-02 +1.1780966491546083e+00 

+3.0630528372500483e+00 +6.6666666666666666e-02 +1.1780966492976666e+00 
+3.0676659651771936e+00 +3.7847495629784700e-01 +1.1780968045836673e+00 
+3.0770872836053100e+00 +5.5485837703548635e-01 +1.1780970222081555e+00 
+3.0882882990646583e+00 +5.5485837703548635e-01 +1.1780971591264775e+00 
+3.0977096174927752e+00 +3.7847495629784700e-01 +1.1780972125858842e+00 
+3.1023227454199205e+00 +6.6666666666666666e-02 +1.1780972264319252e+00 

+3.1023227454199205e+00 +6.6666666666666666e-02 +1.1780972265795271e+00 
+3.1069358733470658e+00 +3.7847495629784700e-01 +1.1780972350478816e+00 
+3.1163571917751822e+00 +5.5485837703548635e-01 +1.1780972430828269e+00 
+3.1275582072345305e+00 +5.5485837703548635e-01 +1.1780972449689968e+00 
+3.1369795256626483e+00 +3.7847495629784700e-01 +1.1780972451030356e+00 
+3.1415926535897931e+00 +6.6666666666666666e-02 +1.1780972450961731e+00 

+3.1415926535897931e+00 +6.6666666666666666e-02 +1.1780972452437763e+00 
+3.1462057815169384e+00 +3.7847495629784700e-01 +1.1780972450419154e+00 
+3.1556270999450549e+00 +5.5485837703548635e-01 +1.1780972452379419e+00 
+3.1668281154044031e+00 +5.5485837703548635e-01 +1.1780972471241122e+00 
+3.1762494338325209e+00 +3.7847495629784700e-01 +1.1780972550970694e+00 
+3.1808625617596658e+00 +6.6666666666666666e-02 +1.1780972637604206e+00 

+3.1808625617596658e+00 +6.6666666666666666e-02 +1.1780972639034781e+00 
+3.1854756896868111e+00 +3.7847495629784700e-01 +1.1780972775605261e+00 
+3.1948970081149275e+00 +5.5485837703548635e-01 +1.1780973310800122e+00 
+3.2060980235742758e+00 +5.5485837703548635e-01 +1.1780974679983347e+00 
+3.2155193420023931e+00 +3.7847495629784700e-01 +1.1780976855627430e+00 
+3.2201324699295379e+00 +6.6666666666666666e-02 +1.1780978410377363e+00 

+3.2201324699295379e+00 +6.6666666666666666e-02 +1.1780978411718199e+00 
+3.2247455978566832e+00 +3.7847495629784700e-01 +1.1780980375262244e+00 
+3.2341669162847997e+00 +5.5485837703548635e-01 +1.1780985994073985e+00 
+3.2453679317441484e+00 +5.5485837703548635e-01 +1.1780996398960755e+00 
+3.2547892501722653e+00 +3.7847495629784700e-01 +1.1781009395270463e+00 
+3.2594023780994101e+00 +6.6666666666666666e-02 +1.1781017539401635e+00 

+3.2594023780994101e+00 +6.6666666666666666e-02 +1.1781017540610772e+00 
+3.2640155060265554e+00 +3.7847495629784700e-01 +1.1781027056814803e+00 
+3.2734368244546723e+00 +5.5485837703548635e-01 +1.1781051471675157e+00 
+3.2846378399140206e+00 +5.5485837703548635e-01 +1.1781091072515497e+00 
+3.2940591583421379e+00 +3.7847495629784700e-01 +1.1781135415986461e+00 
+3.2986722862692828e+00 +6.6666666666666666e-02 +1.1781161478913844e+00 

+3.2986722862692828e+00 +6.6666666666666666e-02 +1.1781161479952731e+00 
+3.3032854141964281e+00 +3.7847495629784700e-01 +1.1781190761433296e+00 
+3.3127067326245445e+00 +5.5485837703548635e-01 +1.1781261787255495e+00 
+3.3239077480838932e+00 +5.5485837703548635e-01 +1.1781368973518902e+00 
+3.3333290665120101e+00 +3.7847495629784700e-01 +1.1781481721907490e+00 
+3.3379421944391554e+00 +6.6666666666666666e-02 +1.1781545517354908e+00 

+3.3379421944391554e+00 +6.6666666666666666e-02 +1.1781545518189414e+00 
+3.3425553223663007e+00 +3.7847495629784700e-01 +1.1781615513251031e+00 
+3.3519766407944172e+00 +5.5485837703548635e-01 +1.1781779570812043e+00 
+3.3631776562537654e+00 +5.5485837703548635e-01 +1.1782016149853569e+00 
+3.3725989746818823e+00 +3.7847495629784700e-01 +1.1782255107959028e+00 
+3.3772121026090276e+00 +6.6666666666666666e-02 +1.1782386946177161e+00 

+3.3772121026090276e+00 +6.6666666666666666e-02 +1.1782386946778443e+00 
+3.3818252305361729e+00 +3.7847495629784700e-01 +1.1782529316210797e+00 
+3.3912465489642898e+00 +5.5485837703548635e-01 +1.1782855355607991e+00 
+3.4024475644236376e+00 +5.5485837703548635e-01 +1.1783311010069020e+00 
+3.4118688828517549e+00 +3.7847495629784700e-01 +1.1783758296357612e+00 
+3.4164820107788998e+00 +6.6666666666666666e-02 +1.1784000667439873e+00 

+3.4164820107788998e+00 +6.6666666666666666e-02 +1.1784000667785168e+00 
+3.4210951387060451e+00 +3.7847495629784700e-01 +1.1784259425656505e+00 
+3.4305164571341615e+00 +5.5485837703548635e-01 +1.1784842141993783e+00 
+3.4417174725935098e+00 +5.5485837703548635e-01 +1.1785638009317112e+00 
+3.4511387910216276e+00 +3.7847495629784700e-01 +1.1786402854801097e+00 
+3.4557519189487724e+00 +6.6666666666666666e-02 +1.1786811726668951e+00 

+3.4557519189487724e+00 +6.6666666666666666e-02 +1.1786811726742188e+00 
+3.4603650468759177e+00 +3.7847495629784700e-01 +1.1787244489864763e+00 
+3.4697863653040342e+00 +5.5485837703548635e-01 +1.1788206721693988e+00 
+3.4809873807633824e+00 +5.5485837703548635e-01 +1.1789497971929914e+00 
+3.4904086991914998e+00 +3.7847495629784700e-01 +1.1790718652661387e+00 
+3.4950218271186451e+00 +6.6666666666666666e-02 +1.1791364337305443e+00 

+3.4950218271186451e+00 +6.6666666666666666e-02 +1.1791364337097647e+00 
+3.4996349550457904e+00 +3.7847495629784700e-01 +1.1792043138014010e+00 
+3.5090562734739068e+00 +5.5485837703548635e-01 +1.1793537360311253e+00 
+3.5202572889332551e+00 +5.5485837703548635e-01 +1.1795514674457550e+00 
+3.5296786073613724e+00 +3.7847495629784700e-01 +1.1797359501555709e+00 
+3.5342917352885173e+00 +6.6666666666666666e-02 +1.1798327054365574e+00 

+3.5342917352885173e+00 +6.6666666666666666e-02 +1.1798327053875166e+00 
+3.5389048632156630e+00 +3.7847495629784700e-01 +1.1799338683587601e+00 
+3.5483261816437790e+00 +5.5485837703548635e-01 +1.1801547530649255e+00 
+3.5595271971031277e+00 +5.5485837703548635e-01 +1.1804437410452442e+00 
+3.5689485155312446e+00 +3.7847495629784700e-01 +1.1807104726190838e+00 
+3.5735616434583894e+00 +6.6666666666666666e-02 +1.1808493855404865e+00 

+3.5735616434583894e+00 +6.6666666666666666e-02 +1.1808493854637734e+00 
+3.5781747713855347e+00 +3.7847495629784700e-01 +1.1809939713593378e+00 
+3.5875960898136512e+00 +5.5485837703548635e-01 +1.1813075492605549e+00 
+3.5987971052729999e+00 +5.5485837703548635e-01 +1.1817139363337577e+00 
+3.6082184237011168e+00 +3.7847495629784700e-01 +1.1820856517860379e+00 
+3.6128315516282621e+00 +6.6666666666666666e-02 +1.1822780994010851e+00 

+3.6128315516282621e+00 +6.6666666666666666e-02 +1.1822780992980237e+00 
+3.6174446795554074e+00 +3.7847495629784700e-01 +1.1824776441724127e+00 
+3.6268659979835238e+00 +5.5485837703548635e-01 +1.1829079624255814e+00 
+3.6380670134428721e+00 +5.5485837703548635e-01 +1.1834611723705044e+00 
+3.6474883318709894e+00 +3.7847495629784700e-01 +1.1839633033767307e+00 
+3.6521014597981347e+00 +6.6666666666666666e-02 +1.1842219602166644e+00 

+3.6521014597981347e+00 +6.6666666666666666e-02 +1.1842219600892854e+00 
+3.6567145877252800e+00 +3.7847495629784700e-01 +1.1844892814987553e+00 
+3.6661359061533965e+00 +5.5485837703548635e-01 +1.1850629520622131e+00 
+3.6773369216127447e+00 +5.5485837703548635e-01 +1.1857953599606519e+00 
+3.6867582400408621e+00 +3.7847495629784700e-01 +1.1864557317671867e+00 
+3.6913713679680069e+00 +6.6666666666666666e-02 +1.1867944130151282e+00 

+3.6913713679680069e+00 +6.6666666666666666e-02 +1.1867944128661230e+00 
+3.6959844958951522e+00 +3.7847495629784700e-01 +1.1871434475615630e+00 
+3.7054058143232691e+00 +5.5485837703548635e-01 +1.1878892988689858e+00 
+3.7166068297826169e+00 +5.5485837703548635e-01 +1.1888357880010569e+00 
+3.7260281482107342e+00 +3.7847495629784700e-01 +1.1896842228415576e+00 
+3.7306412761378791e+00 +6.6666666666666666e-02 +1.1901176823359627e+00 

+3.7306412761378791e+00 +6.6666666666666666e-02 +1.1901176821686188e+00 
+3.7352544040650244e+00 +3.7847495629784700e-01 +1.1905632790407183e+00 
+3.7446757224931408e+00 +5.5485837703548635e-01 +1.1915119176702895e+00 
+3.7558767379524891e+00 +5.5485837703548635e-01 +1.1927093319815354e+00 
+3.7652980563806064e+00 +3.7847495629784700e-01 +1.1937771669861641e+00 
+3.7699111843077517e+00 +6.6666666666666666e-02 +1.1943208541757584e+00 

+3.7699111843077517e+00 +6.6666666666666666e-02 +1.1943208539938801e+00 
+3.7745243122348970e+00 +3.7847495629784700e-01 +1.1948785265297699e+00 
+3.7839456306630135e+00 +5.5485837703548635e-01 +1.1960618179877525e+00 
+3.7951466461223622e+00 +5.5485837703548635e-01 +1.1975483216901299e+00 
+3.8045679645504795e+00 +3.7847495629784700e-01 +1.1988678516031122e+00 
+3.8091810924776244e+00 +6.6666666666666666e-02 +1.1995376326965512e+00 

+3.8091810924776244e+00 +6.6666666666666666e-02 +1.1995376325043696e+00 
+3.8137942204047697e+00 +3.7847495629784700e-01 +1.2002232761230369e+00 
+3.8232155388328861e+00 +5.5485837703548635e-01 +1.2016737560813142e+00 
+3.8344165542922344e+00 +5.5485837703548635e-01 +1.2034881145117684e+00 
+3.8438378727203517e+00 +3.7847495629784700e-01 +1.2050919716179620e+00 
+3.8484510006474966e+00 +6.6666666666666666e-02 +1.2059038211682438e+00 

+3.8484510006474966e+00 +6.6666666666666666e-02 +1.2059038209703135e+00 
+3.8530641285746419e+00 +3.7847495629784700e-01 +1.2067334015845421e+00 
+3.8624854470027583e+00 +5.5485837703548635e-01 +1.2084836308617959e+00 
+3.8736864624621070e+00 +5.5485837703548635e-01 +1.2106644289460724e+00 
+3.8831077808902235e+00 +3.7847495629784700e-01 +1.2125849143950693e+00 
+3.8877209088173688e+00 +6.6666666666666666e-02 +1.2135545844057389e+00 

+3.8877209088173688e+00 +6.6666666666666666e-02 +1.2135545842068256e+00 
+3.8923340367445141e+00 +3.7847495629784700e-01 +1.2145438051873123e+00 
+3.9017553551726305e+00 +5.5485837703548635e-01 +1.2166256833938200e+00 
+3.9129563706319792e+00 +5.5485837703548635e-01 +1.2192104998929585e+00 
+3.9223776890600965e+00 +3.7847495629784700e-01 +1.2214788820544182e+00 
+3.9269908169872414e+00 +6.6666666666666666e-02 +1.2226215563702161e+00 

+3.9269908169872414e+00 +6.6666666666666666e-02 +1.2226215561751825e+00 
+3.9316039449143871e+00 +3.7847495629784700e-01 +1.2237855115467584e+00 
+3.9410252633425031e+00 +5.5485837703548635e-01 +1.2262295655816817e+00 
+3.9522262788018514e+00 +5.5485837703548635e-01 +1.2292541226874123e+00 
+3.9616475972299692e+00 +3.7847495629784700e-01 +1.2318999192366444e+00 
+3.9662607251571140e+00 +6.6666666666666666e-02 +1.2332298614681285e+00 

+3.9662607251571140e+00 +6.6666666666666666e-02 +1.2332298612818127e+00 
+3.9708738530842593e+00 +3.7847495629784700e-01 +1.2345826834454490e+00 
+3.9802951715123758e+00 +5.5485837703548635e-01 +1.2374173479101087e+00 
+3.9914961869717240e+00 +5.5485837703548635e-01 +1.2409146566670917e+00 
+4.0009175053998405e+00 +3.7847495629784700e-01 +1.2439649177576262e+00 
+4.0055306333269858e+00 +6.6666666666666666e-02 +1.2454951212746184e+00 

+4.0055306333269858e+00 +6.6666666666666666e-02 +1.2454951211017151e+00 
+4.0101437612541311e+00 +3.7847495629784700e-01 +1.2470496316370325e+00 
+4.0195650796822475e+00 +5.5485837703548635e-01 +1.2503005386849504e+00 
+4.0307660951415958e+00 +5.5485837703548635e-01 +1.2543000611281443e+00 
+4.0401874135697140e+00 +3.7847495629784700e-01 +1.2577786712403367e+00 
+4.0448005414968584e+00 +6.6666666666666666e-02 +1.2595205198450421e+00 

+4.0448005414968584e+00 +6.6666666666666666e-02 +1.2595205196899868e+00 
+4.0494136694240037e+00 +3.7847495629784700e-01 +1.2612878918441459e+00 
+4.0588349878521202e+00 +5.5485837703548635e-01 +1.2649771880157372e+00 
+4.0700360033114684e+00 +5.5485837703548635e-01 +1.2695040368081094e+00 
+4.0794573217395858e+00 +3.7847495629784700e-01 +1.2734310526624055e+00 
+4.0840704496667311e+00 +6.6666666666666666e-02 +1.2753940004170956e+00 

+4.0840704496667311e+00 +6.6666666666666666e-02 +1.2753940002839543e+00 
+4.0886835775938764e+00 +3.7847495629784700e-01 +1.2773834415919703e+00 
+4.0981048960219928e+00 +5.5485837703548635e-01 +1.2815291487763880e+00 
+4.1093059114813411e+00 +5.5485837703548635e-01 +1.2866033445163856e+00 
+4.1187272299094584e+00 +3.7847495629784700e-01 +1.2909943858100787e+00 
+4.1233403578366037e+00 +6.6666666666666666e-02 +1.2931856641488249e+00 

+4.1233403578366037e+00 +6.6666666666666666e-02 +1.2931856640411905e+00 
+4.1279534857637490e+00 +3.7847495629784700e-01 +1.2954041271531542e+00 
+4.1373748041918654e+00 +5.5485837703548635e-01 +1.3000195639903032e+00 
+4.1485758196512137e+00 +5.5485837703548635e-01 +1.3056553692432136e+00 
+4.1579971380793310e+00 +3.7847495629784700e-01 +1.3105210779242631e+00 
+4.1626102660064763e+00 +6.6666666666666666e-02 +1.3129454376311196e+00 

+4.1626102660064763e+00 +6.6666666666666666e-02 +1.3129454375520244e+00 
+4.1672233939336216e+00 +3.7847495629784700e-01 +1.3153973667726548e+00 
+4.1766447123617381e+00 +5.5485837703548635e-01 +1.3204906455737278e+00 
+4.1878457278210863e+00 +5.5485837703548635e-01 +1.3266959930918532e+00 
+4.1972670462492037e+00 +3.7847495629784700e-01 +1.3320415754467474e+00 
+4.2018801741763481e+00 +6.6666666666666666e-02 +1.3347010703467208e+00 

+4.2018801741763481e+00 +6.6666666666666666e-02 +1.3347010702985584e+00 
+4.2064933021034934e+00 +3.7847495629784700e-01 +1.3373881905873166e+00 
+4.2159146205316098e+00 +5.5485837703548635e-01 +1.3429618032410584e+00 
+4.2271156359909590e+00 +5.5485837703548635e-01 +1.3497378338118233e+00 
+4.2365369544190754e+00 +3.7847495629784700e-01 +1.3555626978504220e+00 
+4.2411500823462207e+00 +6.6666666666666666e-02 +1.3584565161518722e+00 

+4.2411500823462207e+00 +6.6666666666666666e-02 +1.3584565161363358e+00 
+4.2457632102733660e+00 +3.7847495629784700e-01 +1.3613776703897911e+00 
+4.2551845287014824e+00 +5.5485837703548635e-01 +1.3674281747723549e+00 
+4.2663855441608307e+00 +5.5485837703548635e-01 +1.3747688977190984e+00 
+4.2758068625889480e+00 +3.7847495629784700e-01 +1.3810663962305172e+00 
+4.2804199905160933e+00 +6.6666666666666666e-02 +1.3841907443999291e+00 

+4.2804199905160933e+00 +6.6666666666666666e-02 +1.3841907444179660e+00 
+4.2850331184432386e+00 +3.7847495629784700e-01 +1.3873417837824216e+00 
+4.2944544368713551e+00 +5.5485837703548635e-01 +1.3938595999475261e+00 
+4.3056554523307033e+00 +5.5485837703548635e-01 +1.4017516865625239e+00 
+4.3150767707588207e+00 +3.7847495629784700e-01 +1.4085089738428882e+00 
+4.3196898986859651e+00 +6.6666666666666666e-02 +1.4118570167105997e+00 

+4.3196898986859651e+00 +6.6666666666666666e-02 +1.4118570167623836e+00 
+4.3243030266131104e+00 +3.7847495629784700e-01 +1.4152307475295360e+00 
+4.3337243450412268e+00 +5.5485837703548635e-01 +1.4222000704765174e+00 
+4.3449253605005751e+00 +5.5485837703548635e-01 +1.4306227876555937e+00 
+4.3543466789286924e+00 +3.7847495629784700e-01 +1.4378207953279480e+00 
+4.3589598068558377e+00 +6.6666666666666666e-02 +1.4413826548447946e+00 

+4.3589598068558377e+00 +6.6666666666666666e-02 +1.4413826549297202e+00 
+4.3635729347829830e+00 +3.7847495629784700e-01 +1.4449688442802071e+00 
+4.3729942532110995e+00 +5.5485837703548635e-01 +1.4523676774400478e+00 
+4.3841952686704477e+00 +5.5485837703548635e-01 +1.4612929655855309e+00 
+4.3936165870985651e+00 +3.7847495629784700e-01 +1.4689065002064916e+00 
+4.3982297150257104e+00 +6.6666666666666666e-02 +1.4726693139272995e+00 

+4.3982297150257104e+00 +6.6666666666666666e-02 +1.4726693140439928e+00 
+4.4028428429528557e+00 +3.7847495629784700e-01 +1.4764547555540763e+00 
+4.4122641613809721e+00 +5.5485837703548635e-01 +1.4842550663618110e+00 
+4.4234651768403204e+00 +5.5485837703548635e-01 +1.4936477623028124e+00 
+4.4328864952684377e+00 +3.7847495629784700e-01 +1.5016457246455663e+00 
+4.4374996231955830e+00 +6.6666666666666666e-02 +1.5055937636384700e+00 

+4.4374996231955830e+00 +6.6666666666666666e-02 +1.5055937637848162e+00 
+4.4421127511227283e+00 +3.7847495629784700e-01 +1.5095624022328062e+00 
+4.4515340695508447e+00 +5.5485837703548635e-01 +1.5177303983357366e+00 
+4.4627350850101930e+00 +5.5485837703548635e-01 +1.5275486006620917e+00 
+4.4721564034383112e+00 +3.7847495629784700e-01 +1.5358943237489751e+00 
+4.4767695313654556e+00 +6.6666666666666666e-02 +1.5400091682529424e+00 

+4.4767695313654556e+00 +6.6666666666666666e-02 +1.5400091684261312e+00 
+4.4813826592926009e+00 +3.7847495629784700e-01 +1.5441422820607900e+00 
+4.4908039777207174e+00 +5.5485837703548635e-01 +1.5526388039141032e+00 
+4.5020049931800656e+00 +5.5485837703548635e-01 +1.5628343748139915e+00 
+4.5114263116081830e+00 +3.7847495629784700e-01 +1.5714860750122590e+00 
+4.5160394395353274e+00 +6.6666666666666666e-02 +1.5757468448223944e+00 

+4.5160394395353274e+00 +6.6666666666666666e-02 +1.5757468450189931e+00 
+4.5206525674624727e+00 +3.7847495629784700e-01 +1.5800232821154758e+00 
+4.5300738858905891e+00 +5.5485837703548635e-01 +1.5888043050078142e+00 
+4.5412749013499374e+00 +5.5485837703548635e-01 +1.5993234995192531e+00 
+4.5506962197780547e+00 +3.7847495629784700e-01 +1.6082348323778766e+00 
+4.5553093477052000e+00 +6.6666666666666666e-02 +1.6126184676615725e+00 

+4.5553093477052000e+00 +6.6666666666666666e-02 +1.6126184678775928e+00 
+4.5599224756323453e+00 +3.7847495629784700e-01 +1.6170149331398884e+00 
+4.5693437940604618e+00 +5.5485837703548635e-01 +1.6260321691370272e+00 
+4.5805448095198100e+00 +5.5485837703548635e-01 +1.6368163797472659e+00 
+4.5899661279479274e+00 +3.7847495629784700e-01 +1.6459370898044938e+00 
+4.5945792558750727e+00 +6.6666666666666666e-02 +1.6504186768723146e+00 

+4.5945792558750727e+00 +6.6666666666666666e-02 +1.6504186771033162e+00 
+4.5991923838022180e+00 +3.7847495629784700e-01 +1.6549100623062594e+00 
+4.6086137022303344e+00 +5.5485837703548635e-01 +1.6641116502632958e+00 
+4.6198147176896827e+00 +5.5485837703548635e-01 +1.6750982520899935e+00 
+4.6292360361178000e+00 +3.7847495629784700e-01 +1.6843749036805815e+00 
+4.6338491640449444e+00 +6.6666666666666666e-02 +1.6889280391825783e+00 

+4.6338491640449444e+00 +6.6666666666666666e-02 +1.6889280394237685e+00 
+4.6384622919720906e+00 +3.7847495629784700e-01 +1.6934877916511228e+00 
+4.6478836104002061e+00 +5.5485837703548635e-01 +1.7028190613792680e+00 
+4.6590846258595544e+00 +5.5485837703548635e-01 +1.7139423408087093e+00 
+4.6685059442876726e+00 +3.7847495629784700e-01 +1.7233191149995748e+00 
+4.6731190722148170e+00 +6.6666666666666666e-02 +1.7279163011160872e+00 

+4.6731190722148170e+00 +6.6666666666666666e-02 +1.7279163013624312e+00 
+4.6777322001419623e+00 +3.7847495629784700e-01 +1.7325168213151658e+00 
+4.6871535185700788e+00 +5.5485837703548635e-01 +1.7419211162485637e+00 
+4.6983545340294270e+00 +5.5485837703548635e-01 +1.7531132639465472e+00 
+4.7077758524575453e+00 +3.7847495629784700e-01 +1.7625328051763931e+00 
+4.7123889803846897e+00 +6.6666666666666666e-02 +1.7671458676442582e+00 

+4.7123889803846897e+00 +6.6666666666666666e-02 +1.7671458678906011e+00 
+4.7170021083118350e+00 +3.7847495629784700e-01 +1.7717589300330236e+00 
+4.7264234267399514e+00 +5.5485837703548635e-01 +1.7811784713663243e+00 
+4.7376244421992997e+00 +5.5485837703548635e-01 +1.7923706190643083e+00 
+4.7470457606274170e+00 +3.7847495629784700e-01 +1.8017749138942505e+00 
+4.7516588885545623e+00 +6.6666666666666666e-02 +1.8063754341724285e+00 

+4.7516588885545623e+00 +6.6666666666666666e-02 +1.8063754344136180e+00 
+4.7562720164817076e+00 +3.7847495629784700e-01 +1.8109726202114977e+00 
+4.7656933349098241e+00 +5.5485837703548635e-01 +1.8203493945036531e+00 
+4.7768943503691723e+00 +5.5485837703548635e-01 +1.8314726739330940e+00 
+4.7863156687972896e+00 +3.7847495629784700e-01 +1.8408039435599495e+00 
+4.7909287967244349e+00 +6.6666666666666666e-02 +1.8453636961059372e+00 

+4.7909287967244349e+00 +6.6666666666666666e-02 +1.8453636963369384e+00 
+4.7955419246515802e+00 +3.7847495629784700e-01 +1.8499168315337622e+00 
+4.8049632430796967e+00 +5.5485837703548635e-01 +1.8591934832213615e+00 
+4.8161642585390450e+00 +5.5485837703548635e-01 +1.8701800850480588e+00 
+4.8255855769671614e+00 +3.7847495629784700e-01 +1.8793816729080830e+00 
+4.8301987048943067e+00 +6.6666666666666666e-02 +1.8838730584162013e+00 

+4.8301987048943067e+00 +6.6666666666666666e-02 +1.8838730586322221e+00 
+4.8348118328214520e+00 +3.7847495629784700e-01 +1.8883546454146596e+00 
+4.8442331512495684e+00 +5.5485837703548635e-01 +1.8974753555626078e+00 
+4.8554341667089167e+00 +5.5485837703548635e-01 +1.9082595661728476e+00 
+4.8648554851370340e+00 +3.7847495629784700e-01 +1.9172768020792654e+00 
+4.8694686130641793e+00 +6.6666666666666666e-02 +1.9216732676269439e+00 

+4.8694686130641793e+00 +6.6666666666666666e-02 +1.9216732678235409e+00 
+4.8740817409913246e+00 +3.7847495629784700e-01 +1.9260569028475141e+00 
+4.8835030594194411e+00 +5.5485837703548635e-01 +1.9349682357887010e+00 
+4.8947040748787893e+00 +5.5485837703548635e-01 +1.9454874303001390e+00 
+4.9041253933069067e+00 +3.7847495629784700e-01 +1.9542684531099139e+00 
+4.9087385212340520e+00 +6.6666666666666666e-02 +1.9585448904661216e+00 

+4.9087385212340520e+00 +6.6666666666666666e-02 +1.9585448906393115e+00 
+4.9133516491611973e+00 +3.7847495629784700e-01 +1.9628056602206465e+00 
+4.9227729675893137e+00 +5.5485837703548635e-01 +1.9714573604916488e+00 
+4.9339739830486620e+00 +5.5485837703548635e-01 +1.9816529313915374e+00 
+4.9433953014767793e+00 +3.7847495629784700e-01 +1.9901494531721167e+00 
+4.9480084294039237e+00 +6.6666666666666666e-02 +1.9942825670355750e+00 

+4.9480084294039237e+00 +6.6666666666666666e-02 +1.9942825671819198e+00 
+4.9526215573310690e+00 +3.7847495629784700e-01 +1.9983974114925505e+00 
+4.9620428757591855e+00 +5.5485837703548635e-01 +2.0067431346408942e+00 
+4.9732438912185337e+00 +5.5485837703548635e-01 +2.0165613369672486e+00 
+4.9826652096466519e+00 +3.7847495629784700e-01 +2.0247293330087186e+00 
+4.9872783375737963e+00 +6.6666666666666666e-02 +2.0286979716500464e+00 

+4.9872783375737963e+00 +6.6666666666666666e-02 +2.0286979717667397e+00 
+4.9918914655009416e+00 +3.7847495629784700e-01 +2.0326460106054807e+00 
+5.0013127839290581e+00 +5.5485837703548635e-01 +2.0406439729972417e+00 
+5.0125137993884064e+00 +5.5485837703548635e-01 +2.0500366689382439e+00 
+5.0219351178165237e+00 +3.7847495629784700e-01 +2.0578369796969707e+00 
+5.0265482457436690e+00 +6.6666666666666666e-02 +2.0616224213612173e+00 

+5.0265482457436690e+00 +6.6666666666666666e-02 +2.0616224214461423e+00 
+5.0311613736708143e+00 +3.7847495629784700e-01 +2.0653852350547557e+00 
+5.0405826920989307e+00 +5.5485837703548635e-01 +2.0729987697113810e+00 
+5.0517837075582790e+00 +5.5485837703548635e-01 +2.0819240578568654e+00 
+5.0612050259863963e+00 +3.7847495629784700e-01 +2.0893228909810406e+00 
+5.0658181539135416e+00 +6.6666666666666666e-02 +2.0929090804437211e+00 

+5.0658181539135416e+00 +6.6666666666666666e-02 +2.0929090804955055e+00 
+5.0704312818406869e+00 +3.7847495629784700e-01 +2.0964709399439410e+00 
+5.0798526002688034e+00 +5.5485837703548635e-01 +2.1036689476380430e+00 
+5.0910536157281516e+00 +5.5485837703548635e-01 +2.1120916648171191e+00 
+5.1004749341562690e+00 +3.7847495629784700e-01 +2.1190609877423525e+00 
+5.1050880620834143e+00 +6.6666666666666666e-02 +2.1224347185779160e+00 

+5.1050880620834143e+00 +6.6666666666666666e-02 +2.1224347185959531e+00 
+5.1097011900105596e+00 +3.7847495629784700e-01 +2.1257827614398370e+00 
+5.1191225084386760e+00 +5.5485837703548635e-01 +2.1325400487277753e+00 
+5.1303235238980243e+00 +5.5485837703548635e-01 +2.1404321353427740e+00 
+5.1397448423261407e+00 +3.7847495629784700e-01 +2.1469499515003032e+00 
+5.1443579702532860e+00 +6.6666666666666666e-02 +2.1501009908885869e+00 

+5.1443579702532860e+00 +6.6666666666666666e-02 +2.1501009908730517e+00 
+5.1489710981804313e+00 +3.7847495629784700e-01 +2.1532253390629865e+00 
+5.1583924166085477e+00 +5.5485837703548635e-01 +2.1595228375678825e+00 
+5.1695934320678960e+00 +5.5485837703548635e-01 +2.1668635605146265e+00 
+5.1790147504960142e+00 +3.7847495629784700e-01 +2.1729140649037135e+00 
+5.1836278784231586e+00 +6.6666666666666666e-02 +2.1758352191366446e+00 

+5.1836278784231586e+00 +6.6666666666666666e-02 +2.1758352190884827e+00 
+5.1882410063503048e+00 +3.7847495629784700e-01 +2.1787290374535582e+00 
+5.1976623247784204e+00 +5.5485837703548635e-01 +2.1845539014719311e+00 
+5.2088633402377686e+00 +5.5485837703548635e-01 +2.1913299320426964e+00 
+5.2182846586658869e+00 +3.7847495629784700e-01 +2.1969035447166649e+00 
+5.2228977865930313e+00 +6.6666666666666666e-02 +2.1995906649417964e+00 

+5.2228977865930313e+00 +6.6666666666666666e-02 +2.1995906648627002e+00 
+5.2275109145201766e+00 +3.7847495629784700e-01 +2.2022501598671655e+00 
+5.2369322329482930e+00 +5.5485837703548635e-01 +2.2075957421888437e+00 
+5.2481332484076404e+00 +5.5485837703548635e-01 +2.2138010897069691e+00 
+5.2575545668357586e+00 +3.7847495629784700e-01 +2.2188943685412581e+00 
+5.2621676947629030e+00 +6.6666666666666666e-02 +2.2213462976573974e+00 

+5.2621676947629030e+00 +6.6666666666666666e-02 +2.2213462975497618e+00 
+5.2667808226900483e+00 +3.7847495629784700e-01 +2.2237706573988127e+00 
+5.2762021411181648e+00 +5.5485837703548635e-01 +2.2286363660346606e+00 
+5.2874031565775130e+00 +5.5485837703548635e-01 +2.2342721712875706e+00 
+5.2968244750056304e+00 +3.7847495629784700e-01 +2.2388876081699225e+00 
+5.3014376029327757e+00 +6.6666666666666666e-02 +2.2411060711396913e+00 

+5.3014376029327757e+00 +6.6666666666666666e-02 +2.2411060710065507e+00 
+5.3060507308599210e+00 +3.7847495629784700e-01 +2.2432973495211890e+00 
+5.3154720492880374e+00 +5.5485837703548635e-01 +2.2476883907589680e+00 
+5.3266730647473857e+00 +5.5485837703548635e-01 +2.2527625864989655e+00 
+5.3360943831755030e+00 +3.7847495629784700e-01 +2.2569082937392970e+00 
+5.3407075111026483e+00 +6.6666666666666666e-02 +2.2588977348714212e+00 

+5.3407075111026483e+00 +6.6666666666666666e-02 +2.2588977347163648e+00 
+5.3453206390297936e+00 +3.7847495629784700e-01 +2.2608606826758977e+00 
+5.3547419574579100e+00 +5.5485837703548635e-01 +2.2647876984650770e+00 
+5.3659429729172583e+00 +5.5485837703548635e-01 +2.2693145472574483e+00 
+5.3753642913453756e+00 +3.7847495629784700e-01 +2.2730038434941569e+00 
+5.3799774192725209e+00 +6.6666666666666666e-02 +2.2747712154434754e+00 

+5.3799774192725209e+00 +6.6666666666666666e-02 +2.2747712152705719e+00 
+5.3845905471996662e+00 +3.7847495629784700e-01 +2.2765130641036979e+00 
+5.3940118656277827e+00 +5.5485837703548635e-01 +2.2799916741432780e+00 
+5.4052128810871309e+00 +5.5485837703548635e-01 +2.2839911965864723e+00 
+5.4146341995152483e+00 +3.7847495629784700e-01 +2.2872421037070021e+00 
+5.4192473274423936e+00 +6.6666666666666666e-02 +2.2887966140138984e+00 

+5.4192473274423936e+00 +6.6666666666666666e-02 +2.2887966138275821e+00 
+5.4238604553695389e+00 +3.7847495629784700e-01 +2.2903268175907145e+00 
+5.4332817737976553e+00 +5.5485837703548635e-01 +2.2933770786030037e+00 
+5.4444827892570036e+00 +5.5485837703548635e-01 +2.2968743873599866e+00 
+5.4539041076851209e+00 +3.7847495629784700e-01 +2.2997090519028918e+00 
+5.4585172356122653e+00 +6.6666666666666666e-02 +2.3010618738203892e+00 

+5.4585172356122653e+00 +6.6666666666666666e-02 +2.3010618736253550e+00 
+5.4631303635394115e+00 +3.7847495629784700e-01 +2.3023918161144961e+00 
+5.4725516819675271e+00 +5.5485837703548635e-01 +2.3050376125818208e+00 
+5.4837526974268753e+00 +5.5485837703548635e-01 +2.3080621696875516e+00 
+5.4931740158549935e+00 +3.7847495629784700e-01 +2.3105062238043819e+00 
+5.4977871437821380e+00 +6.6666666666666666e-02 +2.3116701789183010e+00 

+5.4977871437821380e+00 +6.6666666666666666e-02 +2.3116701787193876e+00 
+5.5024002717092841e+00 +3.7847495629784700e-01 +2.3128128532979670e+00 
+5.5118215901373997e+00 +5.5485837703548635e-01 +2.3150812353758927e+00 
+5.5230226055967480e+00 +5.5485837703548635e-01 +2.3176660518750309e+00 
+5.5324439240248662e+00 +3.7847495629784700e-01 +2.3197479301650734e+00 
+5.5370570519520106e+00 +6.6666666666666666e-02 +2.3207371508827781e+00 

+5.5370570519520106e+00 +6.6666666666666666e-02 +2.3207371506848467e+00 
+5.5416701798791559e+00 +3.7847495629784700e-01 +2.3217068209570013e+00 
+5.5510914983072723e+00 +5.5485837703548635e-01 +2.3236273063228752e+00 
+5.5622925137666197e+00 +5.5485837703548635e-01 +2.3258081044071521e+00 
+5.5717138321947370e+00 +3.7847495629784700e-01 +2.3275583337675285e+00 
+5.5763269601218823e+00 +6.6666666666666666e-02 +2.3283879141202726e+00 

+5.5763269601218823e+00 +6.6666666666666666e-02 +2.3283879139280907e+00 
+5.5809400880490276e+00 +3.7847495629784700e-01 +2.3291997637322619e+00 
+5.5903614064771441e+00 +5.5485837703548635e-01 +2.3308036207577483e+00 
+5.6015624219364923e+00 +5.5485837703548635e-01 +2.3326179791882025e+00 
+5.6109837403646097e+00 +3.7847495629784700e-01 +2.3340684592271868e+00 
+5.6155968682917550e+00 +6.6666666666666666e-02 +2.3347541025919663e+00 

+5.6155968682917550e+00 +6.6666666666666666e-02 +2.3347541024100860e+00 
+5.6202099962189003e+00 +3.7847495629784700e-01 +2.3354238837438044e+00 
+5.6296313146470167e+00 +5.5485837703548635e-01 +2.3367434135804048e+00 
+5.6408323301063650e+00 +5.5485837703548635e-01 +2.3382299172827823e+00 
+5.6502536485344823e+00 +3.7847495629784700e-01 +2.3394132088171458e+00 
+5.6548667764616276e+00 +6.6666666666666666e-02 +2.3399708811127580e+00 

+5.6548667764616276e+00 +6.6666666666666666e-02 +2.3399708809454123e+00 
+5.6594799043887729e+00 +3.7847495629784700e-01 +2.3405145683560846e+00 
+5.6689012228168894e+00 +5.5485837703548635e-01 +2.3415824032904369e+00 
+5.6801022382762376e+00 +5.5485837703548635e-01 +2.3427798176016821e+00 
+5.6895235567043549e+00 +3.7847495629784700e-01 +2.3437284563015304e+00 
+5.6941366846315002e+00 +6.6666666666666666e-02 +2.3441740529525528e+00 

+5.6941366846315002e+00 +6.6666666666666666e-02 +2.3441740528035488e+00 
+5.6987498125586455e+00 +3.7847495629784700e-01 +2.3446075124948034e+00 
+5.7081711309867620e+00 +5.5485837703548635e-01 +2.3454559472727285e+00 
+5.7193721464461102e+00 +5.5485837703548635e-01 +2.3464024364047993e+00 
+5.7287934648742285e+00 +3.7847495629784700e-01 +2.3471482877747980e+00 
+5.7334065928013729e+00 +6.6666666666666666e-02 +2.3474973222733890e+00 

+5.7334065928013729e+00 +6.6666666666666666e-02 +2.3474973221460100e+00 
+5.7380197207285191e+00 +3.7847495629784700e-01 +2.3478360035622310e+00 
+5.7474410391566337e+00 +5.5485837703548635e-01 +2.3484963753152721e+00 
+5.7586420546159829e+00 +5.5485837703548635e-01 +2.3492287832137109e+00 
+5.7680633730441002e+00 +3.7847495629784700e-01 +2.3498024538306619e+00 
+5.7726765009712446e+00 +6.6666666666666666e-02 +2.3500697750718524e+00 

+5.7726765009712446e+00 +6.6666666666666666e-02 +2.3500697749687900e+00 
+5.7772896288983908e+00 +3.7847495629784700e-01 +2.3503284319448783e+00 
+5.7867109473265064e+00 +5.5485837703548635e-01 +2.3508305629078228e+00 
+5.7979119627858546e+00 +5.5485837703548635e-01 +2.3513837728527456e+00 
+5.8073332812139729e+00 +3.7847495629784700e-01 +2.3518140911491963e+00 
+5.8119464091411173e+00 +6.6666666666666666e-02 +2.3520136358874320e+00 

+5.8119464091411173e+00 +6.6666666666666666e-02 +2.3520136358107191e+00 
+5.8165595370682626e+00 +3.7847495629784700e-01 +2.3522060835271099e+00 
+5.8259808554963790e+00 +5.5485837703548635e-01 +2.3525777989471743e+00 
+5.8371818709557273e+00 +5.5485837703548635e-01 +2.3529841860203780e+00 
+5.8466031893838455e+00 +3.7847495629784700e-01 +2.3532977639538104e+00 
+5.8512163173109899e+00 +6.6666666666666666e-02 +2.3534423497480299e+00 

+5.8512163173109899e+00 +6.6666666666666666e-02 +2.3534423496989891e+00 
+5.8558294452381352e+00 +3.7847495629784700e-01 +2.3535812626851791e+00 
+5.8652507636662516e+00 +5.5485837703548635e-01 +2.3538479942384245e+00 
+5.8764517791255990e+00 +5.5485837703548635e-01 +2.3541369822187437e+00 
+5.8858730975537163e+00 +3.7847495629784700e-01 +2.3543578669455036e+00 
+5.8904862254808616e+00 +6.6666666666666666e-02 +2.3544590298519603e+00 

+5.8904862254808616e+00 +6.6666666666666666e-02 +2.3544590298311796e+00 
+5.8950993534080069e+00 +3.7847495629784700e-01 +2.3545557851396173e+00 
+5.9045206718361234e+00 +5.5485837703548635e-01 +2.3547402678407079e+00 
+5.9157216872954717e+00 +5.5485837703548635e-01 +2.3549379992553381e+00 
+5.9251430057235890e+00 +3.7847495629784700e-01 +2.3550874214937871e+00 
+5.9297561336507343e+00 +6.6666666666666666e-02 +2.3551553015579723e+00 

+5.9297561336507343e+00 +6.6666666666666666e-02 +2.3551553015652957e+00 
+5.9343692615778796e+00 +3.7847495629784700e-01 +2.3552198700200258e+00 
+5.9437905800059960e+00 +5.5485837703548635e-01 +2.3553419380962506e+00 
+5.9549915954653443e+00 +5.5485837703548635e-01 +2.3554710631198432e+00 
+5.9644129138934625e+00 +3.7847495629784700e-01 +2.3555672862996886e+00 
+5.9690260418206069e+00 +6.6666666666666666e-02 +2.3556105626216213e+00 

+5.9690260418206069e+00 +6.6666666666666666e-02 +2.3556105626561523e+00 
+5.9736391697477531e+00 +3.7847495629784700e-01 +2.3556514497973207e+00 
+5.9830604881758696e+00 +5.5485837703548635e-01 +2.3557279343602202e+00 
+5.9942615036352169e+00 +5.5485837703548635e-01 +2.3558075210925526e+00 
+6.0036828220633351e+00 +3.7847495629784700e-01 +2.3558657927117799e+00 
+6.0082959499904796e+00 +6.6666666666666666e-02 +2.3558916685445306e+00 

+6.0082959499904796e+00 +6.6666666666666666e-02 +2.3558916686046594e+00 
+6.0129090779176257e+00 +3.7847495629784700e-01 +2.3559159056334487e+00 
+6.0223303963457413e+00 +5.5485837703548635e-01 +2.3559606342875608e+00 
+6.0335314118050896e+00 +5.5485837703548635e-01 +2.3560061997336641e+00 
+6.0429527302332078e+00 +3.7847495629784700e-01 +2.3560388036481310e+00 
+6.0475658581603522e+00 +6.6666666666666666e-02 +2.3560530406708020e+00 

+6.0475658581603522e+00 +6.6666666666666666e-02 +2.3560530407542504e+00 
+6.0521789860874975e+00 +3.7847495629784700e-01 +2.3560662244658195e+00 
+6.0616003045156130e+00 +5.5485837703548635e-01 +2.3560901203114124e+00 
+6.0728013199749622e+00 +5.5485837703548635e-01 +2.3561137782155654e+00 
+6.0822226384030795e+00 +3.7847495629784700e-01 +2.3561301839366200e+00 
+6.0868357663302239e+00 +6.6666666666666666e-02 +2.3561371835530278e+00 

+6.0868357663302239e+00 +6.6666666666666666e-02 +2.3561371836569167e+00 
+6.0914488942573692e+00 +3.7847495629784700e-01 +2.3561435630644123e+00 
+6.1008702126854857e+00 +5.5485837703548635e-01 +2.3561548379469008e+00 
+6.1120712281448339e+00 +5.5485837703548635e-01 +2.3561655565732420e+00 
+6.1214925465729513e+00 +3.7847495629784700e-01 +2.3561726591118326e+00 
+6.1261056745000966e+00 +6.6666666666666666e-02 +2.3561755873971366e+00 

+6.1261056745000966e+00 +6.6666666666666666e-02 +2.3561755875180519e+00 
+6.1307188024272419e+00 +3.7847495629784700e-01 +2.3561781936510502e+00 
+6.1401401208553583e+00 +5.5485837703548635e-01 +2.3561826280489289e+00 
+6.1513411363147066e+00 +5.5485837703548635e-01 +2.3561865881329647e+00 
+6.1607624547428239e+00 +3.7847495629784700e-01 +2.3561890295682200e+00 
+6.1653755826699692e+00 +6.6666666666666666e-02 +2.3561899813483627e+00 

+6.1653755826699692e+00 +6.6666666666666666e-02 +2.3561899814824447e+00 
+6.1699887105971145e+00 +3.7847495629784700e-01 +2.3561907957184269e+00 
+6.1794100290252310e+00 +5.5485837703548635e-01 +2.3561920954057101e+00 
+6.1906110444845783e+00 +5.5485837703548635e-01 +2.3561931358943875e+00 
+6.2000323629126957e+00 +3.7847495629784700e-01 +2.3561936977192532e+00 
+6.2046454908398410e+00 +6.6666666666666666e-02 +2.3561938942507967e+00 

+6.2046454908398410e+00 +6.6666666666666666e-02 +2.3561938943938543e+00 
+6.2092586187669863e+00 +3.7847495629784700e-01 +2.3561940496798570e+00 
+6.2186799371951027e+00 +5.5485837703548635e-01 +2.3561942673043474e+00 
+6.2298809526544510e+00 +5.5485837703548635e-01 +2.3561944042226739e+00 
+6.2393022710825692e+00 +3.7847495629784700e-01 +2.3561944576820855e+00 
+6.2439153990097136e+00 +6.6666666666666666e-02 +2.3561944715281271e+00 

+6.2439153990097136e+00 +6.6666666666666666e-02 +2.3561944716757308e+00 
+6.2485285269368598e+00 +3.7847495629784700e-01 +2.3561944801440871e+00 
+6.2579498453649762e+00 +5.5485837703548635e-01 +2.3561944881790380e+00 
+6.2691508608243236e+00 +5.5485837703548635e-01 +2.3561944900652163e+00 
+6.2785721792524418e+00 +3.7847495629784700e-01 +2.3561944901992615e+00 
+6.2831853071795862e+00 +6.6666666666666666e-02 +2.3561944901924035e+00 


