+0.0000000000000000e+00 +3.3333333333333331e-01 -4.8628018762619060e-10 
+9.8174770424681035e-03 +1.3333333333333333e+00 +6.0796742039216845e-11 
+1.9634954084936207e-02 +3.3333333333333331e-01 +6.0787367170462424e-10 

+1.9634954084936207e-02 +3.3333333333333331e-01 -6.6803318284148377e-09 
+2.9452431127404310e-02 +1.3333333333333333e+00 +6.0161591158562932e-09 
+3.9269908169872414e-02 +3.3333333333333331e-01 +1.8712650060127426e-08 

+3.9269908169872414e-02 +3.3333333333333331e-01 -1.2820642509876305e-08 
+4.9087385212340517e-02 +1.3333333333333333e+00 +6.4426542157638315e-08 
+5.8904862254808621e-02 +3.3333333333333331e-01 +1.4167372682515294e-07 

+5.8904862254808621e-02 +3.3333333333333331e-01 +5.6972896876818050e-08 
+6.8722339297276724e-02 +1.3333333333333333e+00 +3.2650488681957670e-07 
+7.8539816339744828e-02 +3.3333333333333331e-01 +5.9603687676233540e-07 

+7.8539816339744828e-02 +3.3333333333333331e-01 +4.1798998319315966e-07 
+8.8357293382212931e-02 +1.3333333333333333e+00 +1.1168871843918323e-06 
+9.8174770424681035e-02 +3.3333333333333331e-01 +1.8157843855905048e-06 

+9.8174770424681035e-02 +3.3333333333333331e-01 +1.4932672977822777e-06 
+1.0799224746714914e-01 +1.3333333333333333e+00 +3.0011252849498811e-06 
+1.1780972450961724e-01 +3.3333333333333331e-01 +4.5089832721174850e-06 

+1.1780972450961724e-01 +3.3333333333333331e-01 +3.9803219746479795e-06 
+1.2762720155208535e-01 +1.3333333333333333e+00 +6.8513178823081212e-06 
+1.3744467859455345e-01 +3.3333333333333331e-01 +9.7223137899682620e-06 

+1.3744467859455345e-01 +3.3333333333333331e-01 +8.9157627862939320e-06 
+1.4726215563702155e-01 +1.3333333333333333e+00 +1.3909368463994865e-05 
+1.5707963267948966e-01 +3.3333333333333331e-01 +1.8902974141695799e-05 

+1.5707963267948966e-01 +3.3333333333333331e-01 +1.7737274441067680e-05 
+1.6689710972195776e-01 +1.3333333333333333e+00 +2.5847374390175253e-05 
+1.7671458676442586e-01 +3.3333333333333331e-01 +3.3957474339282825e-05 

+1.7671458676442586e-01 +3.3333333333333331e-01 +3.2342487408393637e-05 
+1.8653206380689397e-01 +1.3333333333333333e+00 +4.4824669861036069e-05 
+1.9634954084936207e-01 +3.3333333333333331e-01 +5.7306852313678500e-05 

+1.9634954084936207e-01 +3.3333333333333331e-01 +5.5144265879498972e-05 
+2.0616701789183017e-01 +1.3333333333333333e+00 +7.3541067231862024e-05 
+2.1598449493429828e-01 +3.3333333333333331e-01 +9.1937868584225077e-05 

+2.1598449493429828e-01 +3.3333333333333331e-01 +8.9121969705125174e-05 
+2.2580197197676638e-01 +1.3333333333333333e+00 +1.1528586580344095e-04 
+2.3561944901923448e-01 +3.3333333333333331e-01 +1.4144976190175673e-04 

+2.3561944901923448e-01 +3.3333333333333331e-01 +1.3786827228325671e-04 
+2.4543692606170259e-01 +1.3333333333333333e+00 +1.7398222469855028e-04 
+2.5525440310417069e-01 +3.3333333333333331e-01 +2.1009617711384386e-04 

+2.5525440310417069e-01 +3.3333333333333331e-01 +2.0563114523595928e-04 
+2.6507188014663879e-01 +1.3333333333333333e+00 +2.5422652656151637e-04 
+2.7488935718910690e-01 +3.3333333333333331e-01 +3.0282190788707346e-04 

+2.7488935718910690e-01 +3.3333333333333331e-01 +2.9735065213476957e-04 
+2.8470683423157500e-01 +1.3333333333333333e+00 +3.6132239139908114e-04 
+2.9452431127404310e-01 +3.3333333333333331e-01 +4.2529413066339270e-04 

+2.9452431127404310e-01 +3.3333333333333331e-01 +4.1869022731250236e-04 
+3.0434178831651121e-01 +1.3333333333333333e+00 +5.0130903471356646e-04 
+3.1415926535897931e-01 +3.3333333333333331e-01 +5.8392784211463056e-04 

+3.1415926535897931e-01 +3.3333333333333331e-01 +5.7606215172484277e-04 
+3.2397674240144742e-01 +1.3333333333333333e+00 +6.8098370094598747e-04 
+3.3379421944391552e-01 +3.3333333333333331e-01 +7.8590525016713217e-04 

+3.3379421944391552e-01 +3.3333333333333331e-01 +7.7664697567322416e-04 
+3.4361169648638362e-01 +1.3333333333333333e+00 +9.0791794191695942e-04 
+3.5342917352885173e-01 +3.3333333333333331e-01 +1.0391889081606948e-03 

+3.5342917352885173e-01 +3.3333333333333331e-01 +1.0284066777346776e-03 
+3.6324665057131983e-01 +1.3333333333333333e+00 +1.1904675501852383e-03 
+3.7306412761378793e-01 +3.3333333333333331e-01 +1.3525284226357989e-03 

+3.7306412761378793e-01 +3.3333333333333331e-01 +1.3400913902175105e-03 
+3.8288160465625604e-01 +1.3333333333333333e+00 +1.5377759987860013e-03 
+3.9269908169872414e-01 +3.3333333333333331e-01 +1.7354606073544921e-03 

+3.9269908169872414e-01 +3.3333333333333331e-01 +1.7212395636174382e-03 
+4.0251655874119224e-01 +1.3333333333333333e+00 +1.9597712814035922e-03 
+4.1233403578366035e-01 +3.3333333333333331e-01 +2.1983029991897462e-03 

+4.1233403578366035e-01 +3.3333333333333331e-01 +2.1821714856235775e-03 
+4.2215151282612845e-01 +1.3333333333333333e+00 +2.4671560904099585e-03 
+4.3196898986859655e-01 +3.3333333333333331e-01 +2.7521406951963394e-03 

+4.3196898986859655e-01 +3.3333333333333331e-01 +2.7339761139477713e-03 
+4.4178646691106466e-01 +1.3333333333333333e+00 +3.0713913140887625e-03 
+4.5160394395353276e-01 +3.3333333333333331e-01 +3.4088065142297537e-03 

+4.5160394395353276e-01 +3.3333333333333331e-01 +3.3884912263502723e-03 
+4.6142142099600086e-01 +1.3333333333333333e+00 +3.7846728784912444e-03 
+4.7123889803846897e-01 +3.3333333333333331e-01 +4.1808545306322165e-03 

+4.7123889803846897e-01 +3.3333333333333331e-01 +4.1582769354335620e-03 
+4.8105637508093707e-01 +1.3333333333333333e+00 +4.6199020034567943e-03 
+4.9087385212340517e-01 +3.3333333333333331e-01 +5.0815270714800265e-03 

+4.9087385212340517e-01 +3.3333333333333331e-01 +5.0565826597969259e-03 
+5.0069132916587322e-01 +1.3333333333333333e+00 +5.5906489861022963e-03 
+5.1050880620834138e-01 +3.3333333333333331e-01 +6.1247153124076720e-03 

+5.1050880620834138e-01 +3.3333333333333331e-01 +6.0973076867109482e-03 
+5.2032628325080954e-01 +1.3333333333333333e+00 +6.7111106682649210e-03 
+5.3014376029327759e-01 +3.3333333333333331e-01 +7.3249136498188868e-03 

+5.3014376029327759e-01 +3.3333333333333331e-01 +7.2949555043102816e-03 
+5.3996123733574564e-01 +1.3333333333333333e+00 +7.9960617867018430e-03 
+5.4977871437821380e-01 +3.3333333333333331e-01 +8.6971680690934115e-03 

+5.4977871437821380e-01 +3.3333333333333331e-01 +8.6645821231444813e-03 
+5.5959619142068195e-01 +1.3333333333333333e+00 +9.4608004460413966e-03 
+5.6941366846315000e-01 +3.3333333333333331e-01 +1.0257018768938302e-02 

+5.6941366846315000e-01 +3.3333333333333331e-01 +1.0221738647509398e-02 
+5.7923114550561805e-01 +1.3333333333333333e+00 +1.1121087994283735e-02 
+5.8904862254808621e-01 +3.3333333333333331e-01 +1.2020437341058083e-02 

+5.8904862254808621e-01 +3.3333333333333331e-01 +1.1982408396046100e-02 
+5.9886609959055437e-01 +1.3333333333333333e+00 +1.2993083618814899e-02 
+6.0868357663302242e-01 +3.3333333333333331e-01 +1.4003758841583688e-02 

+6.0868357663302242e-01 +3.3333333333333331e-01 +1.3962938908399655e-02 
+6.1850105367549046e-01 +1.3333333333333333e+00 +1.5093274017184508e-02 
+6.2831853071795862e-01 +3.3333333333333331e-01 +1.6223609125969374e-02 

+6.2831853071795862e-01 +3.3333333333333331e-01 +1.6179969210033784e-02 
+6.3813600776042678e-01 +1.3333333333333333e+00 +1.7438398531075559e-02 
+6.4795348480289483e-01 +3.3333333333333331e-01 +1.8696827852117320e-02 

+6.4795348480289483e-01 +3.3333333333333331e-01 +1.8650352740383555e-02 
+6.5777096184536288e-01 +1.3333333333333333e+00 +2.0045370163747418e-02 
+6.6758843888783104e-01 +3.3333333333333331e-01 +2.1440387587111295e-02 

+6.6758843888783104e-01 +3.3333333333333331e-01 +2.1391076380179102e-02 
+6.7740591593029920e-01 +1.3333333333333333e+00 +2.2931192930558855e-02 
+6.8722339297276724e-01 +3.3333333333333331e-01 +2.4471309480938595e-02 

+6.8722339297276724e-01 +3.3333333333333331e-01 +2.4419176041801549e-02 
+6.9704087001523529e-01 +1.3333333333333333e+00 +2.6112876018788408e-02 
+7.0685834705770345e-01 +3.3333333333333331e-01 +2.7806575995775289e-02 

+7.0685834705770345e-01 +3.3333333333333331e-01 +2.7751649311751749e-02 
+7.1667582410017161e-01 +1.3333333333333333e+00 +2.9607345256696487e-02 
+7.2649330114263966e-01 +3.3333333333333331e-01 +3.1463041201641201e-02 

+7.2649330114263966e-01 +3.3333333333333331e-01 +3.1405365656568048e-02 
+7.3631077818510771e-01 +1.3333333333333333e+00 +3.3431352412461930e-02 
+7.4612825522757587e-01 +3.3333333333333331e-01 +3.5457339168355841e-02 

+7.4612825522757587e-01 +3.3333333333333331e-01 +3.5396974722670754e-02 
+7.5594573227004402e-01 +1.3333333333333333e+00 +3.7601382861144887e-02 
+7.6576320931251207e-01 +3.3333333333333331e-01 +3.9805790999618992e-02 

+7.6576320931251207e-01 +3.3333333333333331e-01 +3.9742813276522355e-02 
+7.7558068635498012e-01 +1.3333333333333333e+00 +4.2133562172059588e-02 
+7.8539816339744828e-01 +3.3333333333333331e-01 +4.4524311067596849e-02 

+7.8539816339744828e-01 +3.3333333333333331e-01 +4.4458811344058116e-02 
+7.9521564043991644e-01 +1.3333333333333333e+00 +4.7043562179794857e-02 
+8.0503311748238449e-01 +3.3333333333333331e-01 +4.9628313015531569e-02 

+8.0503311748238449e-01 +3.3333333333333331e-01 +4.9560398117491751e-02 
+8.1485059452485253e-01 +1.3333333333333333e+00 +5.2346507109519200e-02 
+8.2466807156732069e-01 +3.3333333333333331e-01 +5.5132616101546676e-02 

+8.2466807156732069e-01 +3.3333333333333331e-01 +5.5062408203255551e-02 
+8.3448554860978885e-01 +1.3333333333333333e+00 +5.8056880331103462e-02 
+8.4430302565225690e-01 +3.3333333333333331e-01 +6.1051352458951345e-02 

+8.4430302565225690e-01 +3.3333333333333331e-01 +6.0978988786971736e-02 
+8.5412050269472495e-01 +1.3333333333333333e+00 +6.4188432316952329e-02 
+8.6393797973719311e-01 +3.3333333333333331e-01 +6.7397875846932950e-02 

+8.6393797973719311e-01 +3.3333333333333331e-01 +6.7323508289930722e-02 
+8.7375545677966127e-01 +1.3333333333333333e+00 +7.0754090375252127e-02 
+8.8357293382212931e-01 +3.3333333333333331e-01 +7.4184672460573503e-02 

+8.8357293382212931e-01 +3.3333333333333331e-01 +7.4108467086597379e-02 
+8.9339041086459736e-01 +1.3333333333333333e+00 +7.7765870723624869e-02 
+9.0320788790706552e-01 +3.3333333333333331e-01 +8.1423274360652387e-02 

+9.0320788790706552e-01 +3.3333333333333331e-01 +8.1345410844178914e-02 
+9.1302536494953368e-01 +1.3333333333333333e+00 +8.5234793457966834e-02 
+9.2284284199200173e-01 +3.3333333333333331e-01 +8.9124176071754699e-02 

+9.2284284199200173e-01 +3.3333333333333331e-01 +8.9044847033336663e-02 
+9.3266031903446978e-01 +1.3333333333333333e+00 +9.3170800957596278e-02 
+9.4247779607693793e-01 +3.3333333333333331e-01 +9.7296754881855949e-02 

+9.4247779607693793e-01 +3.3333333333333331e-01 +9.7216165143754502e-02 
+9.5229527311940609e-01 +1.3333333333333333e+00 +1.0158268025082143e-01 
+9.6211275016187414e-01 +3.3333333333333331e-01 +1.0594919535788830e-01 

+9.6211275016187414e-01 +3.3333333333333331e-01 +1.0586756111959622e-01 
+9.7193022720434219e-01 +1.3333333333333333e+00 +1.1047798984475898e-01 
+9.8174770424681035e-01 +3.3333333333333331e-01 +1.1508841856992180e-01 

+9.8174770424681035e-01 +3.3333333333333331e-01 +1.1500596650798334e-01 
+9.9156518128927840e-01 +1.3333333333333333e+00 +1.1986299149981250e-01 
+1.0013826583317464e+00 +3.3333333333333331e-01 +1.2472001649164166e-01 

+1.0013826583317464e+00 +3.3333333333333331e-01 +1.2463698278865322e-01 
+1.0112001353742146e+00 +1.3333333333333333e+00 +1.2974258740278607e-01 
+1.0210176124166828e+00 +3.3333333333333331e-01 +1.3484819201691892e-01 

+1.0210176124166828e+00 +3.3333333333333331e-01 +1.3476482132503856e-01 
+1.0308350894591509e+00 +1.3333333333333333e+00 +1.4012026316333015e-01 
+1.0406525665016191e+00 +3.3333333333333331e-01 +1.4547570500162174e-01 

+1.0406525665016191e+00 +3.3333333333333331e-01 +1.4539224934633077e-01 
+1.0504700435440872e+00 +1.3333333333333333e+00 +1.5099803702645728e-01 
+1.0602875205865552e+00 +3.3333333333333331e-01 +1.5660382470658368e-01 

+1.0602875205865552e+00 +3.3333333333333331e-01 +1.5652054233682444e-01 
+1.0701049976290231e+00 +1.3333333333333333e+00 +1.6237641565942509e-01 
+1.0799224746714913e+00 +3.3333333333333331e-01 +1.6823228898202586e-01 

+1.0799224746714913e+00 +3.3333333333333331e-01 +1.6814944317317990e-01 
+1.0897399517139594e+00 +1.3333333333333333e+00 +1.7425435683456156e-01 
+1.0995574287564276e+00 +3.3333333333333331e-01 +1.8035927049594322e-01 

+1.0995574287564276e+00 +3.3333333333333331e-01 +1.8027712831242351e-01 
+1.1093749057988957e+00 +1.3333333333333333e+00 +1.8662923929082803e-01 
+1.1191923828413639e+00 +3.3333333333333331e-01 +1.9298135026923255e-01 

+1.1191923828413639e+00 +3.3333333333333331e-01 +1.9290018129372200e-01 
+1.1290098598838321e+00 +1.3333333333333333e+00 +1.9949684001631529e-01 
+1.1388273369263000e+00 +3.3333333333333331e-01 +2.0609349873890842e-01 

+1.1388273369263000e+00 +3.3333333333333331e-01 +2.0601357377550053e-01 
+1.1486448139687679e+00 +1.3333333333333333e+00 +2.1285131915167885e-01 
+1.1584622910112361e+00 +3.3333333333333331e-01 +2.1968906452785733e-01 

+1.1584622910112361e+00 +3.3333333333333331e-01 +2.1961065428653026e-01 
+1.1682797680537043e+00 +1.3333333333333333e+00 +2.2668521267101455e-01 
+1.1780972450961724e+00 +3.3333333333333331e-01 +2.3375977105549883e-01 

+1.1780972450961724e+00 +3.3333333333333331e-01 +2.3368314482549057e-01 
+1.1879147221386406e+00 +1.3333333333333333e+00 +2.4098943295209921e-01 
+1.1977321991811087e+00 +3.3333333333333331e-01 +2.4829572107870784e-01 

+1.1977321991811087e+00 +3.3333333333333331e-01 +2.4822114539843987e-01 
+1.2075496762235769e+00 +1.3333333333333333e+00 +2.5575327730256076e-01 
+1.2173671532660448e+00 +3.3333333333333331e-01 +2.6328540920668142e-01 

+1.2173671532660448e+00 +3.3333333333333331e-01 +2.6321314653792582e-01 
+1.2271846303085128e+00 +1.3333333333333333e+00 +2.7096444446265416e-01 
+1.2370021073509809e+00 +3.3333333333333331e-01 +2.7871574238738273e-01 

+1.2370021073509809e+00 +3.3333333333333331e-01 +2.7864604980135271e-01 
+1.2468195843934491e+00 +1.3333333333333333e+00 +2.8660905905919781e-01 
+1.2566370614359172e+00 +3.3333333333333331e-01 +2.9457206831704291e-01 

+1.2566370614359172e+00 +3.3333333333333331e-01 +2.9450519620004456e-01 
+1.2664545384783854e+00 +1.3333333333333333e+00 +3.0267170393913773e-01 
+1.2762720155208536e+00 +3.3333333333333331e-01 +3.1083821167823089e-01 

+1.2762720155208536e+00 +3.3333333333333331e-01 +3.1077440246440236e-01 
+1.2860894925633217e+00 +1.3333333333333333e+00 +3.1913546026544576e-01 
+1.2959069696057897e+00 +3.3333333333333331e-01 +3.2749651806648894e-01 

+1.2959069696057897e+00 +3.3333333333333331e-01 +3.2743600500501713e-01 
+1.3057244466482576e+00 +1.3333333333333333e+00 +3.3598195521288182e-01 
+1.3155419236907258e+00 +3.3333333333333331e-01 +3.4452790542074674e-01 

+1.3155419236907258e+00 +3.3333333333333331e-01 +3.4447091138475650e-01 
+1.3253594007331939e+00 +1.3333333333333333e+00 +3.5319141705685914e-01 
+1.3351768777756621e+00 +3.3333333333333331e-01 +3.6191192272896178e-01 

+1.3351768777756621e+00 +3.3333333333333331e-01 +3.6185865907304310e-01 
+1.3449943548181302e+00 +1.3333333333333333e+00 +3.7074273740548480e-01 
+1.3548118318605984e+00 +3.3333333333333331e-01 +3.7962681573792650e-01 

+1.3548118318605984e+00 +3.3333333333333331e-01 +3.7957748121098278e-01 
+1.3646293089030666e+00 +1.3333333333333333e+00 +3.8861354028310174e-01 
+1.3744467859455345e+00 +3.3333333333333331e-01 +3.9764959935522048e-01 

+1.3744467859455345e+00 +3.3333333333333331e-01 +3.9760437907500967e-01 
+1.3842642629880024e+00 +1.3333333333333333e+00 +4.0678025773355037e-01 
+1.3940817400304706e+00 +3.3333333333333331e-01 +4.1595613639209128e-01 

+1.3940817400304706e+00 +3.3333333333333331e-01 +4.1591520088747319e-01 
+1.4038992170729387e+00 +1.3333333333333333e+00 +4.2521821157317663e-01 
+1.4137166941154069e+00 +3.3333333333333331e-01 +4.3452122225888007e-01 

+1.4137166941154069e+00 +3.3333333333333331e-01 +4.3448472658539383e-01 
+1.4235341711578751e+00 +1.3333333333333333e+00 +4.4390170088753866e-01 
+1.4333516482003432e+00 +3.3333333333333331e-01 +4.5331867518968350e-01 

+1.4333516482003432e+00 +3.3333333333333331e-01 +4.5328675812364633e-01 
+1.4431691252428114e+00 +1.3333333333333333e+00 +4.6280409483206003e-01 
+1.4529866022852793e+00 +3.3333333333333331e-01 +4.7232143154047351e-01 

+1.4529866022852793e+00 +3.3333333333333331e-01 +4.7229421485634193e-01 
+1.4628040793277473e+00 +1.3333333333333333e+00 +4.8189793026571337e-01 
+1.4726215563702154e+00 +3.3333333333333331e-01 +4.9150164567508503e-01 

+1.4726215563702154e+00 +3.3333333333333331e-01 +4.9147923351032641e-01 
+1.4824390334126836e+00 +1.3333333333333333e+00 +5.0115501371841487e-01 
+1.4922565104551517e+00 +3.3333333333333331e-01 +5.1083079392650332e-01 

+1.4922565104551517e+00 +3.3333333333333331e-01 +5.1081327223771755e-01 
+1.5020739874976199e+00 +1.3333333333333333e+00 +5.2054652716731398e-01 
+1.5118914645400880e+00 +3.3333333333333331e-01 +5.3027978209691040e-01 

+1.5118914645400880e+00 +3.3333333333333331e-01 +5.3026721821039979e-01 
+1.5217089415825562e+00 +1.3333333333333333e+00 +5.4004313707475926e-01 
+1.5315264186250241e+00 +3.3333333333333331e-01 +5.4981905593911851e-01 

+1.5315264186250241e+00 +3.3333333333333331e-01 +5.4981149819855835e-01 
+1.5413438956674921e+00 +1.3333333333333333e+00 +5.5961510612151311e-01 
+1.5511613727099602e+00 +3.3333333333333331e-01 +5.6941871404446809e-01 

+1.5511613727099602e+00 +3.3333333333333331e-01 +5.6941619155774570e-01 
+1.5609788497524284e+00 +1.3333333333333333e+00 +5.7923240705291601e-01 
+1.5707963267948966e+00 +3.3333333333333331e-01 +5.8904862254808632e-01 

+1.5707963267948966e+00 +3.3333333333333331e-01 +5.8905114503480860e-01 
+1.5806138038373647e+00 +1.3333333333333333e+00 +5.9886483804325652e-01 
+1.5904312808798329e+00 +3.3333333333333331e-01 +6.0867853105170444e-01 

+1.5904312808798329e+00 +3.3333333333333331e-01 +6.0868608879226460e-01 
+1.6002487579223010e+00 +1.3333333333333333e+00 +6.1848213897465942e-01 
+1.6100662349647690e+00 +3.3333333333333331e-01 +6.2827818915705402e-01 

+1.6100662349647690e+00 +3.3333333333333331e-01 +6.2829075304356463e-01 
+1.6198837120072369e+00 +1.3333333333333333e+00 +6.3805410802141327e-01 
+1.6297011890497051e+00 +3.3333333333333331e-01 +6.4781746299926213e-01 

+1.6297011890497051e+00 +3.3333333333333331e-01 +6.4783498468804823e-01 
+1.6395186660921732e+00 +1.3333333333333333e+00 +6.5755071792885866e-01 
+1.6493361431346414e+00 +3.3333333333333331e-01 +6.6726645116966909e-01 

+1.6493361431346414e+00 +3.3333333333333331e-01 +6.6728886333442772e-01 
+1.6591536201771095e+00 +1.3333333333333333e+00 +6.7694223137775755e-01 
+1.6689710972195777e+00 +3.3333333333333331e-01 +6.8659559942108739e-01 

+1.6689710972195777e+00 +3.3333333333333331e-01 +6.8662281610521914e-01 
+1.6787885742620459e+00 +1.3333333333333333e+00 +6.9619931483045916e-01 
+1.6886060513045138e+00 +3.3333333333333331e-01 +7.0577581355569896e-01 

+1.6886060513045138e+00 +3.3333333333333331e-01 +7.0580773062173607e-01 
+1.6984235283469817e+00 +1.3333333333333333e+00 +7.1529315026411244e-01 
+1.7082410053894499e+00 +3.3333333333333331e-01 +7.2477856990648903e-01 

+1.7082410053894499e+00 +3.3333333333333331e-01 +7.2481506557997544e-01 
+1.7180584824319181e+00 +1.3333333333333333e+00 +7.3419554420863387e-01 
+1.7278759594743862e+00 +3.3333333333333331e-01 +7.4357602283729229e-01 

+1.7278759594743862e+00 +3.3333333333333331e-01 +7.4361695834191055e-01 
+1.7376934365168544e+00 +1.3333333333333333e+00 +7.5287903352299590e-01 
+1.7475109135593225e+00 +3.3333333333333331e-01 +7.6214110870408125e-01 

+1.7475109135593225e+00 +3.3333333333333331e-01 +7.6218632898429239e-01 
+1.7573283906017907e+00 +1.3333333333333333e+00 +7.7131698736262233e-01 
+1.7671458676442586e+00 +3.3333333333333331e-01 +7.8044764574095205e-01 

+1.7671458676442586e+00 +3.3333333333333331e-01 +7.8049698026789627e-01 
+1.7769633446867266e+00 +1.3333333333333333e+00 +7.8948370481307095e-01 
+1.7867808217291947e+00 +3.3333333333333331e-01 +7.9847042935824586e-01 

+1.7867808217291947e+00 +3.3333333333333331e-01 +7.9852369301416459e-01 
+1.7965982987716629e+00 +1.3333333333333333e+00 +8.0735450769068762e-01 
+1.8064157758141310e+00 +3.3333333333333331e-01 +8.1618532236721064e-01 

+1.8064157758141310e+00 +3.3333333333333331e-01 +8.1624231640320122e-01 
+1.8162332528565992e+00 +1.3333333333333333e+00 +8.2490582803931345e-01 
+1.8260507298990674e+00 +3.3333333333333331e-01 +8.3356933967542568e-01 

+1.8260507298990674e+00 +3.3333333333333331e-01 +8.3362985273689771e-01 
+1.8358682069415355e+00 +1.3333333333333333e+00 +8.4211528988329076e-01 
+1.8456856839840035e+00 +3.3333333333333331e-01 +8.5060072702968359e-01 

+1.8456856839840035e+00 +3.3333333333333331e-01 +8.5066453624351235e-01 
+1.8555031610264714e+00 +1.3333333333333333e+00 +8.5896178483072683e-01 
+1.8653206380689396e+00 +3.3333333333333331e-01 +8.6725903341794153e-01 

+1.8653206380689396e+00 +3.3333333333333331e-01 +8.6732590553493982e-01 
+1.8751381151114077e+00 +1.3333333333333333e+00 +8.7542554115703475e-01 
+1.8849555921538759e+00 +3.3333333333333331e-01 +8.8352517677912967e-01 

+1.8849555921538759e+00 +3.3333333333333331e-01 +8.8359486936515985e-01 
+1.8947730691963440e+00 +1.3333333333333333e+00 +8.9148818603697477e-01 
+1.9045905462388122e+00 +3.3333333333333331e-01 +8.9938150270878969e-01 

+1.9045905462388122e+00 +3.3333333333333331e-01 +8.9945376537754551e-01 
+1.9144080232812803e+00 +1.3333333333333333e+00 +9.0713280063351842e-01 
+1.9242255003237483e+00 +3.3333333333333331e-01 +9.1481183588949111e-01 

+1.9242255003237483e+00 +3.3333333333333331e-01 +9.1488641156975936e-01 
+1.9340429773662162e+00 +1.3333333333333333e+00 +9.2234396779361172e-01 
+1.9438604544086844e+00 +3.3333333333333331e-01 +9.2980152401746430e-01 

+1.9438604544086844e+00 +3.3333333333333331e-01 +9.2987815024747278e-01 
+1.9536779314511525e+00 +1.3333333333333333e+00 +9.3710781214407324e-01 
+1.9634954084936207e+00 +3.3333333333333331e-01 +9.4433747404067370e-01 

+1.9634954084936207e+00 +3.3333333333333331e-01 +9.4441588428200096e-01 
+1.9733128855360889e+00 +1.3333333333333333e+00 +9.5141203242515804e-01 
+1.9831303625785570e+00 +3.3333333333333331e-01 +9.5840818056831512e-01 

+1.9831303625785570e+00 +3.3333333333333331e-01 +9.5848810553172326e-01 
+1.9929478396210250e+00 +1.3333333333333333e+00 +9.6524592594449354e-01 
+2.0027653166634929e+00 +3.3333333333333331e-01 +9.7200374635726383e-01 

+2.0027653166634929e+00 +3.3333333333333331e-01 +9.7208491533277452e-01 
+2.0125827937059610e+00 +1.3333333333333333e+00 +9.7860040507985724e-01 
+2.0224002707484292e+00 +3.3333333333333331e-01 +9.8511589482693995e-01 

+2.0224002707484292e+00 +3.3333333333333331e-01 +9.8519803701045960e-01 
+2.0322177477908974e+00 +1.3333333333333333e+00 +9.9146800580534444e-01 
+2.0420352248333655e+00 +3.3333333333333331e-01 +9.9773797460022928e-01 

+2.0420352248333655e+00 +3.3333333333333331e-01 +9.9782082040907494e-01 
+2.0518527018758337e+00 +1.3333333333333333e+00 +1.0038428882616108e+00 
+2.0616701789183018e+00 +3.3333333333333331e-01 +1.0098649561141466e+00 

+2.0616701789183018e+00 +3.3333333333333331e-01 +1.0099482384839065e+00 
+2.0714876559607700e+00 +1.3333333333333333e+00 +1.0157208294367477e+00 
+2.0813051330032382e+00 +3.3333333333333331e-01 +1.0214934203895889e+00 

+2.0813051330032382e+00 +3.3333333333333331e-01 +1.0215768760448800e+00 
+2.0911226100457059e+00 +1.3333333333333333e+00 +1.0270992080697152e+00 
+2.1009400870881740e+00 +3.3333333333333331e-01 +1.0326215400945509e+00 

+2.1009400870881740e+00 +3.3333333333333331e-01 +1.0327049107864312e+00 
+2.1107575641306422e+00 +1.3333333333333333e+00 +1.0379769819328426e+00 
+2.1205750411731104e+00 +3.3333333333333331e-01 +1.0432490530792540e+00 

+2.1205750411731104e+00 +3.3333333333333331e-01 +1.0433320867822422e+00 
+2.1303925182155785e+00 +1.3333333333333333e+00 +1.0483546576933866e+00 
+2.1402099952580467e+00 +3.3333333333333331e-01 +1.0533772286045311e+00 

+2.1402099952580467e+00 +3.3333333333333331e-01 +1.0534596806664693e+00 
+2.1500274723005148e+00 +1.3333333333333333e+00 +1.0582342535963603e+00 
+2.1598449493429825e+00 +3.3333333333333331e-01 +1.0630088265262512e+00 

+2.1598449493429825e+00 +3.3333333333333331e-01 +1.0630904607645431e+00 
+2.1696624263854507e+00 +1.3333333333333333e+00 +1.0676192552514137e+00 
+2.1794799034279189e+00 +3.3333333333333331e-01 +1.0721480497382843e+00 

+2.1794799034279189e+00 +3.3333333333333331e-01 +1.0722286394763858e+00 
+2.1892973804703870e+00 +1.3333333333333333e+00 +1.0765145648453511e+00 
+2.1991148575128552e+00 +3.3333333333333331e-01 +1.0808004902143165e+00 

+2.1991148575128552e+00 +3.3333333333333331e-01 +1.0808798192527351e+00 
+2.2089323345553233e+00 +1.3333333333333333e+00 +1.0849264441385764e+00 
+2.2187498115977915e+00 +3.3333333333333331e-01 +1.0889730690244177e+00 

+2.2187498115977915e+00 +3.3333333333333331e-01 +1.0890509325408915e+00 
+2.2285672886402597e+00 +1.3333333333333333e+00 +1.0928624516382059e+00 
+2.2383847656827278e+00 +3.3333333333333331e-01 +1.0966739707355204e+00 

+2.2383847656827278e+00 +3.3333333333333331e-01 +1.0967501761094964e+00 
+2.2482022427251955e+00 +1.3333333333333333e+00 +1.1003313743725478e+00 
+2.2580197197676637e+00 +3.3333333333333331e-01 +1.1039125726355992e+00 

+2.2580197197676637e+00 +3.3333333333333331e-01 +1.1039869401926015e+00 
+2.2678371968101319e+00 +1.3333333333333333e+00 +1.1073431547209207e+00 
+2.2776546738526000e+00 +3.3333333333333331e-01 +1.1106993692492400e+00 

+2.2776546738526000e+00 +3.3333333333333331e-01 +1.1107717329212197e+00 
+2.2874721508950682e+00 +1.3333333333333333e+00 +1.1139088127792207e+00 
+2.2972896279375363e+00 +3.3333333333333331e-01 +1.1170458926372218e+00 

+2.2972896279375363e+00 +3.3333333333333331e-01 +1.1171161005355128e+00 
+2.3071071049800045e+00 +1.3333333333333333e+00 +1.1200403647650696e+00 
+2.3169245820224722e+00 +3.3333333333333331e-01 +1.1229646289946265e+00 

+2.3169245820224722e+00 +3.3333333333333331e-01 +1.1230325438926663e+00 
+2.3267420590649404e+00 +1.3333333333333333e+00 +1.1257507379866538e+00 
+2.3365595361074085e+00 +3.3333333333333331e-01 +1.1284689320806414e+00 

+2.3365595361074085e+00 +3.3333333333333331e-01 +1.1285344318041801e+00 
+2.3463770131498767e+00 +1.3333333333333333e+00 +1.1310536829163782e+00 
+2.3561944901923448e+00 +3.3333333333333331e-01 +1.1335729340285763e+00 

+2.3561944901923448e+00 +3.3333333333333331e-01 +1.1336359117516730e+00 
+2.3660119672348130e+00 +1.3333333333333333e+00 +1.1359636829241135e+00 
+2.3758294442772812e+00 +3.3333333333333331e-01 +1.1382914540965541e+00 

+2.3758294442772812e+00 +3.3333333333333331e-01 +1.1383518185422392e+00 
+2.3856469213197493e+00 +1.3333333333333333e+00 +1.1404958622350281e+00 
+2.3954643983622175e+00 +3.3333333333333331e-01 +1.1426399059278169e+00 

+2.3954643983622175e+00 +3.3333333333333331e-01 +1.1426975814728906e+00 
+2.4052818754046852e+00 +1.3333333333333333e+00 +1.1446658926837112e+00 
+2.4150993524471533e+00 +3.3333333333333331e-01 +1.1466342038945319e+00 

+2.4150993524471533e+00 +3.3333333333333331e-01 +1.1466891305785554e+00 
+2.4249168294896215e+00 +1.3333333333333333e+00 +1.1484898998394766e+00 
+2.4347343065320897e+00 +3.3333333333333331e-01 +1.1502906691003978e+00 

+2.4347343065320897e+00 +3.3333333333333331e-01 +1.1503428025395346e+00 
+2.4445517835745578e+00 +1.3333333333333333e+00 +1.1519843690773846e+00 
+2.4543692606170260e+00 +3.3333333333333331e-01 +1.1536259356152345e+00 

+2.4543692606170260e+00 +3.3333333333333331e-01 +1.1536752468221665e+00 
+2.4641867376594941e+00 +1.3333333333333333e+00 +1.1551660521656140e+00 
+2.4740042147019619e+00 +3.3333333333333331e-01 +1.1566568575090614e+00 

+2.4740042147019619e+00 +3.3333333333333331e-01 +1.1567033326207954e+00 
+2.4838216917444300e+00 +1.3333333333333333e+00 +1.1580518749324253e+00 
+2.4936391687868982e+00 +3.3333333333333331e-01 +1.1594004172440553e+00 

+2.4936391687868982e+00 +3.3333333333333331e-01 +1.1594440571599913e+00 
+2.5034566458293663e+00 +1.3333333333333333e+00 +1.1606588465650973e+00 
+2.5132741228718345e+00 +3.3333333333333331e-01 +1.1618736359702033e+00 

+2.5132741228718345e+00 +3.3333333333333331e-01 +1.1619144559033874e+00 
+2.5230915999143027e+00 +1.3333333333333333e+00 +1.1630039710789883e+00 
+2.5329090769567708e+00 +3.3333333333333331e-01 +1.1640934862545893e+00 

+2.5329090769567708e+00 +3.3333333333333331e-01 +1.1641315151996015e+00 
+2.5427265539992390e+00 +1.3333333333333333e+00 +1.1651041614773581e+00 
+2.5525440310417071e+00 +3.3333333333333331e-01 +1.1660768077551147e+00 

+2.5525440310417071e+00 +3.3333333333333331e-01 +1.1661120878765436e+00 
+2.5623615080841748e+00 +1.3333333333333333e+00 +1.1669761571018891e+00 
+2.5721789851266430e+00 +3.3333333333333331e-01 +1.1678402263272345e+00 

+2.5721789851266430e+00 +3.3333333333333331e-01 +1.1678728122731834e+00 
+2.5819964621691112e+00 +1.3333333333333333e+00 +1.1686364446501314e+00 
+2.5918139392115793e+00 +3.3333333333333331e-01 +1.1694000770270794e+00 

+2.5918139392115793e+00 +3.3333333333333331e-01 +1.1694300351725879e+00 
+2.6016314162540475e+00 +1.3333333333333333e+00 +1.1701011833094710e+00 
+2.6114488932965156e+00 +3.3333333333333331e-01 +1.1707723314463541e+00 

+2.6114488932965156e+00 +3.3333333333333331e-01 +1.1707997390720508e+00 
+2.6212663703389838e+00 +1.3333333333333333e+00 +1.1713861344279080e+00 
+2.6310838473814515e+00 +3.3333333333333331e-01 +1.1719725297837651e+00 

+2.6310838473814515e+00 +3.3333333333333331e-01 +1.1719974741954482e+00 
+2.6409013244239197e+00 +1.3333333333333333e+00 +1.1725065961100707e+00 
+2.6507188014663878e+00 +3.3333333333333331e-01 +1.1730157180246932e+00 

+2.6507188014663878e+00 +3.3333333333333331e-01 +1.1730382956198915e+00 
+2.6605362785088560e+00 +1.3333333333333333e+00 +1.1734773430927161e+00 
+2.6703537555513241e+00 +3.3333333333333331e-01 +1.1739163905655408e+00 

+2.6703537555513241e+00 +3.3333333333333331e-01 +1.1739367058534202e+00 
+2.6801712325937923e+00 +1.3333333333333333e+00 +1.1743125722176817e+00 
+2.6899887096362605e+00 +3.3333333333333331e-01 +1.1746884385819432e+00 

+2.6899887096362605e+00 +3.3333333333333331e-01 +1.1747066031631916e+00 
+2.6998061866787286e+00 +1.3333333333333333e+00 +1.1750258537820839e+00 
+2.7096236637211968e+00 +3.3333333333333331e-01 +1.1753451044009762e+00 

+2.7096236637211968e+00 +3.3333333333333331e-01 +1.1753612359145427e+00 
+2.7194411407636645e+00 +1.3333333333333333e+00 +1.1756300890057629e+00 
+2.7292586178061327e+00 +3.3333333333333331e-01 +1.1758989420969832e+00 

+2.7292586178061327e+00 +3.3333333333333331e-01 +1.1759131631407203e+00 
+2.7390760948486008e+00 +1.3333333333333333e+00 +1.1761374738147694e+00 
+2.7488935718910690e+00 +3.3333333333333331e-01 +1.1763617844888186e+00 

+2.7488935718910690e+00 +3.3333333333333331e-01 +1.1763742215212369e+00 
+2.7587110489335371e+00 +1.3333333333333333e+00 +1.1765594690973871e+00 
+2.7685285259760053e+00 +3.3333333333333331e-01 +1.1767447166735372e+00 

+2.7685285259760053e+00 +3.3333333333333331e-01 +1.1767554989039632e+00 
+2.7783460030184735e+00 +1.3333333333333333e+00 +1.1769067775459878e+00 
+2.7881634800609412e+00 +3.3333333333333331e-01 +1.1770580561880124e+00 

+2.7881634800609412e+00 +3.3333333333333331e-01 +1.1770673144625066e+00 
+2.7979809571034093e+00 +1.3333333333333333e+00 +1.1771893271542562e+00 
+2.8077984341458775e+00 +3.3333333333333331e-01 +1.1773113398460058e+00 

+2.8077984341458775e+00 +3.3333333333333331e-01 +1.1773192055363957e+00 
+2.8176159111883456e+00 +1.3333333333333333e+00 +1.1774162613952270e+00 
+2.8274333882308138e+00 +3.3333333333333331e-01 +1.1775133172540584e+00 

+2.8274333882308138e+00 +3.3333333333333331e-01 +1.1775199211574090e+00 
+2.8372508652732820e+00 +1.3333333333333333e+00 +1.1775959360614592e+00 
+2.8470683423157501e+00 +3.3333333333333331e-01 +1.1776719509655094e+00 

+2.8470683423157501e+00 +3.3333333333333331e-01 +1.1776774222212616e+00 
+2.8568858193582183e+00 +1.3333333333333333e+00 +1.1777359227047737e+00 
+2.8667032964006864e+00 +3.3333333333333331e-01 +1.1777944231882858e+00 

+2.8667032964006864e+00 +3.3333333333333331e-01 +1.1777988882201638e+00 
+2.8765207734431542e+00 +1.3333333333333333e+00 +1.1778430185696114e+00 
+2.8863382504856223e+00 +3.3333333333333331e-01 +1.1778871489190590e+00 

+2.8863382504856223e+00 +3.3333333333333331e-01 +1.1778907304086776e+00 
+2.8961557275280905e+00 +1.3333333333333333e+00 +1.1779232628714744e+00 
+2.9059732045705586e+00 +3.3333333333333331e-01 +1.1779557953342712e+00 

+2.9059732045705586e+00 +3.3333333333333331e-01 +1.1779586112331497e+00 
+2.9157906816130268e+00 +1.3333333333333333e+00 +1.1779819592303693e+00 
+2.9256081586554950e+00 +3.3333333333333331e-01 +1.1780053072275889e+00 

+2.9256081586554950e+00 +3.3333333333333331e-01 +1.1780074698140226e+00 
+2.9354256356979631e+00 +1.3333333333333333e+00 +1.1780237040289410e+00 
+2.9452431127404308e+00 +3.3333333333333331e-01 +1.1780399382438593e+00 

+2.9452431127404308e+00 +3.3333333333333331e-01 +1.1780415532307902e+00 
+2.9550605897828990e+00 +1.3333333333333333e+00 +1.1780524204263119e+00 
+2.9648780668253671e+00 +3.3333333333333331e-01 +1.1780632876218335e+00 

+2.9648780668253671e+00 +3.3333333333333331e-01 +1.1780644533215343e+00 
+2.9746955438678353e+00 +1.3333333333333333e+00 +1.1780713977217829e+00 
+2.9845130209103035e+00 +3.3333333333333331e-01 +1.1780783421220316e+00 

+2.9845130209103035e+00 +3.3333333333333331e-01 +1.1780791486730355e+00 
+2.9943304979527716e+00 +1.3333333333333333e+00 +1.1780833357277092e+00 
+3.0041479749952398e+00 +3.3333333333333331e-01 +1.1780875227823828e+00 

+3.0041479749952398e+00 +3.3333333333333331e-01 +1.1780880514436809e+00 
+3.0139654520377079e+00 +1.3333333333333333e+00 +1.1780903937782907e+00 
+3.0237829290801761e+00 +3.3333333333333331e-01 +1.1780927361129006e+00 

+3.0237829290801761e+00 +3.3333333333333331e-01 +1.1780930586299885e+00 
+3.0336004061226438e+00 +1.3333333333333333e+00 +1.1780942439708879e+00 
+3.0434178831651120e+00 +3.3333333333333331e-01 +1.1780954293117873e+00 

+3.0434178831651120e+00 +3.3333333333333331e-01 +1.1780956073586810e+00 
+3.0532353602075801e+00 +1.3333333333333333e+00 +1.1780961282089886e+00 
+3.0630528372500483e+00 +3.3333333333333331e-01 +1.1780966490592961e+00 

+3.0630528372500483e+00 +3.3333333333333331e-01 +1.1780967337601258e+00 
+3.0728703142925164e+00 +1.3333333333333333e+00 +1.1780969185912860e+00 
+3.0826877913349846e+00 +3.3333333333333331e-01 +1.1780971034224461e+00 

+3.0826877913349846e+00 +3.3333333333333331e-01 +1.1780971349557390e+00 
+3.0925052683774528e+00 +1.3333333333333333e+00 +1.1780971806696308e+00 
+3.1023227454199205e+00 +3.3333333333333331e-01 +1.1780972263835225e+00 

+3.1023227454199205e+00 +3.3333333333333331e-01 +1.1780972336717281e+00 
+3.1121402224623886e+00 +1.3333333333333333e+00 +1.1780972390800137e+00 
+3.1219576995048568e+00 +3.3333333333333331e-01 +1.1780972444882993e+00 

+3.1219576995048568e+00 +3.3333333333333331e-01 +1.1780972449745797e+00 
+3.1317751765473250e+00 +1.3333333333333333e+00 +1.1780972450353762e+00 
+3.1415926535897931e+00 +3.3333333333333331e-01 +1.1780972450961726e+00 

+3.1415926535897931e+00 +3.3333333333333331e-01 +1.1780972446098930e+00 
+3.1514101306322613e+00 +1.3333333333333333e+00 +1.1780972451569696e+00 
+3.1612276076747294e+00 +3.3333333333333331e-01 +1.1780972457040462e+00 

+3.1612276076747294e+00 +3.3333333333333331e-01 +1.1780972384158408e+00 
+3.1710450847171976e+00 +1.3333333333333333e+00 +1.1780972511123318e+00 
+3.1808625617596658e+00 +3.3333333333333331e-01 +1.1780972638088227e+00 

+3.1808625617596658e+00 +3.3333333333333331e-01 +1.1780972322755301e+00 
+3.1906800388021335e+00 +1.3333333333333333e+00 +1.1780973095227150e+00 
+3.2004975158446016e+00 +3.3333333333333331e-01 +1.1780973867698998e+00 

+3.2004975158446016e+00 +3.3333333333333331e-01 +1.1780973020690697e+00 
+3.2103149928870698e+00 +1.3333333333333333e+00 +1.1780975716010598e+00 
+3.2201324699295379e+00 +3.3333333333333331e-01 +1.1780978411330498e+00 

+3.2201324699295379e+00 +3.3333333333333331e-01 +1.1780976630861559e+00 
+3.2299499469720061e+00 +1.3333333333333333e+00 +1.1780983619833574e+00 
+3.2397674240144743e+00 +3.3333333333333331e-01 +1.1780990608805588e+00 

+3.2397674240144743e+00 +3.3333333333333331e-01 +1.1780987383634709e+00 
+3.2495849010569424e+00 +1.3333333333333333e+00 +1.1781002462214580e+00 
+3.2594023780994101e+00 +3.3333333333333331e-01 +1.1781017540794452e+00 

+3.2594023780994101e+00 +3.3333333333333331e-01 +1.1781012254181478e+00 
+3.2692198551418783e+00 +1.3333333333333333e+00 +1.1781040964140554e+00 
+3.2790373321843465e+00 +3.3333333333333331e-01 +1.1781069674099631e+00 

+3.2790373321843465e+00 +3.3333333333333331e-01 +1.1781061608589598e+00 
+3.2888548092268146e+00 +1.3333333333333333e+00 +1.1781111544646372e+00 
+3.2986722862692828e+00 +3.3333333333333331e-01 +1.1781161480703146e+00 

+3.2986722862692828e+00 +3.3333333333333331e-01 +1.1781149823706143e+00 
+3.3084897633117509e+00 +1.3333333333333333e+00 +1.1781230924705632e+00 
+3.3183072403542191e+00 +3.3333333333333331e-01 +1.1781312025705122e+00 

+3.3183072403542191e+00 +3.3333333333333331e-01 +1.1781295875835816e+00 
+3.3281247173966872e+00 +1.3333333333333333e+00 +1.1781420697660341e+00 
+3.3379421944391554e+00 +3.3333333333333331e-01 +1.1781545519484866e+00 

+3.3379421944391554e+00 +3.3333333333333331e-01 +1.1781523893620527e+00 
+3.3477596714816231e+00 +1.3333333333333333e+00 +1.1781707861634050e+00 
+3.3575771485240913e+00 +3.3333333333333331e-01 +1.1781891829647573e+00 

+3.3575771485240913e+00 +3.3333333333333331e-01 +1.1781863670658785e+00 
+3.3673946255665594e+00 +1.3333333333333333e+00 +1.1782125309619766e+00 
+3.3772121026090276e+00 +3.3333333333333331e-01 +1.1782386948580748e+00 

+3.3772121026090276e+00 +3.3333333333333331e-01 +1.1782351133684563e+00 
+3.3870295796514958e+00 +1.3333333333333333e+00 +1.1782712273208715e+00 
+3.3968470566939639e+00 +3.3333333333333331e-01 +1.1783073412732867e+00 

+3.3968470566939639e+00 +3.3333333333333331e-01 +1.1783028762414089e+00 
+3.4066645337364321e+00 +1.3333333333333333e+00 +1.1783514716227346e+00 
+3.4164820107788998e+00 +3.3333333333333331e-01 +1.1784000670040602e+00 

+3.4164820107788998e+00 +3.3333333333333331e-01 +1.1783945957483075e+00 
+3.4262994878213680e+00 +1.3333333333333333e+00 +1.1784585674875721e+00 
+3.4361169648638361e+00 +3.3333333333333331e-01 +1.1785225392268366e+00 

+3.4361169648638361e+00 +3.3333333333333331e-01 +1.1785159353234855e+00 
+3.4459344419063043e+00 +1.3333333333333333e+00 +1.1785985541308865e+00 
+3.4557519189487724e+00 +3.3333333333333331e-01 +1.1786811729382876e+00 

+3.4557519189487724e+00 +3.3333333333333331e-01 +1.1786733072478983e+00 
+3.4655693959912406e+00 +1.3333333333333333e+00 +1.1787782287971191e+00 
+3.4753868730337087e+00 +3.3333333333333331e-01 +1.1788831503463399e+00 

+3.4753868730337087e+00 +3.3333333333333331e-01 +1.1788738920718460e+00 
+3.4852043500761769e+00 +1.3333333333333333e+00 +1.1790051630380900e+00 
+3.4950218271186451e+00 +3.3333333333333331e-01 +1.1791364340043340e+00 

+3.4950218271186451e+00 +3.3333333333333331e-01 +1.1791256517739079e+00 
+3.5048393041611128e+00 +1.3333333333333333e+00 +1.1792877126463583e+00 
+3.5146567812035809e+00 +3.3333333333333331e-01 +1.1794497735188088e+00 

+3.5146567812035809e+00 +3.3333333333333331e-01 +1.1794373364863906e+00 
+3.5244742582460491e+00 +1.3333333333333333e+00 +1.1796350210949591e+00 
+3.5342917352885173e+00 +3.3333333333333331e-01 +1.1798327057035276e+00 

+3.5342917352885173e+00 +3.3333333333333331e-01 +1.1798184846597908e+00 
+3.5441092123309854e+00 +1.3333333333333333e+00 +1.1800570163775768e+00 
+3.5539266893734536e+00 +3.3333333333333331e-01 +1.1802955480953627e+00 

+3.5539266893734536e+00 +3.3333333333333331e-01 +1.1802794165817967e+00 
+3.5637441664159217e+00 +1.3333333333333333e+00 +1.1805644011865832e+00 
+3.5735616434583894e+00 +3.3333333333333331e-01 +1.1808493857913698e+00 

+3.5735616434583894e+00 +3.3333333333333331e-01 +1.1808312212101209e+00 
+3.5833791205008576e+00 +1.3333333333333333e+00 +1.1811686364102618e+00 
+3.5931965975433258e+00 +3.3333333333333331e-01 +1.1815060516104028e+00 

+3.5931965975433258e+00 +3.3333333333333331e-01 +1.1814857363225235e+00 
+3.6030140745857939e+00 +1.3333333333333333e+00 +1.1818819179746642e+00 
+3.6128315516282621e+00 +3.3333333333333331e-01 +1.1822780996268050e+00 

+3.6128315516282621e+00 +3.3333333333333331e-01 +1.1822555220316069e+00 
+3.6226490286707302e+00 +1.3333333333333333e+00 +1.1827171470996298e+00 
+3.6324665057131984e+00 +3.3333333333333331e-01 +1.1831787721676528e+00 

+3.6324665057131984e+00 +3.3333333333333331e-01 +1.1831538277559701e+00 
+3.6422839827556666e+00 +1.3333333333333333e+00 +1.1836878940822753e+00 
+3.6521014597981347e+00 +3.3333333333333331e-01 +1.1842219604085804e+00 

+3.6521014597981347e+00 +3.3333333333333331e-01 +1.1841945527828843e+00 
+3.6619189368406024e+00 +1.3333333333333333e+00 +1.1848083557644380e+00 
+3.6717364138830706e+00 +3.3333333333333331e-01 +1.1854221587459917e+00 

+3.6717364138830706e+00 +3.3333333333333331e-01 +1.1853922006004831e+00 
+3.6815538909255388e+00 +1.3333333333333333e+00 +1.1860933068828750e+00 
+3.6913713679680069e+00 +3.3333333333333331e-01 +1.1867944131652668e+00 

+3.6913713679680069e+00 +3.3333333333333331e-01 +1.1867618272193177e+00 
+3.7011888450104751e+00 +1.3333333333333333e+00 +1.1875580455422143e+00 
+3.7110063220529432e+00 +3.3333333333333331e-01 +1.1883542638651110e+00 

+3.7110063220529432e+00 +3.3333333333333331e-01 +1.1883189837436825e+00 
+3.7208237990954114e+00 +1.3333333333333333e+00 +1.1892183330904569e+00 
+3.7306412761378791e+00 +3.3333333333333331e-01 +1.1901176824372313e+00 

+3.7306412761378791e+00 +3.3333333333333331e-01 +1.1900796534922196e+00 
+3.7404587531803473e+00 +1.3333333333333333e+00 +1.1910903287149879e+00 
+3.7502762302228154e+00 +3.3333333333333331e-01 +1.1921010039377562e+00 

+3.7502762302228154e+00 +3.3333333333333331e-01 +1.1920601840045721e+00 
+3.7600937072652836e+00 +1.3333333333333333e+00 +1.1931905191133572e+00 
+3.7699111843077517e+00 +3.3333333333333331e-01 +1.1943208542221422e+00 

+3.7699111843077517e+00 +3.3333333333333331e-01 +1.1942772143062068e+00 
+3.7797286613502199e+00 +1.3333333333333333e+00 +1.1955356436272486e+00 
+3.7895461383926881e+00 +3.3333333333333331e-01 +1.1967940729482904e+00 

+3.7895461383926881e+00 +3.3333333333333331e-01 +1.1967475978365569e+00 
+3.7993636154351562e+00 +1.3333333333333333e+00 +1.1981426152599206e+00 
+3.8091810924776244e+00 +3.3333333333333331e-01 +1.1995376326832843e+00 

+3.8091810924776244e+00 +3.3333333333333331e-01 +1.1994883214763525e+00 
+3.8189985695200921e+00 +1.3333333333333333e+00 +1.2010284380267320e+00 
+3.8288160465625602e+00 +3.3333333333333331e-01 +1.2025685545771114e+00 

+3.8288160465625602e+00 +3.3333333333333331e-01 +1.2025164211379746e+00 
+3.8386335236050284e+00 +1.3333333333333333e+00 +1.2042101211149614e+00 
+3.8484510006474966e+00 +3.3333333333333331e-01 +1.2059038210919482e+00 

+3.8484510006474966e+00 +3.3333333333333331e-01 +1.2058488944079249e+00 
+3.8582684776899647e+00 +1.3333333333333333e+00 +1.2077045903528694e+00 
+3.8680859547324329e+00 +3.3333333333333331e-01 +1.2095602862978139e+00 

+3.8680859547324329e+00 +3.3333333333333331e-01 +1.2095026107527413e+00 
+3.8779034317749010e+00 +1.3333333333333333e+00 +1.2115285975086350e+00 
+3.8877209088173688e+00 +3.3333333333333331e-01 +1.2135545842645286e+00 

+3.8877209088173688e+00 +3.3333333333333331e-01 +1.2134942198188436e+00 
+3.8975383858598369e+00 +1.3333333333333333e+00 +1.2156986279573176e+00 
+3.9073558629023051e+00 +3.3333333333333331e-01 +1.2179030360957916e+00 

+3.9073558629023051e+00 +3.3333333333333331e-01 +1.2178400583726952e+00 
+3.9171733399447732e+00 +1.3333333333333333e+00 +1.2202308072682324e+00 
+3.9269908169872414e+00 +3.3333333333333331e-01 +1.2226215561637697e+00 

+3.9269908169872414e+00 +3.3333333333333331e-01 +1.2225560564402309e+00 
+3.9368082940297096e+00 +1.3333333333333333e+00 +1.2251408072759677e+00 
+3.9466257710721777e+00 +3.3333333333333331e-01 +1.2277255581117046e+00 

+3.9466257710721777e+00 +3.3333333333333331e-01 +1.2276576432136650e+00 
+3.9564432481146459e+00 +1.3333333333333333e+00 +1.2304437522056921e+00 
+3.9662607251571140e+00 +3.3333333333333331e-01 +1.2332298611977193e+00 

+3.9662607251571140e+00 +3.3333333333333331e-01 +1.2331596532994287e+00 
+3.9760782021995817e+00 +1.3333333333333333e+00 +1.2361541254272765e+00 
+3.9858956792420499e+00 +3.3333333333333331e-01 +1.2391485975551244e+00 

+3.9858956792420499e+00 +3.3333333333333331e-01 +1.2390762338831449e+00 
+3.9957131562845181e+00 +1.3333333333333333e+00 +1.2422856774131252e+00 
+4.0055306333269858e+00 +3.3333333333333331e-01 +1.2454951209431055e+00 

+4.0055306333269858e+00 +3.3333333333333331e-01 +1.2454207533861039e+00 
+4.0153481103694535e+00 +1.3333333333333333e+00 +1.2488513354714248e+00 
+4.0251655874119221e+00 +3.3333333333333331e-01 +1.2522819175567461e+00 

+4.0251655874119221e+00 +3.3333333333333331e-01 +1.2522057121827697e+00 
+4.0349830644543907e+00 +1.3333333333333333e+00 +1.2558631158197975e+00 
+4.0448005414968584e+00 +3.3333333333333331e-01 +1.2595205194568249e+00 

+4.0448005414968584e+00 +3.3333333333333331e-01 +1.2594426559403518e+00 
+4.0546180185393261e+00 +1.3333333333333333e+00 +1.2633320385541393e+00 
+4.0644354955817947e+00 +3.3333333333333331e-01 +1.2672214211679274e+00 

+4.0644354955817947e+00 +3.3333333333333331e-01 +1.2671420921295087e+00 
+4.0742529726242633e+00 +1.3333333333333333e+00 +1.2712680460537689e+00 
+4.0840704496667311e+00 +3.3333333333333331e-01 +1.2753939999780286e+00 

+4.0840704496667311e+00 +3.3333333333333331e-01 +1.2753134102399275e+00 
+4.0938879267091988e+00 +1.3333333333333333e+00 +1.2796799253469942e+00 
+4.1037054037516674e+00 +3.3333333333333331e-01 +1.2840464404540612e+00 

+4.1037054037516674e+00 +3.3333333333333331e-01 +1.2839648062157689e+00 
+4.1135228807941360e+00 +1.3333333333333333e+00 +1.2885752349409318e+00 
+4.1233403578366037e+00 +3.3333333333333331e-01 +1.2931856636660943e+00 

+4.1233403578366037e+00 +3.3333333333333331e-01 +1.2931032116041565e+00 
+4.1331578348790714e+00 +1.3333333333333333e+00 +1.2979602365959853e+00 
+4.1429753119215400e+00 +3.3333333333333331e-01 +1.3028172615878144e+00 

+4.1429753119215400e+00 +3.3333333333333331e-01 +1.3027342278848262e+00 
+4.1527927889640086e+00 +1.3333333333333333e+00 +1.3078398324989593e+00 
+4.1626102660064763e+00 +3.3333333333333331e-01 +1.3129454371130920e+00 

+4.1626102660064763e+00 +3.3333333333333331e-01 +1.3128620664212114e+00 
+4.1724277430489440e+00 +1.3333333333333333e+00 +1.3182175082595027e+00 
+4.1822452200914118e+00 +3.3333333333333331e-01 +1.3235729500977940e+00 

+4.1822452200914118e+00 +3.3333333333333331e-01 +1.3234894944425037e+00 
+4.1920626971338795e+00 +1.3333333333333333e+00 +1.3290952821226298e+00 
+4.2018801741763481e+00 +3.3333333333333331e-01 +1.3347010698027564e+00 

+4.2018801741763481e+00 +3.3333333333333331e-01 +1.3346177874329972e+00 
+4.2116976512188167e+00 +1.3333333333333333e+00 +1.3404736607555983e+00 
+4.2215151282612844e+00 +3.3333333333333331e-01 +1.3463295340781989e+00 

+4.2215151282612844e+00 +3.3333333333333331e-01 +1.3462466882693525e+00 
+4.2313326053037521e+00 +1.3333333333333333e+00 +1.3523516019307342e+00 
+4.2411500823462207e+00 +3.3333333333333331e-01 +1.3584565155921164e+00 

+4.2411500823462207e+00 +3.3333333333333331e-01 +1.3583743734085958e+00 
+4.2509675593886893e+00 +1.3333333333333333e+00 +1.3647264843870008e+00 
+4.2607850364311570e+00 +3.3333333333333331e-01 +1.3710785953654054e+00 

+4.2607850364311570e+00 +3.3333333333333331e-01 +1.3709974263898952e+00 
+4.2706025134736247e+00 +1.3333333333333333e+00 +1.3775940851124879e+00 
+4.2804199905160933e+00 +3.3333333333333331e-01 +1.3841907438350811e+00 

+4.2804199905160933e+00 +3.3333333333333331e-01 +1.3841108188716731e+00 
+4.2902374675585619e+00 +1.3333333333333333e+00 +1.3909485642478518e+00 
+4.3000549446010297e+00 +3.3333333333333331e-01 +1.3977863096240302e+00 

+4.3000549446010297e+00 +3.3333333333333331e-01 +1.3977078993827035e+00 
+4.3098724216434974e+00 +1.3333333333333333e+00 +1.4047824577671872e+00 
+4.3196898986859651e+00 +3.3333333333333331e-01 +1.4118570161516710e+00 

+4.3196898986859651e+00 +3.3333333333333331e-01 +1.4117803899216625e+00 
+4.3295073757284328e+00 +1.3333333333333333e+00 +1.4190866780482712e+00 
+4.3393248527709014e+00 +3.3333333333333331e-01 +1.4263929661748802e+00 

+4.3393248527709014e+00 +3.3333333333333331e-01 +1.4263183904946117e+00 
+4.3491423298133700e+00 +1.3333333333333333e+00 +1.4338505223987332e+00 
+4.3589598068558377e+00 +3.3333333333333331e-01 +1.4413826543028538e+00 

+4.3589598068558377e+00 +3.3333333333333331e-01 +1.4413103916340990e+00 
+4.3687772838983054e+00 +1.3333333333333333e+00 +1.4490616895588266e+00 
+4.3785947609407740e+00 +3.3333333333333331e-01 +1.4568129874835551e+00 

+4.3785947609407740e+00 +3.3333333333333331e-01 +1.4567432948975254e+00 
+4.3884122379832426e+00 +1.3333333333333333e+00 +1.4647063041553707e+00 
+4.3982297150257104e+00 +3.3333333333333331e-01 +1.4726693134132152e+00 

+4.3982297150257104e+00 +3.3333333333333331e-01 +1.4726024412962178e+00 
+4.4080471920681781e+00 +1.3333333333333333e+00 +1.4807689490353102e+00 
+4.4178646691106467e+00 +3.3333333333333331e-01 +1.4889354567744035e+00 

+4.4178646691106467e+00 +3.3333333333333331e-01 +1.4888716475605748e+00 
+4.4276821461531153e+00 +1.3333333333333333e+00 +1.4972327053616186e+00 
+4.4374996231955830e+00 +3.3333333333333331e-01 +1.5055937631626615e+00 

+4.4374996231955830e+00 +3.3333333333333331e-01 +1.5055332501011904e+00 
+4.4473171002380507e+00 +1.3333333333333333e+00 +1.5140792003090546e+00 
+4.4571345772805193e+00 +3.3333333333333331e-01 +1.5226251505169197e+00 

+4.4571345772805193e+00 +3.3333333333333331e-01 +1.5225681564809292e+00 
+4.4669520543229879e+00 +1.3333333333333333e+00 +1.5312886621530324e+00 
+4.4767695313654556e+00 +3.3333333333333331e-01 +1.5400091678251346e+00 

+4.4767695313654556e+00 +3.3333333333333331e-01 +1.5399559041692159e+00 
+4.4865870084079233e+00 +1.3333333333333333e+00 +1.5488399825016572e+00 
+4.4964044854503911e+00 +3.3333333333333331e-01 +1.5577240608340985e+00 

+4.4964044854503911e+00 +3.3333333333333331e-01 +1.5576747263071555e+00 
+4.5062219624928588e+00 +1.3333333333333333e+00 +1.5667107853792737e+00 
+4.5160394395353274e+00 +3.3333333333333331e-01 +1.5757468444513927e+00 

+4.5160394395353274e+00 +3.3333333333333331e-01 +1.5757016241711810e+00 
+4.5258569165777960e+00 +1.3333333333333333e+00 +1.5848775028297226e+00 
+4.5356743936202637e+00 +3.3333333333333331e-01 +1.5940533814882634e+00 

+4.5356743936202637e+00 +3.3333333333333331e-01 +1.5940124459836462e+00 
+4.5454918706627314e+00 +1.3333333333333333e+00 +1.6033154566693488e+00 
+4.5553093477052000e+00 +3.3333333333333331e-01 +1.6126184673550523e+00 

+4.5553093477052000e+00 +3.3333333333333331e-01 +1.6125819716815657e+00 
+4.5651268247476686e+00 +1.3333333333333333e+00 +1.6219989459837112e+00 
+4.5749443017901363e+00 +3.3333333333333331e-01 +1.6314159202858558e+00 

+4.5749443017901363e+00 +3.3333333333333331e-01 +1.6313840032198192e+00 
+4.5847617788326041e+00 +1.3333333333333333e+00 +1.6409013399282324e+00 
+4.5945792558750727e+00 +3.3333333333333331e-01 +1.6504186766366464e+00 

+4.5945792558750727e+00 +3.3333333333333331e-01 +1.6503914599525136e+00 
+4.6043967329175413e+00 +1.3333333333333333e+00 +1.6599951753618862e+00 
+4.6142142099600090e+00 +3.3333333333333331e-01 +1.6695988907712580e+00 

+4.6142142099600090e+00 +3.3333333333333331e-01 +1.6695764786064997e+00 
+4.6240316870024767e+00 +1.3333333333333333e+00 +1.6792522588145875e+00 
+4.6338491640449444e+00 +3.3333333333333331e-01 +1.6889280390226753e+00 

+4.6338491640449444e+00 +3.3333333333333331e-01 +1.6889105173338899e+00 
+4.6436666410874121e+00 +1.3333333333333333e+00 +1.6986437722634860e+00 
+4.6534841181298807e+00 +3.3333333333333331e-01 +1.7083770271930829e+00 

+4.6534841181298807e+00 +3.3333333333333331e-01 +1.7083644633065715e+00 
+4.6633015951723493e+00 +1.3333333333333333e+00 +1.7181403821709318e+00 
+4.6731190722148170e+00 +3.3333333333333331e-01 +1.7279163010352911e+00 

+4.6731190722148170e+00 +3.3333333333333331e-01 +1.7279087432947318e+00 
+4.6829365492572848e+00 +1.3333333333333333e+00 +1.7377123512176857e+00 
+4.6927540262997534e+00 +3.3333333333333331e-01 +1.7475159591406406e+00 

+4.6927540262997534e+00 +3.3333333333333331e-01 +1.7475134366539180e+00 
+4.7025715033422220e+00 +1.3333333333333333e+00 +1.7573296521490889e+00 
+4.7123889803846897e+00 +3.3333333333333331e-01 +1.7671458676442588e+00 

+4.7123889803846897e+00 +3.3333333333333331e-01 +1.7671483901309817e+00 
+4.7222064574271574e+00 +1.3333333333333333e+00 +1.7769620831394290e+00 
+4.7320239344696260e+00 +3.3333333333333331e-01 +1.7867757761478773e+00 

+4.7320239344696260e+00 +3.3333333333333331e-01 +1.7867833338884367e+00 
+4.7418414115120946e+00 +1.3333333333333333e+00 +1.7965793840708324e+00 
+4.7516588885545623e+00 +3.3333333333333331e-01 +1.8063754342532272e+00 

+4.7516588885545623e+00 +3.3333333333333331e-01 +1.8063879981397390e+00 
+4.7614763655970300e+00 +1.3333333333333333e+00 +1.8161513531175866e+00 
+4.7712938426394986e+00 +3.3333333333333331e-01 +1.8259147080954350e+00 

+4.7712938426394986e+00 +3.3333333333333331e-01 +1.8259322297842215e+00 
+4.7811113196819672e+00 +1.3333333333333333e+00 +1.8356479630250322e+00 
+4.7909287967244349e+00 +3.3333333333333331e-01 +1.8453636962658420e+00 

+4.7909287967244349e+00 +3.3333333333333331e-01 +1.8453861084306014e+00 
+4.8007462737669027e+00 +1.3333333333333333e+00 +1.8550394764739304e+00 
+4.8105637508093704e+00 +3.3333333333333331e-01 +1.8646928445172595e+00 

+4.8105637508093704e+00 +3.3333333333333331e-01 +1.8647200612013919e+00 
+4.8203812278518381e+00 +1.3333333333333333e+00 +1.8742965599266315e+00 
+4.8301987048943067e+00 +3.3333333333333331e-01 +1.8838730586518719e+00 

+4.8301987048943067e+00 +3.3333333333333331e-01 +1.8839049757179085e+00 
+4.8400161819367753e+00 +1.3333333333333333e+00 +1.8933903953602855e+00 
+4.8498336589792430e+00 +3.3333333333333331e-01 +1.9028758150026617e+00 

+4.8498336589792430e+00 +3.3333333333333331e-01 +1.9029123106761483e+00 
+4.8596511360217107e+00 +1.3333333333333333e+00 +1.9122927893048065e+00 
+4.8694686130641793e+00 +3.3333333333333331e-01 +1.9216732679334656e+00 

+4.8694686130641793e+00 +3.3333333333333331e-01 +1.9217142034380830e+00 
+4.8792860901066479e+00 +1.3333333333333333e+00 +1.9309762786191689e+00 
+4.8891035671491156e+00 +3.3333333333333331e-01 +1.9402383538002539e+00 

+4.8891035671491156e+00 +3.3333333333333331e-01 +1.9402835740804660e+00 
+4.8989210441915834e+00 +1.3333333333333333e+00 +1.9494142324587949e+00 
+4.9087385212340520e+00 +3.3333333333333331e-01 +1.9585448908371246e+00 

+4.9087385212340520e+00 +3.3333333333333331e-01 +1.9585942253640680e+00 
+4.9185559982765206e+00 +1.3333333333333333e+00 +1.9675809499092440e+00 
+4.9283734753189883e+00 +3.3333333333333331e-01 +1.9765676744544192e+00 

+4.9283734753189883e+00 +3.3333333333333331e-01 +1.9766209381103388e+00 
+4.9381909523614560e+00 +1.3333333333333333e+00 +1.9854517527868609e+00 
+4.9480084294039237e+00 +3.3333333333333331e-01 +1.9942825674633831e+00 

+4.9480084294039237e+00 +3.3333333333333331e-01 +1.9943395614993746e+00 
+4.9578259064463914e+00 +1.3333333333333333e+00 +2.0030030731354858e+00 
+4.9676433834888600e+00 +3.3333333333333331e-01 +2.0116665847715978e+00 

+4.9676433834888600e+00 +3.3333333333333331e-01 +2.0117270978330697e+00 
+4.9774608605313286e+00 +1.3333333333333333e+00 +2.0202125349794633e+00 
+4.9872783375737963e+00 +3.3333333333333331e-01 +2.0286979721258560e+00 

+4.9872783375737963e+00 +3.3333333333333331e-01 +2.0287617813396852e+00 
+4.9970958146162641e+00 +1.3333333333333333e+00 +2.0370590299268994e+00 
+5.0069132916587327e+00 +3.3333333333333331e-01 +2.0453562785141144e+00 

+5.0069132916587327e+00 +3.3333333333333331e-01 +2.0454231506311125e+00 
+5.0167307687012013e+00 +1.3333333333333333e+00 +2.0535227862532079e+00 
+5.0265482457436690e+00 +3.3333333333333331e-01 +2.0616224218753025e+00 

+5.0265482457436690e+00 +3.3333333333333331e-01 +2.0616921144613323e+00 
+5.0363657227861367e+00 +1.3333333333333333e+00 +2.0695854311331474e+00 
+5.0461831998286053e+00 +3.3333333333333331e-01 +2.0774787478049634e+00 

+5.0461831998286053e+00 +3.3333333333333331e-01 +2.0775510104737185e+00 
+5.0560006768710739e+00 +1.3333333333333333e+00 +2.0852300457296917e+00 
+5.0658181539135416e+00 +3.3333333333333331e-01 +2.0929090809856641e+00 

+5.0658181539135416e+00 +3.3333333333333331e-01 +2.0929836566659330e+00 
+5.0756356309560093e+00 +1.3333333333333333e+00 +2.1004412128897849e+00 
+5.0854531079984779e+00 +3.3333333333333331e-01 +2.1078987691136377e+00 

+5.0854531079984779e+00 +3.3333333333333331e-01 +2.1079753953436464e+00 
+5.0952705850409465e+00 +1.3333333333333333e+00 +2.1152050572402468e+00 
+5.1050880620834143e+00 +3.3333333333333331e-01 +2.1224347191368462e+00 

+5.1050880620834143e+00 +3.3333333333333331e-01 +2.1225131293781740e+00 
+5.1149055391258820e+00 +1.3333333333333333e+00 +2.1295092775213309e+00 
+5.1247230161683497e+00 +3.3333333333333331e-01 +2.1365054256644878e+00 

+5.1247230161683497e+00 +3.3333333333333331e-01 +2.1365853506278971e+00 
+5.1345404932108174e+00 +1.3333333333333333e+00 +2.1433431710406663e+00 
+5.1443579702532860e+00 +3.3333333333333331e-01 +2.1501009914534364e+00 

+5.1443579702532860e+00 +3.3333333333333331e-01 +2.1501821604289466e+00 
+5.1541754472957546e+00 +1.3333333333333333e+00 +2.1566976501760302e+00 
+5.1639929243382223e+00 +3.3333333333333331e-01 +2.1632131399231129e+00 

+5.1639929243382223e+00 +3.3333333333333331e-01 +2.1632952821066329e+00 
+5.1738104013806900e+00 +1.3333333333333333e+00 +2.1695652509015169e+00 
+5.1836278784231586e+00 +3.3333333333333331e-01 +2.1758352196964017e+00 

+5.1836278784231586e+00 +3.3333333333333331e-01 +2.1759180655052477e+00 
+5.1934453554656272e+00 +1.3333333333333333e+00 +2.1819401333577835e+00 
+5.2032628325080950e+00 +3.3333333333333331e-01 +2.1879622012103184e+00 

+5.2032628325080950e+00 +3.3333333333333331e-01 +2.1880454835800789e+00 
+5.2130803095505627e+00 +1.3333333333333333e+00 +2.1938180745329197e+00 
+5.2228977865930313e+00 +3.3333333333333331e-01 +2.1995906654857613e+00 

+5.2228977865930313e+00 +3.3333333333333331e-01 +2.1996741211410522e+00 
+5.2327152636354999e+00 +1.3333333333333333e+00 +2.2051964531658879e+00 
+5.2425327406779676e+00 +3.3333333333333331e-01 +2.2107187851907226e+00 

+5.2425327406779676e+00 +3.3333333333333331e-01 +2.2108021558826039e+00 
+5.2523502177204353e+00 +1.3333333333333333e+00 +2.2160742270290150e+00 
+5.2621676947629030e+00 +3.3333333333333331e-01 +2.2213462981754262e+00 

+5.2621676947629030e+00 +3.3333333333333331e-01 +2.2214293318784146e+00 
+5.2719851718053707e+00 +1.3333333333333333e+00 +2.2264519027895582e+00 
+5.2818026488478393e+00 +3.3333333333333331e-01 +2.2314744737007026e+00 

+5.2818026488478393e+00 +3.3333333333333331e-01 +2.2315569257626424e+00 
+5.2916201258903079e+00 +1.3333333333333333e+00 +2.2363314986925324e+00 
+5.3014376029327757e+00 +3.3333333333333331e-01 +2.2411060716224225e+00 

+5.3014376029327757e+00 +3.3333333333333331e-01 +2.2411877058607157e+00 
+5.3112550799752434e+00 +1.3333333333333333e+00 +2.2457165003475859e+00 
+5.3210725570177120e+00 +3.3333333333333331e-01 +2.2502452948344560e+00 

+5.3210725570177120e+00 +3.3333333333333331e-01 +2.2503258845725589e+00 
+5.3308900340601806e+00 +1.3333333333333333e+00 +2.2546118099415238e+00 
+5.3407075111026483e+00 +3.3333333333333331e-01 +2.2588977353104887e+00 

+5.3407075111026483e+00 +3.3333333333333331e-01 +2.2589770643489069e+00 
+5.3505249881451160e+00 +1.3333333333333333e+00 +2.2630236892347484e+00 
+5.3603424651875846e+00 +3.3333333333333331e-01 +2.2670703141205899e+00 

+5.3603424651875846e+00 +3.3333333333333331e-01 +2.2671481776370648e+00 
+5.3701599422300532e+00 +1.3333333333333333e+00 +2.2709596967343786e+00 
+5.3799774192725209e+00 +3.3333333333333331e-01 +2.2747712158316924e+00 

+5.3799774192725209e+00 +3.3333333333333331e-01 +2.2748474212056689e+00 
+5.3897948963149886e+00 +1.3333333333333333e+00 +2.2784286194687202e+00 
+5.3996123733574573e+00 +3.3333333333333331e-01 +2.2820098177317716e+00 

+5.3996123733574573e+00 +3.3333333333333331e-01 +2.2820841852887739e+00 
+5.4094298503999259e+00 +1.3333333333333333e+00 +2.2854403998170931e+00 
+5.4192473274423936e+00 +3.3333333333333331e-01 +2.2887966143454124e+00 

+5.4192473274423936e+00 +3.3333333333333331e-01 +2.2888689780173928e+00 
+5.4290648044848613e+00 +1.3333333333333333e+00 +2.2920060578753931e+00 
+5.4388822815273290e+00 +3.3333333333333331e-01 +2.2951431377333935e+00 

+5.4388822815273290e+00 +3.3333333333333331e-01 +2.2952133456316846e+00 
+5.4486997585697967e+00 +1.3333333333333333e+00 +2.2981376098612416e+00 
+5.4585172356122653e+00 +3.3333333333333331e-01 +2.3010618740907987e+00 

+5.4585172356122653e+00 +3.3333333333333331e-01 +2.3011297889888382e+00 
+5.4683347126547339e+00 +1.3333333333333333e+00 +2.3038479830828260e+00 
+5.4781521896972016e+00 +3.3333333333333331e-01 +2.3065661771768138e+00 

+5.4781521896972016e+00 +3.3333333333333331e-01 +2.3066316769003512e+00 
+5.4879696667396693e+00 +1.3333333333333333e+00 +2.3091509280125497e+00 
+5.4977871437821380e+00 +3.3333333333333331e-01 +2.3116701791247483e+00 

+5.4977871437821380e+00 +3.3333333333333331e-01 +2.3117331568478452e+00 
+5.5076046208246066e+00 +1.3333333333333333e+00 +2.3140609280202855e+00 
+5.5174220978670743e+00 +3.3333333333333331e-01 +2.3163886991927258e+00 

+5.5174220978670743e+00 +3.3333333333333331e-01 +2.3164490636384114e+00 
+5.5272395749095420e+00 +1.3333333333333333e+00 +2.3185931073312003e+00 
+5.5370570519520106e+00 +3.3333333333333331e-01 +2.3207371510239891e+00 

+5.5370570519520106e+00 +3.3333333333333331e-01 +2.3207948265690619e+00 
+5.5468745289944792e+00 +1.3333333333333333e+00 +2.3227631377798827e+00 
+5.5566920060369469e+00 +3.3333333333333331e-01 +2.3247314489907036e+00 

+5.5566920060369469e+00 +3.3333333333333331e-01 +2.3247863756747278e+00 
+5.5665094830794146e+00 +1.3333333333333333e+00 +2.3265871449356488e+00 
+5.5763269601218823e+00 +3.3333333333333331e-01 +2.3283879141965698e+00 

+5.5763269601218823e+00 +3.3333333333333331e-01 +2.3284400476357079e+00 
+5.5861444371643501e+00 +1.3333333333333333e+00 +2.3300816141735572e+00 
+5.5959619142068187e+00 +3.3333333333333331e-01 +2.3317231807114065e+00 

+5.5959619142068187e+00 +3.3333333333333331e-01 +2.3317724919183385e+00 
+5.6057793912492873e+00 +1.3333333333333333e+00 +2.3332632972617864e+00 
+5.6155968682917550e+00 +3.3333333333333331e-01 +2.3347541026052343e+00 

+5.6155968682917550e+00 +3.3333333333333331e-01 +2.3348005777169685e+00 
+5.6254143453342227e+00 +1.3333333333333333e+00 +2.3361491200285980e+00 
+5.6352318223766913e+00 +3.3333333333333331e-01 +2.3374976623402275e+00 

+5.6352318223766913e+00 +3.3333333333333331e-01 +2.3375413022561640e+00 
+5.6450492994191599e+00 +1.3333333333333333e+00 +2.3387560916612697e+00 
+5.6548667764616276e+00 +3.3333333333333331e-01 +2.3399708810663755e+00 

+5.6548667764616276e+00 +3.3333333333333331e-01 +2.3400117009995602e+00 
+5.6646842535040953e+00 +1.3333333333333333e+00 +2.3411012161751610e+00 
+5.6745017305465639e+00 +3.3333333333333331e-01 +2.3421907313507617e+00 

+5.6745017305465639e+00 +3.3333333333333331e-01 +2.3422287602957739e+00 
+5.6843192075890325e+00 +1.3333333333333333e+00 +2.3432014065735305e+00 
+5.6941366846315002e+00 +3.3333333333333331e-01 +2.3441740528512871e+00 

+5.6941366846315002e+00 +3.3333333333333331e-01 +2.3442093329727163e+00 
+5.7039541616739680e+00 +1.3333333333333333e+00 +2.3450734021980617e+00 
+5.7137716387164366e+00 +3.3333333333333331e-01 +2.3459374714234071e+00 

+5.7137716387164366e+00 +3.3333333333333331e-01 +2.3459700573693563e+00 
+5.7235891157589052e+00 +1.3333333333333333e+00 +2.3467336897463040e+00 
+5.7334065928013729e+00 +3.3333333333333331e-01 +2.3474973221232518e+00 

+5.7334065928013729e+00 +3.3333333333333331e-01 +2.3475272802687610e+00 
+5.7432240698438406e+00 +1.3333333333333333e+00 +2.3481984284056439e+00 
+5.7530415468863083e+00 +3.3333333333333331e-01 +2.3488695765425267e+00 

+5.7530415468863083e+00 +3.3333333333333331e-01 +2.3488969841682232e+00 
+5.7628590239287760e+00 +1.3333333333333333e+00 +2.3494833795240804e+00 
+5.7726765009712446e+00 +3.3333333333333331e-01 +2.3500697748799375e+00 

+5.7726765009712446e+00 +3.3333333333333331e-01 +2.3500947192916204e+00 
+5.7824939780137132e+00 +1.3333333333333333e+00 +2.3506038412062429e+00 
+5.7923114550561809e+00 +3.3333333333333331e-01 +2.3511129631208654e+00 

+5.7923114550561809e+00 +3.3333333333333331e-01 +2.3511355407160641e+00 
+5.8021289320986487e+00 +1.3333333333333333e+00 +2.3515745881888885e+00 
+5.8119464091411173e+00 +3.3333333333333331e-01 +2.3520136356617130e+00 

+5.8119464091411173e+00 +3.3333333333333331e-01 +2.3520339509495933e+00 
+5.8217638861835859e+00 +1.3333333333333333e+00 +2.3524098173138546e+00 
+5.8315813632260536e+00 +3.3333333333333331e-01 +2.3527856836781158e+00 

+5.8315813632260536e+00 +3.3333333333333331e-01 +2.3528038482593634e+00 
+5.8413988402685213e+00 +1.3333333333333333e+00 +2.3531230988782563e+00 
+5.8512163173109899e+00 +3.3333333333333331e-01 +2.3534423494971493e+00 

+5.8512163173109899e+00 +3.3333333333333331e-01 +2.3534584810107151e+00 
+5.8610337943534585e+00 +1.3333333333333333e+00 +2.3537273341019356e+00 
+5.8708512713959262e+00 +3.3333333333333331e-01 +2.3539961871931561e+00 

+5.8708512713959262e+00 +3.3333333333333331e-01 +2.3540104082368929e+00 
+5.8806687484383939e+00 +1.3333333333333333e+00 +2.3542347189109418e+00 
+5.8904862254808616e+00 +3.3333333333333331e-01 +2.3544590295849908e+00 

+5.8904862254808616e+00 +3.3333333333333331e-01 +2.3544714666174098e+00 
+5.9003037025233294e+00 +1.3333333333333333e+00 +2.3546567141935597e+00 
+5.9101211795657980e+00 +3.3333333333333331e-01 +2.3548419617697096e+00 

+5.9101211795657980e+00 +3.3333333333333331e-01 +2.3548527440001363e+00 
+5.9199386566082666e+00 +1.3333333333333333e+00 +2.3550040226421607e+00 
+5.9297561336507343e+00 +3.3333333333333331e-01 +2.3551553012841850e+00 

+5.9297561336507343e+00 +3.3333333333333331e-01 +2.3551645595586792e+00 
+5.9395736106932020e+00 +1.3333333333333333e+00 +2.3552865722504288e+00 
+5.9493910877356706e+00 +3.3333333333333331e-01 +2.3554085849421784e+00 

+5.9493910877356706e+00 +3.3333333333333331e-01 +2.3554164506325681e+00 
+5.9592085647781392e+00 +1.3333333333333333e+00 +2.3555135064913997e+00 
+5.9690260418206069e+00 +3.3333333333333331e-01 +2.3556105623502313e+00 

+5.9690260418206069e+00 +3.3333333333333331e-01 +2.3556171662535816e+00 
+5.9788435188630746e+00 +1.3333333333333333e+00 +2.3556931811576325e+00 
+5.9886609959055432e+00 +3.3333333333333331e-01 +2.3557691960616833e+00 

+5.9886609959055432e+00 +3.3333333333333331e-01 +2.3557746673174349e+00 
+5.9984784729480118e+00 +1.3333333333333333e+00 +2.3558331678009470e+00 
+6.0082959499904796e+00 +3.3333333333333331e-01 +2.3558916682844591e+00 

+6.0082959499904796e+00 +3.3333333333333331e-01 +2.3558961333163375e+00 
+6.0181134270329473e+00 +1.3333333333333333e+00 +2.3559402636657847e+00 
+6.0279309040754159e+00 +3.3333333333333331e-01 +2.3559843940152319e+00 

+6.0279309040754159e+00 +3.3333333333333331e-01 +2.3559879755048514e+00 
+6.0377483811178845e+00 +1.3333333333333333e+00 +2.3560205079676479e+00 
+6.0475658581603522e+00 +3.3333333333333331e-01 +2.3560530404304445e+00 

+6.0475658581603522e+00 +3.3333333333333331e-01 +2.3560558563293239e+00 
+6.0573833352028199e+00 +1.3333333333333333e+00 +2.3560792043265431e+00 
+6.0672008122452876e+00 +3.3333333333333331e-01 +2.3561025523237622e+00 

+6.0672008122452876e+00 +3.3333333333333331e-01 +2.3561047149101966e+00 
+6.0770182892877553e+00 +1.3333333333333333e+00 +2.3561209491251152e+00 
+6.0868357663302239e+00 +3.3333333333333331e-01 +2.3561371833400337e+00 

+6.0868357663302239e+00 +3.3333333333333331e-01 +2.3561387983269642e+00 
+6.0966532433726925e+00 +1.3333333333333333e+00 +2.3561496655224867e+00 
+6.1064707204151603e+00 +3.3333333333333331e-01 +2.3561605327180093e+00 

+6.1064707204151603e+00 +3.3333333333333331e-01 +2.3561616984177096e+00 
+6.1162881974576280e+00 +1.3333333333333333e+00 +2.3561686428179587e+00 
+6.1261056745000966e+00 +3.3333333333333331e-01 +2.3561755872182077e+00 

+6.1261056745000966e+00 +3.3333333333333331e-01 +2.3561763937692120e+00 
+6.1359231515425652e+00 +1.3333333333333333e+00 +2.3561805808238865e+00 
+6.1457406285850329e+00 +3.3333333333333331e-01 +2.3561847678785610e+00 

+6.1457406285850329e+00 +3.3333333333333331e-01 +2.3561852965398589e+00 
+6.1555581056275006e+00 +1.3333333333333333e+00 +2.3561876388744709e+00 
+6.1653755826699692e+00 +3.3333333333333331e-01 +2.3561899812090830e+00 

+6.1653755826699692e+00 +3.3333333333333331e-01 +2.3561903037261707e+00 
+6.1751930597124378e+00 +1.3333333333333333e+00 +2.3561914890670730e+00 
+6.1850105367549055e+00 +3.3333333333333331e-01 +2.3561926744079753e+00 

+6.1850105367549055e+00 +3.3333333333333331e-01 +2.3561928524548685e+00 
+6.1948280137973732e+00 +1.3333333333333333e+00 +2.3561933733051807e+00 
+6.2046454908398410e+00 +3.3333333333333331e-01 +2.3561938941554930e+00 

+6.2046454908398410e+00 +3.3333333333333331e-01 +2.3561939788563215e+00 
+6.2144629678823087e+00 +1.3333333333333333e+00 +2.3561941636874888e+00 
+6.2242804449247773e+00 +3.3333333333333331e-01 +2.3561943485186561e+00 

+6.2242804449247773e+00 +3.3333333333333331e-01 +2.3561943800519467e+00 
+6.2340979219672459e+00 +1.3333333333333333e+00 +2.3561944257658496e+00 
+6.2439153990097136e+00 +3.3333333333333331e-01 +2.3561944714797525e+00 

+6.2439153990097136e+00 +3.3333333333333331e-01 +2.3561944787679558e+00 
+6.2537328760521813e+00 +1.3333333333333333e+00 +2.3561944841762577e+00 
+6.2635503530946499e+00 +3.3333333333333331e-01 +2.3561944895845595e+00 

+6.2635503530946499e+00 +3.3333333333333331e-01 +2.3561944900708363e+00 
+6.2733678301371185e+00 +1.3333333333333333e+00 +2.3561944901316574e+00 
+6.2831853071795862e+00 +3.3333333333333331e-01 +2.3561944901924785e+00 


